#time bytes-send
11.0412 455
11.3072 410
11.5386 596
11.7975 581
12.8373 386
13.3843 486
13.4542 524
13.613 551
13.6446 343
13.9995 626
14.0242 507
14.1688 435
14.2228 356
14.5935 390
14.716 522
14.9383 596
15.0224 424
15.1336 517
15.2357 339
15.3842 339
15.6927 567
16.3347 636
16.8361 337
16.9009 381
16.9159 555
17.0656 632
17.3594 436
17.6037 569
17.9657 487
18.1051 493
18.4806 471
18.5378 450
18.6238 522
18.8105 340
18.8759 428
19.0186 517
19.1082 489
19.1479 363
19.6935 41
19.6971 41
19.6976 41
19.7023 41
19.7121 41
19.7151 41
19.7183 41
19.7281 41
19.7481 572
19.7553 41
19.9819 633
20.1777 560
20.5449 504
20.9756 589
21.2059 634
21.2292 388
21.5948 463
21.7432 476
21.7545 588
22.0878 404
22.7318 526
22.7511 545
22.8032 441
22.8659 369
23.2246 490
23.7115 591
24.0499 544
24.1069 610
24.1946 542
24.2093 497
24.2305 475
24.3058 603
24.6039 636
24.7875 416
24.8354 439
25.0369 575
25.0607 422
25.0889 418
25.4629 466
25.5458 458
25.8836 350
26.0516 442
26.0816 504
26.3388 357
26.4457 618
26.8564 570
27.032 397
27.095 514
27.3654 460
27.719 476
27.8337 384
27.9666 614
28.9003 534
28.9847 365
29.0629 636
29.6475 501
29.8615 580
30.3465 533
30.4837 500
30.6557 578
30.8472 492
30.8652 468
31.2606 341
31.5216 526
31.8282 348
31.9215 372
32.0562 494
32.1159 513
32.1354 509
32.3196 466
32.408 343
32.9821 433
33.5354 563
33.8744 435
33.9632 492
34.2741 611
34.4954 434
34.7791 398
34.7903 522
34.9032 475
35.1375 417
35.7675 373
35.7938 535
35.8742 540
36.1039 527
36.156 583
36.3403 401
36.342 536
36.3773 634
36.3973 352
36.5317 412
36.7324 557
36.7861 450
37.1333 465
37.5555 587
37.6405 539
37.8884 578
38.0652 360
38.2789 553
38.4909 560
38.6052 485
38.7094 554
39.0364 477
39.3805 418
39.391 489
39.6398 586
39.7016 480
39.8444 563
41.2051 588
41.2426 557
41.2571 430
41.2702 498
41.6933 616
41.9763 598
42.4463 554
42.5445 507
42.7305 494
42.7937 475
42.8234 383
43.189 500
43.3768 552
43.7131 613
43.7504 365
44.0343 455
44.176 469
44.7044 439
44.7176 384
44.7543 364
45.0797 602
45.4979 460
45.6212 427
45.6523 632
45.7511 576
46.1749 566
46.2234 411
46.3328 517
46.4316 526
46.9914 375
47.1281 503
47.1374 553
47.1795 428
47.417 471
47.5603 359
47.8131 473
47.8694 396
47.9164 636
47.9582 611
48.2516 465
48.3161 394
48.5053 403
48.5162 438
48.6848 441
48.7316 626
48.7332 420
49.0133 431
49.0254 360
49.0968 347
49.1228 570
49.1487 338
49.3547 433
49.8052 624
49.9711 434
50.1674 602
50.1684 527
50.7131 523
50.7438 628
50.8183 625
50.9546 496
51.0982 345
51.3134 446
51.805 441
52.2889 462
52.8072 527
52.9202 615
52.9296 402
53.9498 573
54.4773 471
54.516 378
54.763 358
55.3789 503
55.4529 579
55.6649 376
55.8816 602
56.1039 530
56.2398 462
56.4666 581
56.6866 466
57.6813 513
57.9398 450
58.0272 403
58.0466 496
58.1737 432
58.3194 392
58.956 578
59.1431 631
59.1811 447
59.2778 553
60.4497 529
61.0638 399
61.5125 392
61.6168 577
61.9862 572
62.246 424
62.2543 549
62.2757 530
62.6714 412
62.9753 385
63.018 385
63.5774 367
63.6611 603
63.7505 509
63.8299 494
63.9958 498
64.4849 393
64.5036 626
64.6728 424
64.8053 536
64.9199 402
64.9599 481
65.0935 434
65.4441 546
65.5287 349
66.1931 519
66.8906 343
67.0286 519
67.0626 386
67.4491 516
67.5167 444
67.5895 396
67.7869 351
68.1208 571
68.3183 391
68.4295 465
68.4604 373
68.8906 414
68.9641 425
69.5067 542
70.1792 479
70.4448 458
71.0336 422
71.2009 356
71.5777 433
71.9739 468
72.1383 405
72.3525 631
72.6618 531
72.832 486
72.85 401
73.1016 518
73.1051 624
73.2908 407
73.384 619
73.8154 406
74.0587 404
74.1932 527
74.2697 612
74.4826 402
75.2795 396
75.283 371
75.3474 441
75.4081 596
75.9599 596
76.0008 625
76.019 563
76.0356 518
76.0407 449
76.4157 606
77.1787 442
77.2928 477
77.7521 551
78.2905 559
78.3654 529
78.4244 458
78.4427 549
78.5724 405
78.6405 519
78.662 390
79.2393 578
79.3608 475
79.5665 562
79.628 455
79.8546 609
80.1281 580
80.1955 534
80.6004 444
80.6851 473
81.1475 397
81.9932 530
82.0741 342
82.208 368
82.2225 547
82.282 401
82.4421 534
82.4846 355
82.7807 464
82.909 576
83.6328 401
83.8884 365
84.0655 489
84.1051 534
84.2746 494
84.3068 454
84.4205 449
84.9023 532
84.9313 622
85.6652 493
85.9093 510
86.0046 563
86.0055 563
86.0094 563
86.0348 563
86.0694 563
86.0733 563
86.0799 563
86.0981 563
86.1082 503
86.4936 569
86.775 481
86.8551 346
87.2821 472
87.3789 586
87.6543 398
87.7738 602
87.8225 480
87.9009 374
87.9689 545
88.0383 541
88.5929 582
88.6378 541
88.703 343
88.725 364
89.1784 541
89.3312 608
89.409 526
89.5438 565
91.7411 483
91.7486 517
91.9131 488
92.0259 523
92.1521 345
92.2521 517
92.3657 504
92.4175 547
92.6004 549
93.5604 586
93.9767 632
94.722 353
94.8735 472
95.4947 613
95.5963 396
95.6712 403
95.6819 408
95.732 612
95.9921 432
97.2237 546
98.7445 418
101.548 406
101.661 560
102.574 350
102.835 363
102.999 403
103.128 461
103.138 582
103.247 523
103.352 560
103.461 504
104.562 482
106.022 339
108.759 606
108.872 619
108.977 540
110.153 446
110.337 579
111.204 384
111.655 378
112.235 526
112.428 436
113.019 582
113.172 573
113.734 437
114.005 422
114.72 633
115.136 476
115.156 633
115.646 603
115.896 534
116.567 513
116.57 432
116.812 433
117.864 532
120.187 527
120.546 449
120.98 365
121.259 633
121.293 492
121.505 467
122.312 383
122.464 550
122.51 498
123.917 370
124.423 475
124.48 427
124.704 526
124.9 575
124.969 410
125.476 575
127.087 572
127.233 576
128.131 514
130.033 553
131.046 479
131.079 514
131.09 507
131.246 600
131.299 393
131.744 469
132.492 349
132.563 339
132.79 388
133.033 356
133.357 497
133.413 426
134.097 347
134.139 337
135.362 468
135.377 579
137.249 515
137.383 474
137.425 393
137.637 548
137.943 616
138.146 539
139.191 358
139.283 519
139.792 595
142.649 626
142.807 431
144.584 493
144.647 397
145.361 458
145.891 526
148.782 586
149.371 582
149.469 368
149.68 503
149.73 380
150.144 441
151.703 605
151.837 381
151.842 601
152.851 353
153.248 383
153.296 590
156.056 522
157.101 413
157.339 409
157.635 498
158.361 582
158.654 529
158.836 636
158.924 435
159.685 426
159.77 388
160.699 550
160.837 464
160.892 529
161.182 574
161.496 399
161.548 561
162.017 371
162.493 494
163.088 401
163.258 364
164.972 596
165.278 395
165.54 473
165.546 563
166.005 529
166.006 339
166.008 529
166.01 339
166.926 581
167.707 529
168.556 400
168.913 549
168.935 415
169.116 503
169.119 461
169.639 369
169.656 585
169.942 491
170.319 557
170.957 588
171.302 342
172.195 598
174.016 577
176.006 529
176.008 339
176.017 529
176.017 339
176.021 529
176.022 339
176.866 502
176.971 409
178.493 431
180.396 440
183.125 470
183.854 575
185.112 337
185.387 377
186.76 468
188.584 523
189.978 371
190.464 565
192.537 494
193.054 356
193.635 463
194.098 455
194.621 368
195.11 341
195.215 472
195.538 474
195.761 583
197.027 530
197.502 608
199.407 395
200.248 428
202.021 531
202.083 527
202.182 356
202.845 506
203.726 345
205.061 502
205.364 577
206.822 397
208.122 552
208.298 442
208.607 407
208.979 452
209.793 533
210.506 456
210.765 436
211.85 612
211.896 581
212.167 491
212.847 600
213.495 379
213.614 584
213.922 472
214.457 500
214.796 458
214.925 486
215.424 337
215.429 345
215.434 491
215.469 483
216.007 428
216.046 447
216.47 520
218.291 455
218.386 418
219.542 634
219.985 502
220.806 370
221.016 519
221.418 539
222.085 435
222.482 349
223.097 465
223.945 359
224.456 525
225.282 458
225.672 342
226.517 440
226.861 487
226.88 545
228.136 612
228.602 473
228.788 342
229.586 436
230.728 565
230.93 524
231.354 507
231.368 482
231.802 636
232.196 371
232.792 456
233.115 481
233.409 635
235.033 613
235.695 394
236.571 636
236.653 503
237.134 559
237.988 512
238.999 400
239.208 475
239.21 609
239.445 464
240.18 518
241.488 484
241.53 564
241.618 422
242.816 600
244.319 583
244.37 408
245.23 368
246.008 539
246.009 530
246.01 539
246.011 590
246.012 530
246.014 590
246.023 539
246.54 523
246.632 428
246.678 577
246.862 463
246.937 563
247.702 611
247.712 409
248.325 439
249.169 541
249.543 399
249.846 635
250.53 430
250.795 629
251.016 364
251.04 512
251.098 633
252.331 396
254.028 594
254.188 557
254.363 368
255.464 592
255.95 583
259.175 507
260.244 551
260.706 631
260.845 537
261.104 592
262.544 588
263.747 578
263.969 562
263.998 501
265.906 561
266.24 636
267.2 461
268.919 348
269.498 405
272.145 586
273.986 405
274.073 550
274.65 380
275.132 384
276.193 418
276.628 428
277.46 467
277.614 403
277.876 582
278.591 412
280.811 538
281.961 374
282.643 590
283.193 402
283.748 500
283.992 539
284.671 536
285.208 447
287.341 407
288.219 469
288.841 491
290.576 565
290.987 612
292.296 488
292.391 467
292.513 374
292.61 510
292.623 557
295.543 343
295.847 530
296.212 635
296.739 447
297.681 437
298.172 497
299.717 598
299.825 449
299.956 525
301.006 551
301.078 525
302.527 561
303.217 340
304.415 524
305.283 358
306.89 359
307.97 505
308.146 351
308.394 468
308.759 573
309.083 590
309.127 367
310.091 613
310.386 622
311.382 575
311.668 573
311.901 385
312.809 504
314.141 631
314.698 435
315.04 364
315.368 440
316.209 480
316.531 444
317.012 414
317.349 632
317.645 344
317.792 594
317.802 525
317.879 382
318.182 347
319.055 365
319.06 506
319.514 541
319.737 367
320.582 587
321.162 547
321.509 527
322.943 589
323.487 365
324.627 348
326.776 610
327.339 348
327.566 494
328.169 497
328.19 408
329.296 541
329.368 561
329.389 390
329.676 537
330.072 559
331.812 524
332.321 505
333.187 554
333.317 502
334.129 424
334.182 390
334.509 594
334.641 344
336.167 497
336.263 588
336.544 387
337.502 571
338.458 412
338.672 586
338.971 539
339.697 507
339.886 579
340.787 382
341.17 404
343.044 436
343.507 538
344.384 452
345.311 534
345.5 446
347.705 398
348.665 357
350.607 596
351.206 353
351.787 388
352.01 419
352.664 354
352.681 562
353.845 569
354.517 556
354.687 471
354.819 523
355.875 611
356.952 616
357.527 626
357.546 361
357.811 364
358.124 503
358.878 465
361.208 422
361.836 368
362.544 356
364.326 615
365.431 457
365.901 547
365.984 348
366.995 386
367.157 361
367.783 541
367.943 604
368.51 433
368.988 447
369.624 547
369.78 616
370.217 457
370.689 455
370.985 626
371.061 412
371.507 565
371.747 436
372.007 399
372.349 543
373.109 568
373.503 563
375.257 595
375.873 570
376.427 547
376.985 631
377.803 543
377.834 338
378.833 531
378.86 532
379.26 382
379.594 507
380.023 386
380.165 391
380.437 362
380.875 498
381.481 481
382.427 379
383.079 488
383.465 490
383.632 475
383.798 353
384.67 566
385.932 414
385.997 392
386.228 459
387.636 394
390.564 578
390.872 523
391.008 466
391.799 353
392.318 560
392.856 543
393.399 406
394.319 580
395.738 409
396.05 481
397.429 566
399.237 441
399.816 337
400.369 339
401.431 364
401.745 358
402.217 634
403.312 600
403.379 476
404.807 400
404.818 459
404.836 579
404.972 510
405.019 576
408.985 631
409.5 460
410.008 575
410.424 470
410.927 574
410.929 478
412.847 424
413.207 514
413.837 385
414.708 491
414.832 400
414.979 459
415.196 395
415.759 548
416.362 451
416.607 411
416.824 372
416.938 337
416.986 453
417.619 525
417.855 450
418.028 607
418.989 490
420.338 623
420.555 476
420.683 610
421.007 396
422.123 495
422.259 634
422.585 538
422.908 627
422.965 471
424.316 592
424.454 479
424.895 381
425.104 634
425.658 415
425.76 613
425.863 387
426.492 343
426.773 588
427.394 540
427.555 359
427.83 353
427.899 478
430.828 535
430.978 427
431.085 358
431.879 441
432.142 506
433.787 492
435.648 555
437.087 361
438.681 451
439.598 394
439.624 501
439.783 354
440.94 434
441.634 374
441.88 424
442.034 562
442.819 356
442.923 451
443.217 526
443.558 619
444.092 496
444.686 358
444.896 418
445.696 427
446.481 604
447.99 616
448.755 539
448.86 497
449.243 632
450.706 360
452.603 635
452.895 378
453.464 408
454.75 566
457.337 406
457.86 499
457.944 479
458.078 502
458.826 605
461.399 474
461.894 476
462.658 364
462.78 424
463.258 378
463.7 482
464.121 388
465.708 592
466.016 355
466.338 563
466.692 400
468.038 469
468.257 480
468.597 525
468.604 346
469.089 480
470.101 565
470.302 629
471.541 567
471.942 538
472.678 512
472.777 540
472.823 467
474.93 443
475.529 400
476.06 542
476.501 588
477 470
477.63 473
478.084 624
478.169 420
478.828 339
479.841 507
480.383 583
480.712 412
480.856 466
482.297 615
482.62 351
483.094 566
483.894 563
484.303 493
484.666 391
485.657 353
486.215 628
486.579 571
488.546 526
489.51 383
489.984 503
490.003 406
490.553 553
490.756 432
491.688 512
492.193 610
492.856 401
494.239 634
494.873 451
496.493 425
497.304 535
497.484 401
497.608 560
498.431 579
499.538 416
499.669 497
500.191 359
500.612 545
500.73 553
501.194 387
501.484 469
501.496 583
501.64 590
502.188 463
502.426 592
503.143 610
503.373 390
506.259 342
506.931 343
506.974 355
507.26 606
508.989 535
509.045 633
509.749 440
510.893 344
511.5 624
511.646 612
511.765 428
512.136 451
513.425 463
513.499 510
513.695 422
513.941 397
514.14 475
514.337 352
514.353 518
514.773 602
515.985 347
516.036 609
516.093 416
516.353 355
516.424 441
516.577 527
516.966 512
517.161 361
517.459 620
517.536 363
517.78 557
517.839 587
518.46 355
518.698 497
518.799 475
518.875 409
519.019 573
519.243 506
519.277 595
519.638 367
519.722 396
519.834 452
519.875 416
519.92 525
519.947 497
520.266 629
520.318 568
520.763 377
521.68 569
522.032 426
522.366 567
522.448 430
522.909 397
523.22 403
524.051 558
524.098 441
524.198 410
524.262 431
524.896 353
525.039 546
525.072 563
525.123 389
525.142 343
525.409 570
525.444 361
525.565 395
525.82 570
526.144 377
526.267 556
526.275 445
526.84 434
527.059 583
527.142 577
527.246 395
527.314 497
527.412 567
527.675 423
527.989 383
528.449 420
528.533 631
528.731 466
528.807 400
528.858 592
529.169 568
529.781 381
529.887 352
530.105 584
530.994 514
531.137 337
531.295 496
531.398 359
531.46 443
531.478 574
531.663 349
532.15 515
532.243 435
532.292 494
532.352 471
532.556 352
532.575 451
532.746 501
532.931 381
532.946 531
533.015 602
533.209 481
533.236 549
533.345 531
533.94 608
535.127 463
535.669 447
535.818 588
536.378 380
536.503 432
536.526 540
536.637 340
536.938 522
537.254 378
538.228 595
538.477 518
538.622 457
538.689 411
538.893 609
539.209 508
539.464 479
539.571 512
539.739 503
540.259 586
540.311 454
540.347 398
541.138 570
541.276 610
541.542 625
541.715 373
541.789 583
542.505 410
543.332 548
543.596 636
544.245 628
544.316 457
544.571 516
544.848 586
544.968 380
545.053 580
545.366 577
545.404 547
545.558 509
545.649 378
545.962 466
546.227 599
546.658 506
546.79 444
547.018 595
547.11 603
547.396 473
547.615 627
548.135 599
548.194 440
548.629 597
548.853 466
549.239 451
550.584 545
550.7 516
550.857 556
550.903 515
550.956 380
551.173 636
551.26 613
551.417 392
551.489 469
552.141 448
552.357 416
552.446 539
552.799 620
552.882 584
552.989 374
553.171 403
553.486 555
553.784 497
554.261 389
555.015 565
555.292 353
555.821 483
556.099 591
556.247 380
556.328 537
556.405 339
556.488 514
556.844 476
556.897 457
556.955 425
557.031 347
557.322 509
557.34 492
557.476 561
557.503 534
557.972 446
558.213 439
558.335 499
558.441 401
558.463 535
558.485 407
558.605 554
558.61 485
558.645 460
558.864 538
558.913 389
559.496 384
559.62 566
559.691 611
559.707 623
559.882 346
560.096 399
560.425 622
560.554 577
560.581 629
560.626 622
560.841 422
560.928 616
560.998 610
561.069 429
561.076 483
561.217 636
561.47 380
561.534 561
561.623 607
561.996 633
562.052 618
562.579 600
563.045 442
563.097 442
563.315 545
563.644 389
563.648 348
563.826 523
563.992 352
564.238 453
564.503 542
564.559 564
564.831 488
564.926 585
565.279 589
565.608 554
565.686 455
565.734 577
565.815 565
566 607
566.213 391
566.412 400
566.419 530
566.695 576
567.232 513
567.377 341
567.493 520
567.688 397
567.738 564
567.823 340
567.9 481
568.303 467
568.596 556
568.741 630
569.114 432
569.436 581
569.51 599
569.644 482
569.973 498
571.436 394
571.472 477
571.484 504
571.56 574
571.883 500
571.918 353
571.933 376
572.513 461
573.077 524
573.274 430
573.288 585
573.461 606
573.561 515
573.635 572
573.766 406
573.97 462
573.984 524
574.061 439
574.493 529
574.579 432
574.617 526
574.828 344
575.281 574
575.601 362
575.678 468
576.305 364
576.356 348
576.375 587
576.415 489
576.592 494
576.932 543
576.96 502
577.539 352
577.694 632
577.91 396
577.957 411
578.233 359
578.424 583
578.673 380
578.712 470
578.991 529
579.042 618
579.47 562
579.744 567
580.242 386
580.322 624
580.516 583
580.633 505
580.701 568
580.94 630
581.179 356
581.252 415
581.258 492
581.275 611
581.727 410
581.735 610
581.768 511
581.871 388
582.346 395
582.405 555
582.545 525
582.915 348
583.293 435
583.558 603
583.975 630
584.013 364
584.159 422
585.037 614
585.164 456
585.18 344
585.205 530
585.412 536
585.471 592
585.552 360
585.683 493
585.695 591
585.78 440
585.787 403
585.83 346
586.154 469
586.222 583
586.504 574
586.835 452
587.612 513
587.774 555
588.029 405
588.141 353
588.347 571
588.38 456
588.41 383
588.665 342
588.934 337
589.053 606
589.52 479
589.545 625
589.563 498
589.996 533
590.152 459
590.211 416
590.368 626
590.659 617
590.71 538
592.024 491
592.055 573
592.077 566
592.667 503
592.77 393
592.789 573
592.821 458
593.329 458
593.51 517
593.983 435
594.066 536
594.18 459
594.225 628
594.282 588
594.747 531
595.084 412
595.189 600
595.225 385
595.234 557
595.374 542
596.012 435
596.024 435
596.026 431
596.034 416
596.04 431
596.042 435
596.043 416
596.049 431
596.051 416
596.112 435
596.144 431
596.166 431
596.172 416
596.176 435
596.183 431
596.188 416
596.209 573
596.244 431
596.547 580
596.581 427
596.675 391
596.685 481
598.372 443
598.685 596
599.008 373
599.165 604
599.19 422
599.199 490
599.439 518
599.581 616
599.828 609
