#time bytes-send
11.035 455
11.3126 410
11.8064 581
12.8286 386
12.9023 385
13.4651 524
13.487 474
13.6243 551
14.0049 626
14.0351 507
14.1749 435
14.5952 390
14.721 522
14.9393 596
15.0298 424
15.1398 517
15.2404 339
16.3405 636
16.8403 337
16.9055 381
16.9214 555
17.072 632
17.3639 436
17.6091 569
17.9617 487
18.1117 493
18.4915 471
18.5434 450
18.6301 522
18.8149 340
18.8809 428
19.1131 489
19.152 363
19.7132 9
19.7504 572
19.9872 633
20.1828 560
20.5517 504
20.9808 589
21.2135 634
21.2386 388
21.3815 624
21.5999 463
21.7494 476
21.7599 588
22.0943 404
22.7376 526
22.7562 545
22.8079 441
22.8713 369
23.2298 490
23.671 466
24.056 544
24.1134 610
24.2367 475
24.3108 603
24.6118 636
24.7932 416
25.0418 575
25.0665 422
25.0944 418
25.4676 466
25.5525 458
25.8891 350
26.0575 442
26.0925 504
26.3434 357
26.4533 618
26.862 570
27.042 397
27.3719 460
27.4679 339
27.7293 476
27.8392 384
28.9066 534
28.9895 365
29.0684 636
29.8666 580
30.3572 533
30.4902 500
30.661 578
30.8541 492
30.8668 383
30.8724 468
31.265 341
31.5268 526
31.8325 348
32.0614 494
32.1267 513
32.1414 509
32.296 635
32.3291 466
32.4123 343
32.992 433
33.5418 563
33.8802 435
33.9692 492
34.2803 611
34.5012 434
34.5934 543
34.7239 505
34.7851 398
34.7976 522
34.9094 475
35.1454 417
35.8089 373
35.8138 535
35.9069 540
36.1222 527
36.1841 583
36.3523 536
36.3541 401
36.3829 634
36.4016 352
36.5373 412
36.7471 557
36.809 450
37.1419 465
37.2103 610
37.2308 405
37.5605 587
37.8974 578
38.0757 360
38.2996 516
38.4965 560
38.6109 485
38.7198 554
39.3854 418
39.3961 489
39.6471 586
39.7061 480
39.8557 563
41.2103 588
41.255 557
41.2672 430
41.2766 498
41.7 616
41.9819 598
42.4513 554
42.5503 507
42.8005 475
42.8133 495
42.8297 383
43.194 500
43.3816 552
43.4353 598
43.7558 365
44.0406 455
44.1826 469
44.5605 593
44.7224 384
44.7588 364
45.084 602
45.1135 617
45.3017 496
45.5083 460
45.626 427
45.6581 632
45.7574 576
46.1814 566
46.2298 411
46.3403 517
46.4381 526
46.9959 375
47.1329 503
47.1484 553
47.186 428
47.4061 569
47.4229 471
47.5663 422
47.5679 359
47.8192 473
47.8755 396
47.9204 636
47.9655 611
48.2571 465
48.3215 394
48.51 403
48.5217 438
48.6948 441
48.714 626
48.7238 420
49.0182 431
49.03 360
49.1023 347
49.1294 570
49.1521 338
49.3622 433
49.8108 624
49.9758 434
50.1769 527
50.1797 602
50.7178 523
50.8246 625
50.9605 496
51.1036 345
51.3182 446
51.5629 539
51.8161 441
52.8278 527
52.9353 615
52.9511 402
53.9572 573
54.4819 471
54.5204 378
54.7674 358
55.3916 503
55.4649 579
55.67 376
55.8862 602
56.1101 530
56.2454 462
56.4731 581
56.6942 466
57.7085 513
57.9438 450
58.0319 403
58.1781 432
58.9624 578
59.1498 631
59.2188 447
59.3235 553
60.4615 529
61.0677 399
61.3623 410
61.6226 577
61.9964 572
62.2522 424
62.2665 549
62.2836 530
62.6761 412
62.9812 385
63.0242 385
63.5842 367
63.6655 603
63.7557 509
63.7707 367
63.8335 494
64.0064 498
64.4942 393
64.5156 626
64.6787 424
64.9257 402
64.9658 481
65.1019 434
65.4482 546
65.7713 347
65.7935 493
66.1993 519
67.0404 519
67.0686 386
67.4606 516
67.5204 444
68.1279 571
68.4356 465
68.8952 414
68.968 425
70.1835 479
70.449 458
71.0397 422
71.2078 356
71.5876 433
71.9843 468
72.3645 631
72.6721 531
72.8398 486
72.8572 401
73.1172 518
73.1217 624
73.3008 407
73.3945 619
73.8268 406
73.8602 522
74.0691 404
74.2032 527
74.2753 612
74.4933 402
75.261 582
75.2908 396
75.2942 371
75.3586 441
75.4198 596
76.0314 563
76.0594 518
76.0701 625
76.4226 606
77.1871 442
77.3052 477
77.7585 551
77.943 451
78.0163 386
78.3762 529
78.4302 458
78.4505 549
78.5795 405
78.7202 390
79.2801 578
79.4045 475
79.5747 562
79.6355 455
79.8598 609
80.6072 444
80.8576 375
81.5661 559
82.449 534
82.4909 355
83.8948 365
84.2753 388
84.3079 454
84.3209 494
84.4241 449
84.9156 532
84.9454 622
85.67 493
85.9149 510
86.0183 563
86.0305 563
86.0558 563
86.2227 563
86.3428 469
86.3457 563
86.3532 563
86.3551 563
86.3629 563
86.4375 429
86.7916 481
86.8618 346
87.2985 472
87.387 586
87.6673 398
87.7892 602
87.8356 480
87.9047 374
87.9825 545
88.0462 541
88.1161 472
88.6012 582
88.6366 541
88.7066 343
88.7326 364
89.1927 541
89.4276 526
89.5634 565
90.5529 529
90.7911 339
91.215 530
91.755 483
92.0796 626
92.1457 337
92.2805 517
92.3019 517
92.3087 488
92.3154 523
92.321 345
92.3744 504
92.443 390
92.4926 547
92.6133 549
92.6811 365
92.8782 474
93.2533 496
93.3804 539
93.5001 425
93.5695 586
93.9411 624
93.9552 395
94.2573 632
95.0432 353
95.0806 578
95.0985 472
95.5107 612
95.5434 408
95.7074 613
95.7439 396
95.7654 533
96.2169 507
97.314 546
97.6583 579
98.2124 517
98.4683 532
98.8206 418
99.124 498
99.2631 445
103.004 419
103.879 454
105.799 490
106.234 507
106.793 626
108.655 364
108.906 434
109.292 432
111.968 477
111.999 626
112.89 497
113.325 623
114.711 431
114.809 444
115.962 455
116.761 482
118.292 509
119.073 480
119.076 574
119.181 600
119.506 567
119.77 561
120.078 628
120.356 539
122.331 509
122.73 567
123.207 380
124.75 517
125.673 599
126.374 354
126.891 385
127.043 346
127.078 405
127.594 437
128.476 457
129.539 434
130.282 580
130.312 338
131.052 447
131.305 438
132.034 603
132.252 486
132.655 452
132.658 605
132.998 427
133.46 414
133.987 426
134.163 628
135.266 434
137.054 359
137.274 520
138.068 554
138.422 631
138.507 628
138.997 458
139.271 498
139.677 376
140.735 525
140.794 374
141.463 490
141.484 468
141.514 536
142.04 372
142.982 519
143.945 628
144.506 377
145.029 404
145.444 420
145.675 473
145.91 546
146.196 538
146.226 378
146.371 537
146.574 513
146.893 615
147.489 594
147.852 589
147.919 460
148.539 412
148.666 512
149.216 338
151.626 538
151.914 419
152.275 492
154.013 550
154.53 425
155.799 489
156.581 490
156.71 353
156.765 437
157.677 347
157.715 364
157.759 463
159.176 403
160.321 445
160.646 528
161.378 572
163.109 612
163.844 612
164.262 380
164.287 512
164.463 446
165.064 573
165.067 446
165.433 438
166.282 571
166.474 629
167.007 587
167.011 355
167.802 543
169.367 532
169.483 601
171.128 497
171.372 512
171.639 454
172.045 509
172.563 378
172.991 535
174.959 496
176.594 417
178.055 541
178.756 493
178.853 371
180.927 487
181.111 377
182.07 414
182.469 507
183.915 461
185.315 501
185.845 406
186.463 584
187.183 369
187.239 485
187.487 353
187.601 418
187.735 610
188.612 505
189.743 474
190.618 553
190.795 554
191.322 481
192.182 410
193.267 588
193.438 377
194.479 394
195.667 349
195.673 588
195.95 530
196.97 440
197.569 417
198.014 413
198.247 494
199.588 558
199.679 557
199.913 508
200.161 536
200.817 603
201.504 486
201.531 416
202.906 403
203.567 500
203.623 549
204.214 458
204.322 562
205.454 529
205.796 562
206.368 457
207.575 421
207.88 395
209.266 623
210.378 606
210.882 365
213.666 576
213.858 529
215.323 443
215.466 528
215.905 586
216.452 452
217.009 512
217.18 541
219.015 609
219.078 474
219.236 508
219.574 476
221.722 398
223.162 527
223.398 574
225.069 442
226.438 439
226.634 543
226.892 594
227.907 359
228.854 481
229.52 362
229.581 475
231.267 526
233.204 395
233.231 423
233.651 504
234.02 629
234.233 564
234.538 454
235.271 600
235.619 543
235.809 595
235.815 356
235.928 472
236.257 366
236.307 454
236.53 520
236.99 449
237.706 415
238.31 357
239.112 340
239.796 384
240.776 388
242.448 472
242.588 455
242.693 432
243.092 504
246.025 633
246.766 354
246.974 557
248.223 614
248.346 411
252.276 495
252.503 370
252.568 348
253.408 564
254.795 545
255.455 553
255.773 403
256.363 530
256.662 568
258.787 351
259.173 337
260.388 602
262.293 601
262.502 632
262.948 416
263.217 341
263.704 618
264.496 475
264.739 522
265.332 563
265.502 502
265.566 600
265.761 579
266.396 629
266.663 522
266.883 508
267.111 496
267.137 548
269.185 387
269.433 436
270.112 368
270.285 497
270.568 600
270.573 607
271.716 614
272.205 617
272.946 362
274.896 474
277.543 517
278.178 564
278.452 413
278.546 420
278.908 373
278.917 445
279.141 397
279.159 352
279.649 470
282.336 478
282.416 457
282.692 570
282.899 436
283.198 600
284.172 375
284.599 584
284.627 448
284.74 360
285.09 623
286.086 593
287.742 528
288.717 347
290.394 501
290.572 365
290.875 587
291.289 391
291.393 420
291.644 543
291.955 359
292.223 366
293.345 338
293.475 508
293.636 437
294.489 521
295.177 578
296.169 461
296.386 410
296.654 435
296.948 445
297.22 393
298.218 601
298.978 490
299.302 525
300.245 502
300.783 560
300.993 508
302.253 415
302.461 604
302.521 533
303.323 630
303.675 588
303.933 494
304.143 620
304.293 615
304.387 401
304.432 572
304.864 458
307.802 514
308.166 450
308.295 390
308.47 341
308.565 499
308.575 613
309.496 628
311.099 347
311.68 361
312.668 494
312.995 441
313.924 585
314.242 509
314.559 442
314.835 596
315.564 610
315.695 431
316.737 597
317.094 578
317.537 588
318.626 431
318.945 387
319.803 583
320.478 353
320.835 337
322.558 493
322.824 354
323.506 378
324.437 405
325.866 417
326.189 546
326.386 537
327.047 518
327.418 610
328.17 406
328.457 536
329.744 351
330.772 536
331.295 577
331.793 622
332.145 373
333.203 451
333.289 549
333.555 369
333.713 406
334.914 504
335.386 552
336.029 448
336.262 523
336.985 549
337.431 615
338.35 459
338.966 617
338.997 610
339.617 426
341.04 456
341.979 434
342.445 547
343.133 517
343.984 426
344.431 585
344.528 362
344.688 362
346.098 387
347.911 401
348.113 579
349.743 411
349.879 511
350.153 621
352.537 412
352.714 371
352.756 402
353.78 431
355.126 429
355.231 369
356.751 425
357.349 579
357.687 549
357.752 444
357.913 572
357.935 379
358.205 517
358.605 599
358.802 522
359.032 487
359.243 603
359.453 428
360.694 390
360.848 463
361.301 337
362.105 366
362.515 623
363.894 629
364.529 488
364.562 432
365.097 427
366.094 439
366.116 350
366.254 498
366.708 570
367.06 587
367.111 522
367.615 359
367.794 453
369.634 592
369.857 519
370.575 542
370.953 474
370.956 595
371.27 526
371.962 601
372.544 530
372.864 489
372.937 395
374.312 472
374.514 532
374.797 520
375.973 382
376.329 598
377.092 539
377.444 482
378.644 581
379.802 495
381.89 631
382.75 443
383.077 567
384.456 520
385.439 492
386.221 630
387.069 475
387.118 364
387.735 393
387.894 392
389.977 399
390.385 564
391.11 525
391.157 440
392.341 461
392.38 585
393.947 631
394.182 428
394.276 399
395.275 420
395.786 453
396.184 571
396.697 557
397.51 449
399.071 466
399.582 500
399.991 579
401.252 572
401.591 420
403.344 628
403.971 530
406.23 547
407.839 364
409.303 613
409.457 545
410.452 585
410.939 582
412.052 342
412.163 624
412.989 371
413.398 475
414.021 478
416.287 634
416.69 360
416.903 495
417.445 574
417.563 340
418.185 601
419.806 554
419.976 424
419.984 479
420.1 403
421.045 337
421.123 578
421.384 542
421.631 558
421.717 636
422.887 478
424.091 567
424.876 454
425.382 588
425.834 622
427.05 575
427.726 420
428.044 432
428.882 429
430.055 473
431.073 437
434.171 412
434.341 346
434.922 491
435.003 356
435.579 552
436.626 410
436.628 496
436.829 445
437.138 582
438.685 437
438.69 503
439.409 376
440.432 467
440.485 346
441.32 552
442.882 439
443.025 406
443.276 502
443.304 494
443.962 370
444.713 418
444.88 503
445.492 537
445.78 354
446.962 347
447.06 500
447.28 595
448.975 582
449.001 350
449.235 551
449.366 633
450.009 436
450.433 453
451.332 452
451.999 421
452.107 476
452.168 618
452.705 514
452.895 505
453.424 471
455.029 444
455.308 417
455.675 434
455.878 602
456.118 368
456.678 355
457.767 417
457.948 393
458.434 624
458.806 600
461.765 498
461.881 555
461.894 636
462.354 624
464.473 457
464.891 425
465.632 487
465.649 546
466.006 461
466.105 387
466.568 367
466.652 564
466.919 371
466.944 571
468.46 469
471.562 557
471.622 624
471.858 479
471.93 409
472.024 529
472.073 514
472.105 632
472.251 612
474.134 450
474.768 519
475.286 558
475.385 457
475.6 452
476.234 378
476.912 440
477.359 392
478.617 365
479.091 396
479.197 443
479.558 430
480.311 575
480.33 366
480.577 433
480.596 554
481.265 510
481.651 524
482.059 596
482.109 531
482.304 563
482.747 588
484.203 371
484.25 340
485.184 604
485.699 344
485.917 521
485.989 559
486.113 612
486.312 367
486.99 436
488.521 457
489.323 346
489.69 570
491.041 380
492.288 433
492.601 569
495.893 340
496.262 562
496.358 465
496.77 632
496.867 486
497.057 394
498.132 503
498.524 387
499.9 500
500.265 619
503.312 568
503.652 403
503.772 603
503.899 471
503.983 541
506.888 624
507.055 576
507.553 424
508.103 405
511.508 624
511.619 351
511.652 612
511.769 428
512.734 499
513.228 465
513.433 463
513.504 510
513.948 397
514.361 518
515.991 347
516.051 609
516.1 416
516.362 355
516.432 441
516.585 527
516.974 512
517.466 620
517.509 393
517.542 363
517.795 557
517.847 587
518.467 355
518.707 497
518.806 475
519.026 573
519.25 506
519.285 595
519.646 367
519.731 396
519.841 452
519.882 416
519.933 525
520.275 629
520.284 370
520.326 568
520.773 377
521.693 569
522.039 426
522.376 567
522.454 430
522.918 397
523.106 9
523.113 464
523.227 403
524.057 558
524.207 410
524.267 431
524.901 353
525.047 546
525.08 563
525.131 389
525.149 343
525.416 570
525.453 361
525.572 395
525.595 594
525.829 570
525.946 345
526.156 377
526.29 556
526.297 445
526.845 434
527.148 577
527.253 395
527.319 497
527.417 567
527.684 423
528 383
528.457 420
528.542 631
528.738 466
528.84 348
529.178 568
529.785 381
529.893 352
530.11 584
530.898 620
531.004 514
531.141 337
531.302 496
531.402 359
531.479 574
532.155 515
532.299 494
532.359 471
532.563 352
532.754 501
532.936 381
533.023 602
533.214 481
533.245 549
533.353 531
533.767 486
533.948 608
534.057 567
535.136 463
535.3 526
535.676 447
535.826 588
536.217 376
536.387 380
536.511 432
536.531 540
536.643 340
536.945 522
537.26 378
538.238 595
538.432 490
538.486 518
538.631 457
538.696 411
538.819 590
538.902 609
539.489 479
539.576 512
539.745 503
540.273 586
540.38 398
540.785 454
541.151 570
541.296 610
541.549 625
541.722 373
541.797 583
542.513 410
543.344 548
543.608 636
544.254 628
544.323 457
544.577 516
544.973 380
545.058 580
545.376 577
545.409 547
545.566 509
545.654 378
545.972 466
546.221 599
546.665 506
547.027 595
547.115 603
547.19 633
547.402 473
547.623 627
548.143 599
548.2 440
548.635 597
548.859 466
549.246 451
549.642 611
550.167 534
550.707 516
550.862 556
550.96 380
551.167 636
551.223 404
551.271 613
551.495 469
552.152 448
552.433 463
552.452 539
552.806 620
552.889 584
553.001 374
553.016 631
553.177 403
553.79 497
554.267 389
555.02 565
555.298 353
556.115 591
556.27 380
556.322 537
556.41 339
556.495 514
556.85 476
556.903 457
557.035 347
557.334 509
557.346 492
557.483 561
557.509 534
557.978 446
558.219 439
558.341 499
558.447 401
558.47 535
558.49 407
558.614 554
558.619 485
558.65 460
558.875 538
558.917 389
559.5 384
559.627 566
559.698 611
559.713 623
559.886 346
560.101 399
560.432 622
560.546 606
560.56 577
560.586 629
560.637 622
560.847 422
560.939 616
561.012 610
561.089 429
561.11 483
561.476 380
561.631 607
562.007 633
562.064 618
562.584 600
563.05 442
563.102 442
563.654 389
563.657 348
563.833 523
563.997 352
564.244 453
564.508 542
564.566 564
564.837 488
565.283 589
565.619 554
565.697 455
565.74 577
565.821 565
565.873 492
566.021 607
566.049 37
566.232 391
566.425 400
566.428 530
566.702 576
566.748 351
567.237 513
567.5 520
567.692 397
567.745 564
567.829 340
567.906 481
568.308 467
568.604 556
568.753 630
569.443 581
569.515 599
569.979 498
570.171 594
571.215 372
571.44 394
571.478 477
571.489 504
571.563 574
571.89 500
571.922 353
571.939 376
572.519 461
573.133 524
573.202 492
573.261 511
573.272 430
573.294 585
573.468 606
573.566 515
573.641 572
573.771 406
574.015 524
574.067 439
574.499 529
574.59 432
574.622 526
574.833 344
575.288 574
575.606 362
575.683 468
576.287 598
576.321 364
576.365 348
576.387 587
576.421 489
576.598 494
576.915 477
576.943 543
576.971 502
577.544 352
577.919 396
577.963 411
577.978 557
578.008 437
578.239 359
578.431 583
578.678 380
578.718 470
579.008 529
579.048 618
579.476 562
579.711 482
579.75 567
580.25 386
580.521 583
580.64 505
580.947 630
581.184 356
581.267 492
581.274 415
581.734 410
581.741 610
581.876 388
582.352 395
582.411 555
582.55 525
582.644 346
582.924 348
583.299 435
583.564 603
583.981 630
584.019 364
584.164 422
585.043 614
585.17 456
585.19 344
585.213 530
585.417 536
585.477 592
585.557 360
585.688 493
585.7 591
585.797 403
585.799 440
586.167 469
586.181 583
586.19 451
586.84 452
587.252 340
587.44 610
587.78 555
587.856 357
588.035 405
588.151 353
588.354 571
588.385 456
588.415 383
588.94 337
589.132 526
589.384 574
589.531 479
589.551 625
589.567 498
590.006 533
590.157 459
590.217 416
590.219 373
590.373 626
590.49 632
590.661 617
590.717 538
591.049 527
591.915 531
592.029 491
592.063 573
592.124 566
592.678 503
592.776 393
592.812 342
592.826 458
593.314 613
593.336 458
593.515 517
593.989 435
594.19 459
594.231 628
594.289 588
594.752 531
595.09 412
595.223 599
595.23 385
595.242 557
595.455 359
596.08 435
596.092 431
596.094 416
596.229 573
596.255 435
596.256 431
596.26 435
596.261 431
596.454 431
596.5 435
596.502 435
596.504 431
596.506 416
596.507 435
596.508 431
596.508 416
596.54 580
596.588 427
596.67 391
596.681 481
597.192 535
598.377 443
598.69 596
599.015 373
599.207 422
599.212 490
599.444 518
599.586 616
