#time bytes-send
11.0227 455
11.3134 410
11.4934 583
11.5503 596
12.0322 581
12.845 386
12.8998 385
13.3624 486
13.4671 524
13.4881 474
13.6253 551
13.6516 343
14.0071 626
14.0362 507
14.1758 435
14.2298 356
14.5971 390
14.7233 522
14.9445 596
15.0307 424
15.1409 517
15.2415 339
15.3914 339
15.7025 567
16.3426 636
16.8411 337
16.9074 381
16.9226 555
17.0732 632
17.3647 436
17.6102 569
18.1128 493
18.494 471
18.5445 450
18.8167 340
18.8819 428
19.0272 517
19.1153 489
19.1541 363
19.7178 9
19.7515 572
19.9891 633
20.184 560
20.5527 504
20.982 589
21.2147 634
21.2394 388
21.3827 624
21.6008 463
21.7504 476
21.7611 588
22.0953 404
22.7582 545
22.8099 441
22.8721 369
23.2309 490
23.6721 466
23.7197 591
24.1143 610
24.204 542
24.2172 497
24.3131 603
24.613 636
24.843 439
25.0438 575
25.0673 422
25.0953 418
25.4685 466
25.5534 458
25.89 350
26.0934 504
26.3443 357
26.4545 618
26.8641 570
27.043 397
27.1031 514
27.3729 460
27.4689 339
27.7303 476
27.8401 384
27.9749 614
28.9903 365
29.0709 636
29.6554 501
29.8688 580
30.3583 533
30.4912 500
30.662 578
30.855 492
30.8678 383
30.8743 468
31.2668 341
31.5279 526
31.8335 348
31.9257 372
32.0623 494
32.1277 513
32.1424 509
32.297 635
32.33 466
32.4134 343
32.9931 433
33.5429 563
33.8811 435
34.5946 543
34.7249 505
34.7862 398
34.7987 522
35.1473 417
35.8107 373
36.1299 527
36.3533 536
36.3842 634
36.4024 352
36.5383 412
36.7387 557
37.2113 610
37.2317 405
37.5628 587
37.6487 539
37.8995 578
38.0768 360
38.2868 553
38.3006 516
38.4975 560
38.7159 554
39.0429 477
39.3863 418
39.3972 489
39.6483 586
39.7084 480
39.8567 563
41.2113 588
41.2562 557
41.2683 430
41.7074 616
41.9829 598
42.4523 554
42.5513 507
42.7379 494
42.8014 475
42.8161 495
42.8307 383
43.1949 500
43.3836 552
43.4364 598
43.7217 613
44.0415 455
44.1837 469
44.5618 593
44.7116 439
44.7233 384
44.7608 364
45.0852 602
45.1145 617
45.3027 496
45.5092 460
45.6268 427
45.6593 632
46.1825 566
46.2306 411
46.3413 517
46.9977 375
47.1339 503
47.1495 553
47.1871 428
47.424 471
47.429 569
47.5697 359
47.5718 422
47.8202 473
47.8765 396
47.9215 636
47.9667 611
48.2582 465
48.5117 403
48.5227 438
48.715 626
48.7246 420
49.0192 431
49.0308 360
49.1033 347
49.1305 570
49.1531 338
49.3634 433
49.8128 624
49.9768 434
50.1778 527
50.1809 602
50.7199 523
50.7523 628
50.8257 625
51.3201 446
51.5638 539
51.8172 441
52.2966 462
52.8353 527
52.9386 615
52.9522 402
54.4828 471
54.5212 378
54.7693 358
55.3925 503
55.4669 579
55.6711 376
55.8875 602
56.1111 530
56.2465 462
56.4742 581
56.6953 466
57.7095 513
57.9447 450
58.0328 403
58.1239 496
58.2251 432
58.3269 392
58.9634 578
59.2197 447
59.3244 553
60.4625 529
61.0687 399
61.3633 410
61.5209 392
61.6236 577
61.9999 572
62.2656 549
62.2859 530
62.6769 412
62.9823 385
63.0253 385
63.5861 367
63.6665 603
63.7568 509
63.7723 367
63.8344 494
64.0076 498
64.4952 393
64.5167 626
64.6795 424
64.8134 536
64.9265 402
64.9669 481
65.6049 349
65.7733 347
65.7953 493
66.2001 519
66.981 343
67.0413 519
67.4616 516
68.1289 571
68.8963 414
69.5754 542
71.0407 422
71.2097 356
71.5868 433
72.3633 631
72.6733 531
72.8419 486
72.8593 401
73.1182 518
73.3017 407
73.3933 619
73.8289 406
73.8572 522
74.0662 404
74.2002 527
74.2765 612
74.4924 402
75.2631 582
75.2924 396
75.3576 441
75.4208 596
76.0325 563
76.0511 449
76.056 518
76.0717 625
76.4237 606
77.1843 442
77.3042 477
77.7596 551
77.9421 451
78.0181 386
78.2967 559
78.3772 529
78.4311 458
78.4526 549
78.5815 405
78.6463 519
79.5735 562
79.6376 455
80.2058 534
80.2786 580
80.6041 444
80.637 340
80.6945 473
82.2597 547
82.4461 534
82.4881 355
82.908 464
83.0519 576
83.6421 401
83.892 365
84.0741 489
84.1139 534
84.4196 449
85.5441 630
86.0299 563
86.2239 563
86.2317 563
86.2395 563
86.247 563
86.3173 563
86.3437 469
86.3747 535
86.4283 429
86.5061 569
86.7894 481
86.8627 346
87.3008 472
87.3881 586
87.6614 398
87.7913 602
87.8999 374
88.0472 541
88.1172 472
88.6022 582
88.6421 541
88.702 343
88.7318 364
89.187 541
89.3394 608
89.4287 526
89.5648 565
90.2254 631
90.2276 539
90.6352 516
91.757 483
91.9281 488
92.254 517
92.3735 504
92.3898 390
92.4315 547
92.6391 365
93.5685 586
93.9878 632
94.8816 472
95.1507 606
97.0173 441
98.8036 635
99.1797 552
99.4418 469
100.686 376
102.762 589
109.779 455
116.443 540
119.656 487
121.821 558
122.831 517
123.7 580
128.737 595
130.545 399
134.943 517
136.33 521
139.635 622
139.733 368
140.352 590
141.073 510
142.352 471
145.539 601
146.226 579
148.742 484
150.145 559
151.355 389
152.856 383
153.058 480
154.196 413
154.727 472
156.349 404
156.762 426
163.445 609
163.761 561
164.605 496
167.669 405
168.71 527
169.599 605
170.566 627
171.597 393
171.879 485
172.568 436
174.034 462
175.394 456
176.049 48167
176.989 591
179.335 599
180.44 500
181.366 632
183.662 338
183.716 447
185.603 423
186.953 417
187.034 508
189.995 489
190.951 380
194.305 520
195.236 544
196.597 539
197.998 354
199.333 416
199.584 366
201.796 419
202.518 437
203.149 592
206.838 464
209.469 417
211.577 575
214.325 363
215.385 374
215.462 492
220.658 422
220.929 628
221.541 469
228.984 573
229.463 380
230.523 631
232.048 431
233.362 615
234.174 506
235.699 393
237.823 441
241.361 510
241.426 488
241.889 600
247.568 366
250.324 456
251.407 564
253.808 623
253.872 526
256.038 383
257.339 348
258.771 422
260.035 477
262.56 606
267.885 536
270.524 536
270.978 472
273.169 489
274.022 578
275.297 368
275.552 589
276.294 497
281.268 523
292.962 508
294.415 620
295.826 466
297.699 347
299.161 600
304.134 514
305.673 430
314.823 475
315.247 440
315.96 530
320.749 479
322.254 620
322.649 615
322.927 365
324.958 448
326.081 580
328.617 599
331.885 549
332.895 521
336.265 392
336.921 369
337.928 441
338.225 615
344.686 526
344.739 485
348.457 547
348.825 444
349.377 458
349.768 556
351.854 524
352.06 619
354.319 422
354.491 367
355.708 603
357.359 628
358.47 513
363.17 394
366.053 520
366.169 495
366.493 551
368.611 632
372.208 368
373.474 360
375.164 448
375.401 554
376.907 524
376.927 352
378.355 562
378.368 399
379.477 449
383.168 574
384.213 601
385 625
387.139 581
390.361 379
392.21 492
393.368 467
394.715 497
400.064 559
400.602 549
401.987 398
403.615 445
403.91 633
403.922 453
406.876 634
408.898 588
411.122 481
412.142 568
412.293 428
414.494 494
416.619 510
419.724 362
421.41 618
423.692 418
433.645 361
434.105 592
437.677 629
441.988 340
452.912 626
454.781 487
455.446 592
457.793 578
459.906 379
470.276 592
470.794 634
472.276 405
473.512 534
476.245 461
477.751 389
479.81 395
485.995 590
486.001 630
486.002 565
486.003 483
486.865 593
490.749 353
493.829 421
500.672 498
501.987 504
502.165 538
504.847 533
505.395 614
508.395 434
509.374 391
509.819 340
512.083 397
514.059 498
516.367 355
516.432 441
516.795 625
516.975 512
517.462 620
517.512 393
517.796 557
517.843 587
518.468 355
518.707 497
518.802 475
519.286 595
519.646 367
519.729 396
520.271 629
520.285 370
520.772 377
521.688 569
521.996 9
522.035 426
522.372 567
522.455 430
522.916 397
523.081 9
523.108 464
523.228 403
524.059 558
524.104 441
524.203 410
524.261 431
524.902 353
525.044 546
525.128 389
525.151 343
525.418 570
525.45 361
525.596 594
525.826 570
525.948 345
526 37
526.007 37
526.154 377
526.293 556
526.298 445
526.839 434
527.065 583
527.141 577
527.256 395
527.32 497
527.41 567
527.687 423
528.002 383
528.458 420
528.546 631
528.74 466
528.813 400
528.842 348
528.864 592
529.18 568
529.786 381
529.895 352
530.111 584
530.897 620
530.992 514
531.142 337
531.294 496
531.403 359
531.458 443
531.471 574
531.662 349
532.156 515
532.242 435
532.29 494
532.35 471
532.567 352
532.573 451
532.758 501
532.937 381
532.944 531
533.013 602
533.214 481
533.247 549
533.355 531
533.769 486
533.95 608
534.06 567
535.302 526
535.669 447
535.816 588
536.218 376
536.388 380
536.513 432
536.532 540
536.645 340
536.935 522
537.252 378
538.241 595
538.434 490
538.488 518
538.632 457
538.692 411
538.821 590
538.904 609
539.173 41
539.461 508
539.494 479
540.258 41
540.356 454
540.383 398
541.283 610
541.55 625
541.722 373
541.791 583
542.508 410
543.345 548
543.609 636
544.255 628
544.324 457
544.578 516
544.851 586
544.974 380
545.059 580
545.377 577
545.411 547
545.567 509
545.655 378
545.973 466
546.228 599
546.661 506
546.793 444
547.029 595
547.117 603
547.191 633
547.619 627
548.142 599
548.196 440
548.636 597
548.86 466
549.247 451
549.643 611
550.168 534
550.585 545
550.708 516
550.863 556
550.904 515
550.961 380
551.168 636
551.224 404
551.272 613
551.418 392
552.151 448
552.358 416
552.434 463
552.453 539
552.996 374
553.017 631
553.487 555
554.268 389
555.021 565
555.822 483
556.121 591
556.271 380
556.323 537
556.411 339
556.496 514
556.904 457
556.956 425
557.036 347
557.335 509
557.51 534
557.979 446
558.22 439
558.342 499
558.448 401
558.471 535
558.491 407
558.618 554
558.62 485
558.651 460
558.876 538
558.918 389
559.501 384
559.628 566
559.699 611
559.714 623
559.887 346
560.102 399
560.433 622
560.549 606
560.562 577
560.587 629
560.639 622
560.941 616
561.013 610
561.09 429
561.218 636
561.477 380
561.535 561
561.632 607
562.008 633
562.065 618
562.585 600
563.051 442
563.103 442
563.316 545
563.654 389
563.658 348
563.834 523
563.998 352
564.245 453
564.509 542
564.567 564
564.838 488
564.923 585
565.285 589
565.62 554
565.697 455
565.822 565
565.874 492
566.024 607
566.237 391
566.429 530
566.703 576
566.749 351
567.238 513
567.378 341
567.501 520
567.693 397
567.746 564
567.83 340
567.907 481
568.309 467
568.605 556
568.754 630
569.115 432
569.444 581
569.516 599
569.645 482
569.98 498
570.173 594
571.216 372
571.441 394
571.479 477
571.49 504
571.564 574
571.891 500
571.923 353
571.94 376
573.273 430
573.283 511
573.295 585
573.469 606
573.567 515
573.772 406
573.969 462
574.017 524
574.5 529
574.591 432
574.623 526
574.833 344
575.289 574
575.607 362
576.288 598
576.322 364
576.366 348
576.388 587
576.599 494
576.916 477
576.944 543
576.972 502
577.695 632
577.92 396
577.964 411
577.979 557
578.009 437
578.432 583
578.68 380
579.009 529
579.049 618
579.477 562
579.712 482
579.751 567
580.251 386
580.323 624
580.522 583
580.641 505
580.702 568
581.263 415
581.285 611
581.742 610
581.769 511
581.877 388
582.412 555
582.551 525
582.645 346
582.925 348
583.565 603
583.982 630
584.02 364
584.165 422
585.045 614
585.171 456
585.191 344
585.212 530
585.418 536
585.479 592
585.558 360
585.689 493
585.701 591
585.791 440
585.831 346
586.168 469
586.183 583
586.191 451
586.505 574
587.252 340
587.441 610
587.611 513
587.781 555
587.857 357
588.036 405
588.15 353
588.355 571
588.387 456
588.416 383
588.666 342
588.941 337
589.054 606
589.135 526
589.385 574
589.532 479
589.552 625
589.568 498
590.158 459
590.21 373
590.374 626
590.491 632
590.662 617
590.718 538
591.05 527
591.916 531
592.031 491
592.064 573
592.125 566
592.679 503
592.791 573
592.802 393
592.813 342
592.827 458
593.315 613
593.337 458
593.516 517
594.068 536
594.192 459
594.232 628
594.754 531
595.191 600
595.224 599
595.233 385
595.243 557
595.375 542
595.456 359
596.096 435
596.096 431
596.097 416
596.122 435
596.124 431
596.125 435
596.125 431
596.126 416
596.128 416
596.159 435
596.167 431
596.193 416
596.259 435
596.261 431
596.264 435
596.265 431
596.473 431
596.542 580
596.588 427
596.667 391
596.678 481
597.193 535
598.378 443
598.693 596
599.015 373
599.166 604
599.21 422
599.213 490
599.587 616
599.827 609
