#time bytes-send
11.5185 368
11.5277 374
11.6209 362
11.9948 470
12.1145 425
12.4559 362
12.4757 9
12.558 390
12.8043 552
12.9598 417
13.1295 552
13.5667 571
14.1869 605
14.5408 567
14.5599 474
15.0264 632
15.1141 419
15.8792 590
16.4031 537
16.8374 356
17.4615 510
17.605 600
17.6492 457
18.3563 610
18.788 634
19.6664 415
19.7065 479
19.7244 363
19.961 346
20.4664 376
20.7669 477
21.276 609
21.7169 370
21.8378 507
21.9123 379
22.3404 498
22.5381 382
22.7102 578
22.9225 350
22.9489 383
23.0203 542
23.037 544
23.0478 577
23.2938 584
23.4297 452
23.4663 426
24.0302 445
24.0772 434
24.2004 530
25.0164 442
25.2404 540
25.3075 575
25.5185 351
25.5871 565
25.6162 382
25.6981 389
25.8315 496
26.2568 515
26.4597 570
26.5071 365
26.6637 361
26.6891 605
26.9053 403
26.9351 534
27.7733 391
27.793 378
27.865 499
28.2097 376
28.4913 361
28.5483 431
29.103 553
29.2833 607
29.5016 384
29.5671 464
29.5784 422
29.6736 576
30.3943 614
30.4823 371
30.6273 384
30.9754 483
31.1621 428
31.2357 382
31.67 355
31.7398 624
31.7595 375
31.9407 527
32.0683 462
32.1216 473
32.4345 361
32.5479 512
32.5666 519
32.6323 534
32.6667 397
32.7521 441
32.7604 530
32.7923 512
32.8766 622
33.716 364
34.057 617
34.3294 554
34.4032 618
34.6422 369
34.6521 422
34.6676 530
34.9611 541
35.2269 545
35.3234 558
35.3242 337
35.5635 440
35.923 361
36.0398 520
36.0879 531
36.3092 617
36.6302 413
36.6897 598
37.0532 530
37.2177 447
37.2361 535
37.3726 398
37.3791 487
37.5218 341
37.6877 540
37.7073 609
37.7417 507
37.987 470
38.0451 566
38.7826 558
38.8796 589
38.9017 364
38.9965 421
39.142 549
39.2041 454
39.5784 612
39.6507 523
39.9681 396
40.0384 512
40.0568 504
40.0856 624
40.1383 532
40.1775 384
40.1844 433
40.2103 555
40.4026 389
40.5987 555
40.7032 570
40.8818 409
41.2395 444
41.3422 602
41.551 501
41.6344 351
41.7219 612
41.8015 568
41.8114 507
42.1051 478
42.3039 552
42.9692 542
42.9988 456
43.013 443
43.7168 573
43.8714 538
43.9062 467
43.915 613
43.9876 627
44.2426 366
44.2917 477
45.2974 423
45.3587 518
45.6921 479
45.8866 352
46.2094 351
46.7733 417
46.845 504
46.9097 397
46.9967 552
47.0287 456
47.5043 378
47.5432 599
47.7918 363
47.8666 380
47.9142 372
47.9745 351
48.1308 505
48.3261 630
48.3737 506
48.4002 389
48.4533 597
48.933 367
49.0239 390
49.3169 463
49.4346 412
49.4477 507
49.5177 631
49.8513 601
49.9669 608
50.1698 375
50.2662 377
50.3175 343
50.342 418
50.8852 559
50.9343 376
51.1 411
51.1351 585
51.2284 584
51.3199 575
51.4176 442
51.6063 458
51.684 359
51.9183 393
51.9979 543
52.2652 350
52.9392 600
52.9402 474
53.2915 376
53.5527 584
53.6417 371
53.7082 568
53.7449 478
53.8391 531
53.8988 489
53.9148 519
54.6542 412
55.05 454
55.1034 401
55.5282 445
55.832 511
56.1931 593
56.194 564
56.3766 547
56.5536 396
56.7296 601
56.7643 566
56.9855 607
57.5033 382
57.5192 534
57.6804 603
57.8776 514
58.1293 460
58.1842 493
58.2369 572
58.7014 609
59.1482 515
59.2386 544
59.3075 474
59.3715 490
59.6732 558
59.6952 417
59.9709 531
60.4179 635
60.4607 578
60.4889 401
60.7597 412
61.0018 599
61.1016 377
61.4877 469
62.023 550
62.138 553
62.4267 363
62.4612 595
62.7952 435
62.9075 412
63.0641 461
63.1039 348
63.1631 586
63.2098 589
63.2802 553
63.3673 387
63.3801 537
63.4022 617
63.7631 603
63.9819 593
64.0583 343
64.3773 407
64.3797 340
64.3974 555
64.4217 356
64.6508 468
64.7307 597
65.1554 372
65.1938 545
65.211 584
65.3222 557
65.6937 372
65.7496 547
66.4373 510
66.6842 417
66.6935 398
66.8484 496
67.1234 583
67.2613 632
67.3086 490
67.4871 628
67.5324 505
67.6972 514
67.7461 420
68.0873 343
68.7846 534
68.8805 382
69.4918 517
69.7682 549
70.2341 445
70.2462 563
70.3412 409
70.3886 406
70.4169 359
70.7362 345
70.8356 605
71.0585 484
71.5115 413
71.9035 478
71.9191 372
71.9258 361
72.0249 553
72.0812 524
72.1101 559
72.5587 481
72.7045 471
72.8537 621
73.0701 454
73.2806 550
73.336 505
73.4033 497
73.4922 590
73.4975 362
73.5126 450
73.6614 359
73.6722 621
73.6856 451
73.9395 513
74.0669 485
74.1494 459
74.5651 405
74.5793 611
74.6564 391
74.6598 391
74.6673 537
74.7854 383
74.8412 604
75.1 567
75.1764 399
75.3677 370
75.5755 602
75.8729 342
75.9644 378
76.0038 483
76.0672 405
76.2636 409
76.3899 496
76.9263 580
77.4268 394
77.7508 605
77.8377 607
77.8592 531
77.9045 471
78.2111 339
78.2651 596
78.3006 513
78.4184 495
78.6303 446
79.0051 401
79.2707 515
79.2918 511
79.6561 434
79.9723 509
79.9897 419
80.0279 428
80.2119 572
80.5447 525
80.608 431
80.6935 357
80.7525 447
80.7534 518
80.8072 443
80.8731 412
81.0399 465
81.2486 345
81.5999 361
81.7018 601
81.8033 407
82.3794 611
82.7007 480
82.965 596
83.1114 503
83.6473 609
83.6661 589
83.6956 499
83.8294 441
84.2391 419
84.8875 473
84.9436 608
85.2123 354
85.2877 366
85.3274 388
86.4197 393
86.4645 543
86.4806 518
86.7687 585
86.8529 596
86.8979 487
87.1316 506
87.1563 478
87.1683 409
87.2926 496
87.3338 342
88.0655 539
88.2969 547
89.2365 400
89.2992 533
89.3127 380
89.4465 598
89.4684 568
89.5111 618
89.9452 546
90.2964 541
90.5055 513
90.6671 501
90.725 536
90.9944 586
91.0831 570
91.0981 558
91.3261 383
91.3854 604
91.4364 369
91.4463 601
91.4546 585
91.4707 421
91.504 355
91.7601 454
91.9859 470
92.2886 394
92.3275 463
92.393 570
92.532 373
92.6838 493
92.6979 534
92.7509 440
92.7791 487
92.7979 377
93.4009 537
93.4639 498
93.5891 362
93.5918 461
93.9212 360
93.9574 443
93.9739 360
94.1395 561
94.1666 353
94.3498 426
94.4494 401
95.108 385
95.3083 486
95.5188 584
95.5274 339
95.6069 389
95.6269 493
95.7682 367
95.8281 344
96.4297 478
96.5227 431
96.5781 503
97.1044 500
97.3302 441
97.9854 352
98.1889 600
98.257 396
98.4887 391
98.7988 419
99.1905 444
99.5211 497
99.5356 481
99.5909 345
99.8463 458
100.474 560
100.516 460
100.639 337
100.914 465
101.372 608
101.428 625
101.782 491
101.797 353
102.157 342
102.302 456
102.335 573
102.517 468
103.157 624
103.686 472
103.7 528
103.849 625
103.871 528
103.875 476
103.966 512
103.987 536
104.049 375
104.309 474
104.467 508
104.586 623
104.995 441
105.105 599
105.388 590
105.771 435
105.971 368
105.99 427
106.52 428
106.542 602
106.784 408
107.076 521
107.167 378
107.212 428
107.271 599
107.366 573
107.397 371
107.68 500
108 560
108.507 400
108.54 536
108.553 507
108.628 411
108.876 539
109.153 386
109.167 432
109.987 582
110.221 447
111.029 636
111.16 546
111.559 482
111.588 415
111.641 441
111.699 367
112.007 423
112.026 634
112.964 405
113.097 474
113.13 476
113.344 455
113.449 610
113.571 550
113.686 474
113.849 373
113.876 527
114.07 366
114.393 568
114.454 453
114.536 372
114.964 443
114.982 634
115.124 422
115.146 561
115.221 470
115.512 616
115.741 500
116.046 380
116.289 396
116.35 572
116.489 502
116.973 484
117.118 526
117.418 581
117.57 525
117.683 609
117.687 457
118.01 357
118.028 601
118.164 460
118.297 490
118.65 501
119.177 453
119.285 532
119.39 609
119.416 414
119.427 519
119.499 457
119.578 357
119.736 630
120.041 387
120.251 545
120.605 541
121.02 467
121.791 566
121.98 619
122.828 369
123.82 623
124.262 440
125.289 359
125.512 614
125.719 505
126.084 586
127.159 575
127.252 594
128.011 500
129.555 543
129.84 361
130.48 352
132.251 420
132.353 412
132.609 373
132.843 445
133.694 417
134.568 374
136.355 604
136.391 624
136.932 621
138.098 406
138.334 565
138.458 561
139.381 531
141.468 581
141.526 538
142.324 523
142.433 562
143.293 378
144.693 338
144.823 620
146.233 426
146.815 445
147.086 393
147.24 588
148.084 458
148.185 524
148.369 575
150.327 553
150.627 570
151.4 492
152.335 478
153.05 586
153.302 394
153.745 352
154.475 590
156.454 347
157.035 612
157.771 612
158.94 419
159.473 599
159.75 495
159.853 364
159.955 393
160.152 610
160.374 479
160.505 632
162.693 635
163.371 421
163.714 528
163.721 478
164.058 342
164.884 627
164.942 553
165.206 616
165.49 547
165.719 581
166.07 404
168.771 635
169.641 355
170.77 524
171.104 419
172.144 404
172.574 575
174.237 387
174.378 515
174.571 435
174.75 534
176.857 426
177.58 579
180.373 498
181.2 550
181.567 354
181.777 350
181.856 474
181.989 413
182.454 547
182.82 371
182.965 404
183.279 442
183.538 582
185.403 499
186.308 572
186.321 612
186.734 471
186.868 523
187.831 361
187.923 377
188.014 559
188.069 526
188.146 495
189.959 348
190.467 406
190.633 579
192.031 623
192.578 518
192.628 402
192.774 415
193.542 401
194.045 497
194.146 459
194.522 606
194.942 479
195.431 374
195.621 541
195.781 453
198.915 472
198.94 603
198.967 534
200.796 563
201.31 472
202.549 541
202.729 347
202.972 631
203.491 567
203.79 586
204.214 509
204.638 582
204.764 473
204.989 355
206.115 476
206.569 520
207.814 409
207.87 514
208.083 572
208.094 458
208.614 625
208.804 448
209.076 362
210.058 629
210.753 622
210.795 357
213.554 355
213.949 525
213.996 440
214.105 394
216.786 485
217.081 420
217.367 494
217.399 562
217.867 523
217.99 566
219.798 533
220.012 337
220.201 559
220.74 572
221.088 358
223.507 521
224.179 613
225.948 432
227.024 428
228.945 447
228.995 504
229.225 353
230.257 393
230.496 550
230.53 531
230.689 429
230.772 488
231.48 523
231.487 504
232.401 476
232.41 610
232.853 337
233.192 542
233.496 416
233.85 507
233.985 631
234.077 411
234.325 408
234.849 438
234.897 531
235.749 436
235.839 597
237.19 495
237.976 357
239.732 380
239.919 414
240.275 608
240.631 388
241.037 457
241.077 575
241.101 495
241.484 346
246.013 453
246.014 453
246.015 424
246.015 424
246.016 517
246.018 517
247.478 468
248.382 406
249.718 597
250.419 480
250.775 436
250.848 506
251.584 401
251.729 433
251.963 607
251.981 341
253.403 427
254.232 604
255.697 410
256.341 454
256.542 525
256.545 457
256.611 480
257.193 569
257.428 391
258.351 408
259.637 566
260.304 491
262.224 486
262.785 532
266.783 425
267.18 379
268.014 445
269.154 575
269.831 588
269.904 624
270.043 386
270.47 605
270.807 635
270.978 349
271.974 506
272.823 361
273.171 546
274.946 533
275.209 621
275.785 473
275.944 426
276.186 564
276.789 372
277.547 614
279.198 507
279.302 340
280.567 580
280.691 417
282.911 435
283.27 405
283.513 545
283.619 636
286.403 604
287.027 470
287.135 413
287.253 605
287.474 374
288.442 441
288.946 412
289.143 587
290.953 604
291.746 431
292.817 608
294.867 599
296.44 515
297.348 393
298.127 624
298.764 364
299.121 425
299.144 621
300.083 339
300.095 593
300.313 352
300.36 465
301.77 386
302.806 387
303.022 376
303.498 353
303.865 463
304.919 427
304.983 542
305.397 577
306.451 344
307.171 414
307.18 600
307.242 458
307.694 338
308.173 425
309.442 619
309.698 585
309.905 415
310.224 352
310.296 621
310.729 431
311.416 449
312.399 357
312.764 636
313.754 552
313.927 610
314.97 363
316.677 523
317.601 462
318.137 622
318.64 350
318.736 526
319.356 630
319.811 371
321.358 600
321.771 477
321.906 435
321.955 418
324.44 405
324.706 614
324.93 477
325.241 504
325.249 345
325.529 571
327.816 560
328.245 594
328.597 451
328.767 366
328.798 568
329.785 589
330.438 468
330.503 583
331.743 468
332.097 423
332.252 469
332.494 486
332.954 471
333.284 446
333.621 606
335.975 352
336.628 504
337.014 619
338.274 469
338.346 515
338.645 569
339.34 436
340.104 619
340.318 347
340.486 617
343.377 510
344.047 337
344.182 558
345.037 409
346.644 463
350.723 493
351.393 394
351.564 512
351.591 518
352.352 490
352.453 590
352.739 444
352.862 458
353.134 364
353.74 341
355.12 508
355.284 374
355.377 460
355.656 612
355.791 344
355.991 481
356.734 398
359.11 360
359.677 601
359.785 571
360.919 457
361.017 633
361.491 603
361.859 489
362.162 464
364.096 603
364.587 522
364.923 519
365.219 547
365.396 339
365.788 627
367.994 579
368.159 451
369.128 338
369.455 481
369.62 374
370.074 416
370.22 352
370.664 634
371.217 404
371.485 591
371.841 613
372.424 483
372.721 539
375.421 442
376.985 476
377.119 541
377.364 537
378.27 394
378.699 617
378.802 393
378.935 516
379.156 449
380.142 350
380.684 570
381.86 457
383.06 439
383.288 361
383.483 531
384.323 388
384.702 428
384.844 457
384.931 381
385.171 632
385.208 360
385.555 340
386.008 599
386.628 634
387.32 358
387.96 399
388.411 423
389.013 606
390.832 622
391.134 577
392.399 410
392.555 347
393.633 584
393.994 519
394.344 614
395.851 377
397.252 629
397.356 451
398.027 348
398.207 385
398.29 523
398.955 453
399.219 421
399.421 597
399.55 424
399.711 362
399.783 359
402.012 374
402.287 355
402.647 576
402.911 439
403.444 541
403.471 509
405.416 632
405.652 399
405.908 556
405.976 522
406.567 487
406.8 375
409.194 380
409.392 579
409.59 516
409.883 400
410.067 481
410.358 457
410.966 364
411.094 605
411.62 522
413.063 341
414.757 375
415.387 586
415.606 360
415.873 439
416.027 345
416.385 350
416.746 364
416.837 359
417.829 348
418.577 634
419.237 551
419.519 396
419.951 623
420.171 567
420.601 636
422.179 470
422.731 360
424.408 496
425.859 414
427.283 534
427.528 492
428.427 488
429.484 410
429.718 587
430.104 534
430.277 374
430.481 526
434.935 440
436.18 536
436.912 619
437.213 574
437.843 463
438.249 514
438.97 555
439.566 574
439.741 452
439.782 396
440.672 502
441.732 566
442.107 611
442.893 449
443.779 545
443.908 479
444.821 584
445.58 337
446.19 601
448.449 528
448.679 606
448.849 373
449.126 394
449.664 423
450.336 531
450.411 458
451.676 408
453.307 369
454.661 489
455.61 575
456.47 397
456.71 585
457.185 476
458.973 567
459.084 464
461.84 541
462.855 487
462.977 377
463.631 431
464.208 610
464.373 381
465.204 580
465.424 493
465.848 409
466.036 590
466.599 408
466.878 475
468.579 556
469.521 454
470.7 627
470.908 490
471.943 337
472.077 446
472.947 394
473.657 567
476.173 562
476.885 558
477.046 587
477.275 598
477.454 375
477.865 372
478.246 444
478.337 479
478.636 458
479.392 360
479.475 560
479.567 608
479.773 531
479.983 396
480.592 534
480.619 425
480.855 532
481.163 481
481.529 574
482.653 581
483.453 560
483.589 581
483.779 404
484.026 620
484.502 539
484.805 584
486.981 605
487.374 442
487.876 539
488.643 600
488.793 616
488.995 367
489.012 473
489.108 569
490.185 413
490.229 611
491.124 378
491.167 611
491.869 623
492.106 508
494.343 632
494.77 363
494.802 471
495.627 621
495.956 593
496.091 404
496.29 366
496.776 402
497.332 361
498.935 371
500.59 377
500.815 551
502.278 399
502.415 353
502.592 548
504.034 502
504.417 396
505.018 575
506.072 465
506.744 542
507.181 541
507.525 588
507.547 468
507.597 488
507.773 576
508.851 355
508.981 456
510.437 589
512.01 404
513.411 384
513.584 369
513.59 506
514.177 531
514.247 495
514.287 501
514.371 350
514.577 540
515.058 442
515.526 493
516.095 491
516.18 597
516.544 438
517.174 573
517.348 337
517.419 386
517.485 477
517.689 432
518.015 382
518.474 368
519.809 408
521.143 478
521.309 431
523.608 609
524.085 366
524.49 413
524.563 368
525.307 589
525.676 504
525.771 594
525.842 498
526.481 590
528.272 537
529.861 558
529.935 520
530.146 463
531.026 635
533.325 426
533.708 337
535.114 427
535.481 441
535.685 508
536.159 380
536.181 395
536.313 591
537.081 629
537.395 578
539.596 577
539.635 399
539.755 491
541.746 576
541.76 613
542.909 340
543.319 388
543.509 374
543.795 454
544.238 465
544.491 583
544.686 509
544.846 387
546.039 629
546.346 348
546.43 566
547.832 462
548.084 493
548.126 472
548.957 524
549.166 339
549.683 413
549.941 421
550.351 392
550.535 476
550.803 378
551.058 522
552.17 452
552.256 608
552.901 374
553.277 548
553.4 615
553.519 508
553.569 446
553.915 507
555.155 451
555.296 537
555.572 571
556.207 604
559.541 416
560.241 428
562.258 452
564.075 589
564.473 633
565.574 502
565.668 636
566.797 345
567.874 593
567.91 368
568.23 409
568.627 574
568.975 393
569.792 473
570.196 358
570.661 577
571.258 480
571.479 340
571.508 451
572.426 352
573.43 501
573.844 601
573.999 625
576.365 513
576.942 624
576.952 352
579.751 516
580.27 351
580.849 408
581.084 340
581.512 619
581.828 355
581.905 551
581.951 501
582.526 360
583.585 369
583.67 386
583.758 366
584.434 611
584.807 490
586.015 455
586.86 402
587.747 522
587.999 406
588.512 499
588.784 435
589.949 347
591.925 381
592.019 581
592.929 361
593.455 574
594.563 483
595.049 451
596.388 411
597.327 539
597.442 418
597.764 464
597.802 609
598.399 345
599.149 473
599.566 413
600.347 633
601.048 599
601.567 430
602.323 536
603.358 549
603.54 610
604.195 464
604.719 588
604.725 621
604.746 406
605.569 493
606.189 553
606.402 566
608.415 538
608.479 587
608.577 630
609.035 538
609.167 472
610.354 601
610.668 416
611.215 437
611.31 454
611.877 432
613.59 362
614.549 630
614.75 596
616.161 402
616.169 528
616.486 531
617.468 465
618.442 625
619.486 605
621.632 469
621.743 604
622.526 400
622.598 542
624.244 342
624.809 625
624.832 454
625.405 389
626.674 399
627.099 418
627.638 598
628.3 427
630.513 465
630.868 460
631.109 612
631.745 594
632.305 579
633.171 536
634.782 407
635.719 443
635.767 607
635.98 451
636.169 501
636.834 543
637.869 338
638.361 377
638.548 473
638.701 345
638.932 400
639.424 553
639.442 634
640.286 404
640.455 409
641.201 576
641.767 384
641.789 632
641.987 419
642.017 343
642.774 631
643.096 422
643.626 499
644.079 381
644.853 546
646.065 622
646.862 433
647.441 631
647.534 391
648.324 485
648.826 610
649.366 597
649.402 570
649.74 459
649.808 598
650.228 615
651.124 426
651.13 527
651.207 485
651.366 562
651.666 548
651.73 511
652.495 401
653.529 462
653.776 557
653.788 354
654.517 616
655.395 499
656.454 567
656.753 393
657.337 633
657.621 428
657.823 615
658.456 358
658.923 582
659.659 409
659.755 549
659.925 433
662.93 532
663.007 410
667.342 348
667.57 534
668.46 601
668.987 382
669.071 559
670.256 477
670.411 372
670.867 347
672.608 486
672.798 362
673.394 491
675.403 341
675.648 465
676.497 453
677.511 632
679.453 409
680.378 499
681.12 607
681.238 369
681.629 487
681.973 632
682.817 367
684.719 535
684.778 369
684.898 369
684.975 549
685.494 609
685.808 474
686.355 631
686.592 633
687.011 626
687.196 553
687.234 615
687.793 502
688.174 628
689.004 574
689.56 464
689.734 471
690.247 524
690.762 600
690.817 516
691.673 594
691.807 530
692.066 575
692.296 530
693.316 356
694.039 451
694.44 601
696.456 612
697.28 547
698.378 407
698.836 524
699.304 595
699.833 491
701.292 371
701.319 395
703.013 632
703.284 526
703.47 382
704.292 614
704.313 574
704.486 592
705.029 554
705.613 558
708.041 370
708.155 355
708.417 401
708.995 375
711.104 381
711.22 339
711.758 379
712.106 408
712.454 365
714.038 462
714.328 594
714.522 424
716.674 538
717.477 512
717.502 360
718.429 399
718.563 427
718.947 420
719.869 434
719.889 508
720.036 422
720.049 554
720.653 497
722.379 341
722.619 503
726.5 625
726.595 356
726.643 373
726.862 609
726.996 635
727.742 612
728.699 358
729.006 533
730.502 548
731.553 430
731.643 410
732.794 351
732.941 352
733.598 554
733.652 533
733.658 534
735.689 357
735.781 599
736.406 344
736.47 636
736.477 410
737.343 561
737.914 584
738.043 580
738.96 429
739.478 515
740.676 576
741.819 573
741.986 381
742.53 380
742.562 544
743.272 574
743.357 348
743.688 500
743.805 356
744.478 541
745.278 429
748.192 553
748.683 345
748.774 515
749.279 599
750.268 471
750.652 448
751.17 409
751.573 541
753.595 511
753.632 469
754.096 357
754.669 362
756.749 474
757.713 420
758.625 495
758.653 592
758.683 404
758.762 547
759.124 598
759.277 603
759.935 489
760.347 461
760.667 391
760.757 379
762.067 596
764.013 378
764.773 468
766.094 600
766.165 378
768.902 554
769.889 454
772.302 559
773.643 463
773.849 595
774.129 469
774.221 496
774.634 494
775.392 540
775.583 560
776.866 587
777.364 578
778.415 363
778.758 419
779.009 470
779.282 526
779.628 529
780.033 590
780.349 396
781.873 539
782.387 552
782.885 556
783.468 431
785.501 589
785.776 525
785.87 496
785.874 377
786.092 382
786.418 475
787.063 434
787.381 563
788.129 392
788.48 419
788.868 463
789.969 423
790.754 603
791.48 630
791.654 519
791.883 385
791.895 384
793.239 556
793.46 469
794.291 552
795.854 434
796.04 522
796.423 488
798.358 391
798.589 386
798.88 609
798.92 395
799.472 532
801.072 601
801.956 511
803.244 430
803.522 475
804.208 605
804.231 544
804.355 401
804.893 365
805.872 368
805.89 624
806.455 581
806.546 346
806.598 479
806.818 602
807.127 560
808.094 531
808.255 544
808.302 363
809.588 608
809.808 358
809.945 470
810.64 39132
810.726 39132
810.799 38674
810.823 38674
810.899 620
810.945 37203
810.987 37203
811.139 37534
812.788 479
813.066 456
813.119 530
813.501 341
813.824 397
813.832 520
814.037 613
814.13 523
814.898 341
815.738 474
815.888 611
816.11 449
816.173 346
816.747 382
817.07 497
817.504 353
817.719 338
818.012 407
818.35 566
819.685 568
819.771 520
819.795 359
820.377 544
820.411 365
820.416 477
820.833 496
820.878 436
821.575 415
822.081 390
822.188 349
822.192 491
822.444 588
823.162 400
823.274 484
823.296 389
823.383 431
823.429 613
824.116 529
824.542 564
824.676 340
824.686 449
825.805 565
826.154 504
826.159 593
826.72 449
826.897 386
827.989 624
828.081 530
828.186 461
828.279 408
829.298 343
829.908 503
830.05 466
830.679 385
830.978 633
830.988 585
831.332 527
831.561 352
831.643 502
832.015 427
832.363 529
833.219 341
833.283 368
833.38 464
833.809 532
833.883 374
835.145 423
835.556 634
835.891 465
836.274 622
836.427 515
836.624 513
836.765 574
836.827 350
836.935 349
837.053 393
837.37 485
837.524 552
837.598 358
837.803 533
838.219 380
838.622 491
839.142 418
839.489 540
839.526 456
839.981 630
840.02 385
840.945 584
841.545 397
841.728 348
841.757 37977
842.615 605
842.676 485
843.164 473
843.448 356
843.831 511
844.098 516
844.192 597
844.302 614
844.368 450
844.372 371
844.707 352
845.088 397
845.366 497
845.827 495
845.87 380
845.879 491
846.338 606
846.392 574
846.524 599
846.598 37749
847.476 344
847.569 474
848.187 466
848.731 477
848.756 347
849.15 532
849.284 352
849.352 420
849.462 462
849.685 491
849.69 456
849.753 632
849.856 525
849.951 571
849.982 460
850.01 350
850.153 611
850.29 407
850.933 395
850.96 537
851.011 37
851.321 495
851.423 569
851.509 38201
851.579 365
851.862 379
852.187 367
852.377 600
852.46 581
852.605 504
852.761 599
852.84 456
853.034 623
853.269 455
853.705 488
853.941 401
853.969 472
854.074 613
854.144 476
854.381 431
854.601 586
854.699 580
854.835 337
855.139 599
855.185 534
855.196 432
855.257 555
855.343 622
855.358 461
855.371 621
855.515 524
855.79 586
856.046 414
856.09 414
856.131 498
856.168 414
856.232 423
856.258 414
856.261 555
856.547 361
856.571 524
856.624 560
856.929 577
857.049 504
857.12 425
857.263 563
857.651 338
857.653 534
857.913 486
858.124 422
858.718 468
858.819 536
858.864 359
858.876 524
858.939 368
858.973 507
859.018 403
859.687 623
859.766 492
859.998 613
860.207 409
860.573 455
860.731 567
860.748 627
860.978 590
861.014 414
861.018 414
861.035 414
861.046 414
861.077 414
861.081 414
861.119 414
862.293 407
862.389 456
862.414 525
862.44 569
862.526 592
862.593 519
862.744 518
863.341 350
863.621 385
863.647 370
863.667 375
863.74 445
864.269 598
864.312 594
865.07 443
865.089 456
865.19 538
865.314 483
865.736 37369
865.794 37820
865.823 37369
865.869 38276
865.901 37820
865.964 443
865.966 38407
865.977 405
866.053 414
866.058 38276
866.101 414
866.108 414
866.114 414
866.135 414
866.152 414
866.179 37764
866.193 414
866.213 581
866.365 414
866.566 414
866.578 37700
866.626 414
866.795 365
866.798 597
866.868 41
866.899 41
867.499 41
867.503 41
867.684 41
867.969 437
868.097 355
868.098 600
868.547 457
868.591 378
868.77 529
868.858 458
868.869 462
868.967 629
868.995 435
869.151 477
869.227 588
869.242 496
869.321 508
869.57 521
869.582 450
869.681 397
869.871 568
869.929 600
870.026 369
870.254 584
870.375 559
870.483 350
870.495 445
870.6 342
870.887 530
871.03 414
871.044 414
871.058 414
871.068 414
871.119 414
871.126 414
871.127 414
871.17 414
871.381 447
871.403 414
871.477 509
871.539 411
871.574 551
871.661 37440
871.77 37345
871.815 627
872.414 610
872.61 361
872.753 556
872.781 495
873.033 480
873.043 436
873.164 583
873.211 346
873.231 397
873.583 579
873.719 460
874.068 619
874.378 503
874.486 344
874.712 488
875.205 385
875.265 553
875.458 527
875.588 404
876.02 414
876.031 414
876.044 414
876.07 414
876.159 412
876.178 414
876.18 414
876.207 414
876.221 414
876.337 414
876.367 414
876.534 611
876.704 348
876.728 546
876.734 442
876.748 607
876.842 388
877.093 432
877.117 565
877.414 456
877.548 427
877.746 402
878.002 618
878.16 477
878.406 350
878.888 370
879.042 483
879.065 453
879.118 602
879.23 627
879.702 628
879.87 466
879.988 482
880 523
880.16 503
880.221 41
880.751 567
881.083 414
881.105 414
881.132 414
881.138 414
881.166 414
881.228 414
881.233 41
881.317 389
881.342 414
881.358 41
881.417 414
881.544 419
881.883 469
882.06 499
882.11 512
882.113 489
882.128 376
882.143 540
882.424 506
882.635 594
882.65 376
882.671 445
882.713 383
882.775 381
882.815 532
882.846 352
883.126 580
883.26 557
883.651 337
883.821 364
883.943 365
884.133 339
884.943 506
885.424 377
885.435 360
885.448 444
885.733 573
885.91 454
886.046 414
886.075 414
886.075 414
886.077 414
886.08 414
886.14 414
886.153 414
886.173 414
886.182 550
886.19 414
886.492 598
886.625 424
886.724 414
886.765 518
886.794 369
886.801 551
887.465 41
887.655 438
887.758 497
887.823 41
887.855 41
888.113 404
888.16 560
888.435 623
888.439 427
888.452 453
888.475 635
888.545 551
888.787 620
889.23 488
889.231 427
889.515 611
889.963 574
890.075 349
890.096 615
890.182 344
890.342 564
890.601 488
890.615 631
890.662 622
890.738 480
890.756 601
891.036 414
891.042 414
891.069 414
891.08 414
891.101 414
891.135 414
891.146 414
891.158 414
891.319 414
891.474 414
891.662 414
891.671 353
891.746 497
891.778 37715
891.902 547
892.151 419
892.2 377
892.276 574
892.763 636
893.166 426
893.279 471
893.294 375
893.38 453
893.515 571
893.532 587
893.555 369
893.559 596
893.671 339
893.752 474
893.805 421
894.18 635
894.375 598
894.391 598
894.674 569
894.687 539
894.7 628
894.997 511
895.194 428
895.266 609
895.466 574
895.927 518
895.937 458
896.51 602
896.61 362
896.974 610
897.68 548
897.854 609
897.947 468
898.46 364
898.579 582
898.921 469
899.639 607
900.012 469
900.101 533
900.12 605
900.358 338
900.474 356
900.786 409
900.948 601
901.404 629
901.653 621
901.804 455
902.04 426
902.793 478
902.812 568
903.107 625
903.157 412
903.283 625
903.391 579
903.518 360
903.681 464
903.811 468
903.847 552
903.882 490
904.253 400
904.323 376
904.878 586
905.119 465
905.719 507
906.228 542
906.571 507
906.584 504
906.626 38964
906.658 37239
906.696 485
906.785 38240
906.813 622
907.025 561
907.41 568
907.431 429
907.468 475
907.591 394
907.621 338
908.017 388
908.353 475
908.85 580
908.897 487
908.963 621
909.207 398
909.764 375
910.032 448
910.2 613
911.712 492
911.897 582
912.152 569
912.163 349
912.176 480
912.272 477
912.404 409
912.564 413
913.197 475
913.431 340
913.455 391
913.495 460
913.91 415
914.183 491
914.297 624
914.425 525
915.076 445
915.287 518
915.301 374
915.339 485
915.692 624
915.831 578
915.989 357
916.182 37972
916.328 339
916.451 38592
916.519 531
916.745 515
916.761 428
916.801 489
917.138 635
917.161 471
917.208 547
917.22 427
917.404 518
917.537 564
917.556 348
917.571 578
917.839 505
917.875 530
917.944 341
917.986 361
918.007 536
918.063 362
918.071 358
918.087 543
918.411 423
918.844 589
919.08 582
919.142 564
919.196 591
919.24 552
919.808 588
919.953 443
919.991 409
920.167 426
920.264 536
920.66 347
920.672 355
921.137 479
921.168 568
921.339 507
921.647 584
921.754 37235
921.774 353
921.794 558
921.797 346
922.017 630
922.359 392
922.483 616
922.511 406
922.611 436
922.805 410
922.874 433
922.993 432
923.317 391
923.349 463
923.352 554
923.551 439
923.88 573
923.959 592
924.022 600
924.101 437
924.302 615
924.313 352
924.514 502
924.686 474
924.772 387
925.145 595
925.318 603
925.563 358
925.901 382
926.207 548
926.307 40901
926.381 559
926.552 604
926.596 496
926.642 567
926.667 543
926.691 595
926.846 440
926.996 376
927.284 356
927.492 429
927.724 450
927.777 476
927.999 424
928.29 557
929.052 356
929.055 621
929.11 394
929.533 536
929.55 552
929.735 446
929.845 338
929.931 582
930.101 373
930.226 354
930.355 451
930.411 457
930.896 410
931.376 37634
931.626 502
931.678 388
932.392 596
932.417 422
932.543 627
932.57 461
932.577 356
932.827 619
932.879 365
932.978 365
933.085 492
933.432 471
933.454 341
933.467 466
933.961 398
934.781 406
934.796 621
934.822 547
935.116 516
935.168 409
935.261 489
935.527 340
935.653 360
936.189 400
936.507 533
936.642 469
936.702 371
936.94 460
937.477 473
937.774 625
937.858 440
937.978 464
938.327 472
939.082 380
939.244 513
939.587 532
939.609 500
939.641 400
939.839 469
940.371 472
940.404 504
940.696 533
940.707 449
940.721 338
940.733 410
940.798 633
940.914 397
941.13 406
941.357 37192
941.362 378
941.423 579
941.667 483
941.684 37297
941.726 38977
941.738 604
941.998 403
942.26 594
942.449 480
942.638 462
942.92 613
942.964 503
943.689 592
943.759 484
944.274 515
944.29 373
944.768 349
944.85 623
944.89 449
945.055 424
945.274 579
945.478 586
945.972 619
946.233 512
946.525 475
946.67 432
946.75 393
946.764 444
946.942 603
947.174 495
947.198 546
947.57 359
948.379 406
948.521 574
948.567 348
948.969 456
949.088 605
949.35 553
949.365 597
949.413 358
949.73 472
949.765 487
949.779 348
949.789 511
949.799 460
949.893 470
950.388 561
950.718 561
950.821 635
950.897 456
950.918 511
950.989 496
951.163 58407
951.24 38647
951.513 58407
951.564 603
951.63 444
951.716 437
951.753 384
951.759 494
951.815 586
952.111 509
952.363 462
952.625 411
952.648 407
952.755 422
952.863 475
953.078 458
953.115 580
953.192 617
953.245 337
953.267 400
953.37 347
953.496 458
953.597 526
953.619 495
953.823 481
953.899 472
954.47 543
954.56 512
954.656 458
954.754 404
954.83 559
954.881 628
954.955 543
955.221 359
955.423 472
955.664 534
955.695 409
956.124 628
956.375 566
956.607 486
956.759 487
956.885 607
957.021 442
957.612 411
957.87 370
957.942 601
958.002 387
958.125 547
958.242 451
958.282 526
958.499 603
958.705 359
958.824 441
958.9 415
959.036 551
959.284 408
959.425 566
959.68 542
959.723 342
959.866 471
960.18 378
960.863 563
960.99 365
961.009 37
961.218 442
961.328 629
961.63 495
961.685 395
961.897 413
962.229 448
962.602 345
962.691 551
963.29 416
963.548 444
963.58 350
963.591 412
963.718 487
963.846 556
963.946 566
964.119 542
964.579 538
964.622 375
964.873 345
965.008 383
965.144 601
965.168 555
965.375 488
965.583 531
965.751 538
965.955 630
966.558 494
966.564 479
966.619 412
966.642 38250
966.831 350
967.048 635
967.116 449
967.312 427
967.646 625
967.703 504
967.744 503
967.889 551
968.038 370
968.055 436
968.862 539
969.075 396
969.133 565
969.485 517
969.604 410
969.717 408
969.778 396
969.797 356
969.82 396
969.98 410
970.096 594
970.568 630
970.642 348
970.871 469
972.112 451
972.233 435
972.342 392
972.417 519
972.587 387
972.665 617
972.795 340
972.821 486
973.026 514
973.046 366
973.385 411
973.528 369
973.954 619
973.969 488
974.327 603
974.548 401
974.577 350
974.618 570
974.817 634
974.847 419
974.898 518
975.031 625
975.073 434
975.117 451
975.201 601
975.213 373
975.34 393
975.415 555
975.847 418
975.906 405
975.961 636
976.093 531
976.375 37647
976.776 352
976.789 341
977.078 498
977.108 611
977.133 338
977.284 380
977.324 461
977.572 398
977.627 469
977.683 471
977.693 342
977.824 359
978.391 596
978.398 492
978.587 356
978.598 549
978.782 534
979.317 435
979.783 357
980.605 538
980.997 603
981.334 390
981.621 560
981.649 412
981.654 421
981.664 355
981.782 499
981.899 564
982.087 443
982.098 482
982.23 607
982.299 551
982.699 428
983.151 415
983.192 547
983.501 570
983.512 515
983.544 340
983.739 482
983.77 426
984.138 447
984.199 525
984.67 542
984.904 369
985.021 466
985.166 525
985.177 401
985.669 568
985.92 432
986.152 480
986.345 351
986.431 544
986.604 40158
986.674 481
986.726 617
987.44 592
987.84 337
988.033 596
988.047 581
988.114 403
988.258 491
988.461 455
988.903 550
988.921 591
988.938 411
988.975 468
989.162 557
989.499 455
989.504 438
989.562 422
989.695 516
989.864 354
989.936 567
989.974 429
990.421 405
990.596 531
990.608 446
990.619 490
990.648 528
991.264 490
991.336 38162
991.872 564
992.012 437
992.108 343
992.156 448
992.214 598
992.359 383
992.507 600
992.523 404
992.54 400
992.679 471
992.82 445
993.115 521
993.392 530
993.888 459
994.143 624
994.281 503
994.354 624
994.553 501
994.7 585
994.959 388
995.477 342
995.478 495
995.615 474
996.22 507
996.368 499
996.504 605
996.539 396
996.559 37374
996.593 576
996.891 411
996.959 389
997.191 439
997.53 516
997.601 596
997.872 540
997.962 432
998.211 496
998.957 361
999.021 491
999.097 436
999.194 501
999.286 419
999.656 378
999.847 436
999.936 388
