#time bytes-send
11.5267 9
11.556 619
11.5608 486
11.625 551
11.7866 379
12.0101 550
12.0306 422
12.0696 609
12.1169 361
12.2074 470
12.5608 439
12.8127 611
13.4576 546
13.5687 636
14.1395 588
14.5338 595
14.5548 633
14.5788 451
14.8182 552
15.0976 441
15.1158 434
15.1389 569
15.1612 549
15.3391 517
15.4638 440
15.5537 386
15.7209 476
15.8174 571
15.8966 552
16.0063 487
16.2777 603
16.4071 367
16.8109 496
17.0751 399
17.281 438
17.456 589
17.4908 575
17.5348 492
17.5459 629
17.8105 564
17.994 352
18.027 559
18.0645 591
18.3042 521
18.5153 425
18.5609 338
18.5896 342
18.7671 421
19.0071 524
19.0966 491
19.4125 397
19.4353 563
19.6384 466
19.6466 547
19.7013 524
19.9673 632
20.0166 504
20.3582 532
20.4982 536
20.5022 554
20.523 490
20.6061 517
20.7367 384
21.445 593
21.8193 360
21.8282 523
21.8388 375
21.9448 547
22.193 460
22.3596 359
23.0528 369
23.1481 559
23.1616 420
23.1848 341
23.3015 625
23.3871 442
23.7367 601
23.8634 538
24.5383 462
24.7112 432
25.6425 598
25.727 590
25.7955 460
26.2547 492
26.5696 594
26.5762 434
26.6891 508
26.7276 455
26.9804 437
27.0227 530
27.8322 391
27.9129 571
27.9387 518
28.0217 401
28.1195 611
28.3286 492
28.3413 543
28.4682 457
29.0425 393
29.2195 622
29.3235 532
29.496 337
29.5016 532
29.9196 364
29.9512 617
29.978 416
30.1159 551
30.1225 560
30.287 624
30.4316 423
30.5161 480
30.5366 465
30.7193 625
30.7875 430
31.0297 558
31.4472 454
31.8616 627
32.0004 495
32.0157 383
32.4877 350
32.5126 454
32.6234 470
32.8091 412
33.1573 532
33.2866 444
33.3295 365
33.3675 389
33.3856 622
33.4251 369
33.6039 617
33.6178 492
33.7919 511
33.948 546
34.1485 475
34.4592 554
34.7731 421
34.9243 442
34.9896 372
35.013 438
35.0362 428
35.2705 562
35.3642 366
35.3798 359
35.4089 474
35.5331 492
35.7269 537
35.7609 536
36.2549 414
36.3261 441
36.674 583
36.7961 379
36.928 566
37.1102 421
37.147 372
37.4275 357
37.5544 553
37.6256 414
37.6487 511
37.7436 422
38.5963 523
38.6529 533
38.6859 583
38.7528 609
38.7836 390
39.1232 548
39.1969 508
39.5175 625
39.7335 501
39.9048 383
39.9189 401
40.2585 585
40.4243 533
40.5735 507
41.1582 577
41.245 474
41.5539 548
41.8169 581
41.9025 433
41.9588 531
41.9695 523
42.1766 496
42.2232 347
42.5939 434
43.0478 386
43.0591 605
43.1476 378
43.2527 599
43.7029 394
44.0719 572
44.1237 636
44.3511 343
44.3875 636
44.489 412
44.5517 564
45.1385 498
45.1516 552
45.8397 509
46.0016 383
46.0116 406
46.0615 533
46.1498 580
46.1911 536
46.2802 373
46.4056 376
46.6789 349
46.9344 390
47.0951 342
47.1819 614
48.0228 383
48.182 530
48.5994 481
48.9759 583
49.2006 356
50.1957 465
50.627 390
50.7153 370
50.7911 590
50.9663 405
51.0454 576
51.1007 590
51.5423 551
51.6082 416
51.7763 472
51.9797 502
51.999 591
52.0624 366
52.2427 471
52.2852 569
52.3305 517
52.6053 613
52.7026 367
53.041 407
53.1722 596
53.1795 565
53.1941 493
53.2764 540
53.4425 602
54.0409 606
54.2052 344
54.2902 594
54.364 620
54.5295 519
54.6673 478
54.7007 461
54.7242 532
54.8389 513
55.0505 479
55.2698 619
55.3764 477
56.4095 425
56.527 578
56.6004 416
57.1225 369
57.125 405
57.2468 532
57.3669 405
57.5245 368
57.5596 535
57.598 357
57.694 502
57.8083 563
58.1247 620
58.3869 611
58.5149 454
58.8488 607
58.8802 587
59.2735 493
59.4669 430
59.5199 581
59.5853 559
59.6662 562
59.866 535
59.9967 422
60.1577 573
60.2578 537
60.4932 457
60.6472 357
61.6742 476
61.8615 457
61.8942 476
62.1645 472
62.7851 485
63.5747 599
63.6026 358
63.628 541
63.6383 340
63.6423 505
63.6807 548
63.9622 550
63.9694 357
64.0252 517
64.149 584
64.3041 393
64.4468 433
64.4751 429
64.8571 572
65.037 409
65.2612 618
65.3972 473
65.4173 580
65.7572 624
66.2018 357
66.2154 391
66.2221 438
66.5146 432
66.6722 577
66.7358 450
66.7765 635
67.0352 355
67.0902 580
67.1358 414
67.3285 401
67.3821 424
67.4837 501
67.4891 635
67.7483 406
67.8544 497
68.0724 528
68.648 363
68.954 618
68.9826 383
69.1243 497
69.1653 429
69.4049 528
69.5595 398
69.6678 510
69.6697 507
70.2233 483
70.3086 606
70.5254 434
70.5712 510
70.7079 347
70.8518 474
70.8779 599
70.913 626
70.9243 543
71.0563 391
71.2488 489
71.4387 504
72.2958 412
72.341 634
72.3479 571
72.4651 389
72.5801 540
73.0985 482
73.386 485
73.5566 636
73.985 475
74.0445 375
74.1027 591
74.4606 633
74.5139 412
74.7052 390
74.8142 392
74.9097 354
75.3315 526
75.5277 625
75.7938 496
75.8934 528
76.0098 483
76.2822 615
76.4143 503
76.6595 456
77.0627 392
77.5103 544
77.5799 584
77.6292 514
77.6396 429
77.9224 616
78.0781 629
78.1829 575
78.3121 605
78.3399 615
78.74 497
78.9128 636
78.9942 564
79.6791 484
79.8506 459
79.9885 549
80.1999 590
80.3494 359
80.846 535
80.8967 478
81.2102 597
81.3027 352
81.3876 622
81.9786 525
82.2457 571
82.3948 440
82.7793 438
82.8655 447
82.8745 483
82.8864 603
83.0077 589
83.0626 401
83.1604 397
83.1758 553
83.3079 604
83.4623 353
83.5372 458
83.5787 579
83.7214 554
83.8224 473
84.1344 626
84.6642 392
84.7288 560
84.821 528
84.9089 556
85.0361 418
85.179 636
85.2903 418
85.6965 574
85.7299 632
85.8976 376
86.0935 398
86.1255 472
86.5153 618
86.5602 519
86.6781 543
86.694 518
87.5488 582
87.7824 465
88.0225 393
88.1478 393
88.2007 525
88.2044 463
88.4384 615
88.6688 569
89.1143 399
89.3378 533
89.4564 608
89.5346 559
89.5367 598
89.6023 611
89.9054 395
89.9103 442
90.064 541
90.1701 571
90.2303 629
90.361 587
90.6331 405
90.7621 486
90.9164 527
91.4057 402
91.4746 522
91.4947 629
91.5286 439
91.6735 349
91.7238 557
91.8045 401
91.815 442
91.9793 526
92.2477 598
92.3406 386
92.8334 440
92.9141 373
93.0531 568
93.1104 379
93.1489 442
93.1636 432
93.3605 340
93.4454 503
93.5474 464
93.7372 358
93.8582 469
94.5707 629
94.7538 490
94.8558 340
95.4793 423
95.5806 595
95.9348 621
95.9957 472
96.0393 410
96.0721 515
96.0738 421
96.0749 557
96.0768 544
96.0799 574
96.0818 469
96.0838 485
96.0985 575
96.65 502
96.8202 553
96.8306 458
97.0233 554
97.2551 488
97.3758 449
97.4781 483
97.5157 608
98.2021 612
98.2663 546
98.3882 352
98.4527 558
98.5436 467
98.6054 460
98.9734 626
99.1091 405
100.021 444
100.201 497
100.375 352
100.423 633
100.524 372
100.556 594
100.573 426
100.643 515
100.909 607
101.445 611
101.633 345
101.676 509
101.793 364
101.794 340
101.918 594
102.16 577
102.19 610
102.212 554
102.214 614
102.218 503
102.546 423
102.589 514
102.636 476
102.653 606
102.723 343
102.995 452
103.102 518
103.115 568
103.155 609
103.329 572
103.426 388
103.547 518
103.723 599
103.796 557
103.808 602
104.405 483
104.562 411
104.766 390
104.904 429
104.908 427
105.064 540
105.189 461
105.237 356
105.292 517
105.361 356
105.365 473
105.53 559
105.546 385
105.598 636
105.652 427
105.699 417
105.824 421
106 482
106.013 499
106.428 509
106.602 475
106.646 568
106.724 544
107.481 566
107.561 388
107.647 571
107.746 493
108.804 434
109.075 416
109.209 512
109.48 584
109.517 598
109.526 490
109.559 625
109.618 388
109.627 390
109.908 484
109.954 555
110.122 472
110.22 504
110.366 409
110.649 588
110.686 340
110.952 453
111.034 575
111.236 481
111.367 448
111.404 440
111.432 600
112.119 550
112.759 391
113.06 461
113.26 509
113.718 615
114.226 513
114.318 412
114.356 484
114.803 472
114.965 368
115.039 546
115.201 374
115.272 396
115.37 383
115.631 483
116.52 466
116.552 342
116.701 617
116.741 537
117.229 453
117.481 495
117.678 357
117.735 477
117.804 387
118.238 470
118.374 502
118.439 633
118.534 522
118.552 599
118.92 488
118.955 625
119.021 480
119.194 465
119.231 458
119.255 481
119.358 536
119.403 472
119.643 554
119.718 459
119.81 459
120.463 479
120.53 457
120.541 505
120.713 483
120.771 515
121.119 614
121.121 517
121.409 476
121.42 455
121.594 445
121.789 352
121.918 398
121.961 607
122.117 625
122.175 345
122.359 537
122.474 459
122.585 343
122.678 502
123.261 593
123.285 367
123.491 516
123.761 518
124.155 365
124.396 569
124.591 583
124.871 356
124.881 367
124.919 589
124.966 555
125.149 498
125.297 423
125.404 485
125.477 594
125.587 606
125.649 426
126.1 524
126.229 355
126.294 433
126.371 405
126.461 449
126.85 425
127.184 369
127.256 372
127.266 439
127.429 398
127.657 561
127.674 628
127.754 571
127.828 494
128.013 623
128.364 360
128.373 357
128.46 406
128.599 505
128.613 423
128.759 549
128.851 414
128.89 628
130.183 400
130.208 587
130.463 350
130.496 612
130.533 557
130.56 419
130.92 435
131.112 495
131.264 511
131.272 533
131.297 364
131.316 429
131.535 441
131.662 545
131.692 589
131.712 382
131.991 431
132.19 528
132.389 534
132.533 537
132.557 479
132.677 527
132.707 586
132.777 387
132.788 625
132.892 347
133.361 546
133.489 341
133.557 349
133.676 564
133.704 357
134.063 538
134.178 502
134.194 596
134.201 516
134.427 494
135.031 487
135.045 455
135.176 395
135.24 502
135.245 396
135.795 446
135.962 344
136.159 416
136.449 413
136.76 473
136.872 518
136.93 523
137.414 595
137.428 445
137.487 422
137.519 551
137.636 510
137.702 425
137.82 404
137.86 383
138.079 493
138.692 625
138.755 511
138.773 443
138.782 422
138.786 613
138.844 353
138.922 534
139.161 352
139.375 458
139.448 376
139.514 353
139.766 419
139.851 354
139.867 367
139.965 567
140.086 360
140.362 572
140.376 576
140.597 512
140.682 474
141.058 559
141.118 588
141.121 557
141.427 469
141.509 405
141.962 488
142.354 428
142.409 559
142.442 499
142.685 623
142.985 352
143.161 488
143.192 370
143.615 587
144.113 522
144.14 509
144.322 546
144.723 374
144.876 459
144.917 357
145.379 474
145.641 603
145.902 407
146.018 627
146.272 431
146.274 388
146.72 421
146.813 376
147.201 549
147.396 605
147.432 520
147.573 554
147.768 562
147.912 524
147.931 511
147.943 586
147.998 411
148.235 521
148.348 422
148.365 347
148.721 542
148.866 470
148.892 631
149.078 358
149.097 514
149.242 531
149.309 390
149.435 596
149.76 483
150.324 535
150.399 630
150.473 546
150.933 423
151.277 469
151.457 570
151.615 390
152.022 590
152.137 620
152.323 421
152.328 482
152.718 354
152.848 338
152.878 485
153.321 570
153.49 357
153.535 504
153.539 379
153.809 452
153.926 337
154.069 339
154.116 364
154.16 589
154.274 634
154.526 628
154.557 634
154.571 392
154.626 400
154.636 342
154.763 354
154.902 426
154.921 437
155.437 602
155.45 589
155.512 526
155.588 541
155.64 435
156.034 394
156.06 519
156.083 526
156.221 385
156.317 559
156.451 400
157.165 380
157.364 541
157.378 451
157.421 360
157.623 495
157.633 382
158.067 570
158.164 447
158.233 418
158.268 570
158.273 530
158.366 617
158.465 473
158.516 596
159.021 519
159.178 348
159.274 478
159.559 571
159.791 411
159.82 564
159.931 517
159.96 581
160.052 465
160.383 403
160.45 629
160.477 494
161.112 393
161.113 444
161.144 437
161.756 473
161.8 610
161.876 419
162.205 457
162.271 387
162.348 517
162.488 465
162.639 562
162.652 389
162.913 545
163.107 445
163.171 511
163.173 579
163.314 546
163.416 532
163.461 354
163.513 478
163.63 443
163.876 549
163.893 408
164.109 457
164.163 368
164.632 508
165.051 569
165.29 634
165.309 447
165.31 527
165.375 427
165.558 428
165.634 592
165.646 467
165.69 621
165.789 551
165.816 633
165.974 431
166.458 421
166.516 391
166.567 544
166.901 550
166.973 477
166.993 608
167.341 510
167.465 608
167.67 628
167.887 406
167.949 511
167.957 437
168.136 424
168.641 359
168.73 394
168.756 496
169.007 512
169.018 476
169.174 378
169.374 571
169.392 379
169.77 370
170.226 535
170.36 627
170.422 438
170.574 356
170.659 576
170.821 524
170.924 480
171.215 474
171.221 480
171.237 456
171.262 436
171.579 479
171.592 449
171.625 611
171.652 629
171.675 465
171.68 623
171.794 505
171.857 430
172.209 457
172.227 391
172.253 492
172.611 569
173.234 374
173.323 599
173.335 543
173.528 565
173.809 361
173.823 349
174.095 636
174.306 523
174.558 527
174.561 371
174.612 520
174.623 380
175.095 563
175.119 517
175.366 463
175.367 477
175.468 413
175.515 388
175.7 460
175.806 469
175.887 526
175.966 346
176.333 450
176.892 472
177.301 553
177.325 380
177.366 346
178.083 611
178.569 415
178.743 406
178.759 517
178.78 558
178.904 632
178.915 466
178.941 414
178.952 473
179.001 472
179.29 415
179.517 557
179.756 545
179.775 459
179.89 524
179.968 400
180.64 618
180.722 471
180.914 463
180.988 631
181.07 533
181.618 449
182.485 624
182.516 507
182.55 564
182.644 463
182.654 411
182.781 394
182.886 572
183.181 485
183.201 344
183.519 408
183.76 421
183.934 589
184.356 491
184.525 568
184.693 577
185.158 498
185.881 532
186.035 347
186.289 399
186.305 419
186.353 430
186.549 425
186.628 610
186.897 370
186.908 477
187.552 491
187.61 625
187.624 577
187.81 500
187.855 575
187.894 409
187.953 626
188 477
188.298 410
188.324 486
188.335 630
188.366 525
188.447 391
188.462 409
188.823 418
188.941 471
188.965 418
189.164 600
189.173 431
189.609 382
189.76 403
190.446 445
190.605 525
190.743 423
191.035 553
191.218 445
191.436 558
191.72 599
191.772 608
191.792 420
191.892 594
191.938 610
192.252 629
192.256 632
192.313 515
192.435 447
192.475 458
192.55 577
192.573 422
192.696 620
192.761 614
192.819 413
192.952 402
193.402 404
193.538 479
193.703 473
193.743 631
193.823 430
194.315 367
194.601 538
194.612 440
194.722 585
194.74 462
194.912 607
194.953 433
194.991 548
195.093 378
195.158 471
195.387 551
195.503 474
195.629 506
195.82 405
196.013 394
196.07 634
196.418 410
196.485 580
196.5 563
196.568 463
197.406 456
197.955 472
198.276 402
198.88 496
198.958 404
199.177 448
199.572 457
199.644 530
199.745 499
199.746 567
199.931 448
200.194 344
200.651 417
200.657 419
200.951 461
201.388 400
201.652 482
201.665 581
201.688 580
201.759 587
201.796 542
202.296 454
203.025 595
203.038 378
203.122 438
203.275 387
203.287 626
203.338 406
203.649 358
203.727 399
203.827 577
203.916 396
204.242 608
204.352 399
204.901 425
204.986 391
205.117 420
205.452 595
205.753 477
205.855 583
206.307 624
206.613 604
206.641 360
206.98 469
207.064 481
207.137 536
207.277 439
207.285 592
207.305 461
207.68 568
207.693 449
207.933 357
207.947 634
208.061 405
208.278 620
208.514 498
208.551 448
208.63 342
208.659 612
208.773 346
209.007 417
209.046 449
209.058 474
209.237 362
209.556 629
209.927 475
209.995 479
210.074 591
210.188 346
210.762 500
210.834 388
210.867 449
211.064 464
211.436 393
211.752 509
211.793 534
211.869 488
212.202 378
212.394 514
212.538 604
212.612 424
213.292 390
213.524 388
213.678 485
213.715 360
213.721 401
213.742 461
214.059 373
214.28 402
214.412 628
214.419 554
214.456 395
215.115 415
215.296 542
215.709 345
216.007 579
216.063 612
216.129 457
216.974 435
217.013 507
217.353 407
218.247 626
218.37 580
218.432 577
218.699 605
219.09 431
220.112 384
220.421 558
220.622 512
220.826 600
221.374 501
221.592 341
222.714 554
222.793 437
223.333 539
223.617 568
223.78 367
224.11 391
224.223 440
224.361 504
224.701 553
224.921 593
224.94 350
225.108 477
225.241 407
225.472 581
225.499 381
226.831 392
227.39 518
228.426 487
228.513 525
229.291 620
229.871 369
230.971 415
230.982 558
230.987 505
231.153 369
231.743 452
233.103 373
233.806 539
233.821 586
235.293 468
235.573 468
235.757 341
236.018 471
236.934 384
236.97 374
237.672 634
237.754 397
237.861 342
238.156 477
238.605 531
238.609 395
238.752 519
239.055 615
239.219 457
239.788 408
240.654 420
240.719 539
241.984 624
242.364 573
242.89 475
243.343 376
243.681 547
244.548 376
244.689 566
244.765 339
245.482 463
245.727 346
246.867 471
246.905 373
247.395 475
249.093 559
249.749 357
249.911 595
249.967 510
251.052 383
251.684 583
252.078 470
252.335 387
253.702 566
253.732 348
253.939 497
254.077 497
254.083 594
254.113 469
254.685 469
254.98 363
255.258 421
255.502 372
255.671 569
256.173 595
256.482 509
256.628 387
258.033 561
258.299 415
258.62 474
258.872 405
259.302 527
259.728 474
260.166 507
260.43 495
260.883 342
261.304 365
261.314 479
261.413 607
261.478 605
262.003 597
262.107 629
262.248 374
262.655 348
262.735 531
262.755 428
262.794 444
263.056 385
263.21 384
263.885 367
263.974 359
264.033 598
265.369 377
266.518 373
266.843 434
267.403 401
267.718 583
267.816 543
267.881 610
268.939 483
268.999 597
269.12 488
270.448 466
270.451 507
271.193 634
271.874 376
272.172 365
272.32 443
272.995 604
273.15 512
273.552 587
273.692 564
274.115 350
274.259 558
274.353 446
274.466 607
274.745 507
274.764 524
274.865 566
275.162 584
275.458 394
275.506 526
275.555 414
275.559 520
275.593 406
275.896 590
276.001 37
276.004 37
276.004 37
276.007 37
276.017 37
277.566 560
278.187 437
278.188 511
278.569 603
279.257 532
279.501 591
281.43 457
281.575 363
282.312 371
282.426 578
282.516 577
282.76 591
282.838 613
283.18 626
283.463 539
283.847 425
284.379 623
284.904 500
285.073 531
285.123 452
285.175 409
285.332 547
285.508 632
285.682 600
287.731 344
287.817 511
287.832 629
288.246 632
289.3 447
289.615 358
289.812 402
290.369 574
290.974 453
291.002 460
291.717 393
291.841 573
292.107 469
292.176 572
292.27 355
293.211 342
293.739 480
293.852 613
293.899 548
294.117 508
294.347 515
294.489 370
294.519 535
295.345 379
295.878 564
296.345 488
297.413 341
297.955 378
298.212 636
298.407 345
298.568 339
298.624 364
298.983 494
299.009 512
299.262 575
300.536 365
301.004 613
301.364 431
301.457 408
303.217 349
303.287 635
303.416 337
303.44 459
303.759 591
303.925 382
304.101 415
304.158 615
304.386 575
304.683 498
305.422 458
306.487 609
306.507 533
306.597 370
307.443 605
307.56 558
307.679 436
308.007 634
308.473 420
309.396 381
309.503 424
309.658 403
310.293 481
310.577 349
310.771 370
311.234 463
311.752 494
311.825 505
311.865 482
312.321 410
312.587 625
312.634 592
312.672 528
313.131 427
313.169 580
314.019 440
314.198 354
314.417 439
314.524 456
314.797 478
315.42 384
315.862 608
315.893 403
315.909 363
315.933 385
315.952 577
316.112 617
316.412 493
316.698 363
316.993 473
317.563 500
317.823 344
317.862 404
317.921 437
318.834 440
319.936 552
320.489 566
321.005 630
321.018 536
321.019 399
321.02 359
321.349 549
321.745 451
322.047 542
322.184 447
322.648 629
323.093 546
324.661 386
324.677 357
325.206 370
325.632 421
325.638 586
326.17 519
326.458 619
326.591 517
327.957 451
328.276 462
328.359 397
328.892 472
329.074 408
329.524 415
329.579 525
329.854 475
330.657 593
330.978 369
331.288 510
332.143 478
333.379 400
333.485 436
333.553 432
333.569 451
333.646 402
333.692 589
334.398 384
334.472 467
334.888 560
335.391 510
335.454 587
335.945 355
335.992 409
336.415 586
337.555 426
337.592 354
337.979 341
338.021 446
338.17 505
338.649 418
338.691 451
338.952 439
339.51 601
339.607 373
340.117 481
342.795 433
343.532 446
344.237 351
344.826 386
345.08 513
346.204 563
347.399 453
347.57 609
347.788 577
347.889 514
347.896 549
348.114 402
348.566 491
348.595 484
348.915 502
349.13 455
349.16 511
349.396 515
350.123 495
350.862 596
351.233 382
351.4 483
351.952 430
352.283 365
352.555 626
352.746 483
353.392 363
353.575 635
353.828 365
353.857 500
353.983 427
354.436 417
354.962 462
355.419 562
356.162 476
356.312 444
357.015 523
357.08 626
359.207 504
359.383 555
360.432 596
360.569 440
361.415 464
361.489 399
362.482 385
362.996 626
363.172 497
363.516 416
363.743 429
364.02 543
364.106 482
364.169 386
364.637 565
366.24 553
367.401 354
367.818 443
368.636 555
368.95 433
369.311 595
369.566 411
370.096 339
370.963 406
371.122 543
371.263 404
371.288 356
372.328 353
372.969 455
373.526 375
373.781 546
373.842 404
374.1 394
374.144 408
374.751 352
375.734 338
376.461 416
376.585 559
377.07 347
377.164 469
377.235 462
377.409 399
377.413 460
378.051 340
378.113 436
378.397 382
378.413 527
379.731 465
380.085 400
380.571 537
380.762 406
381.136 597
382.48 458
383.612 356
383.706 449
384.301 596
384.325 404
384.445 405
384.526 380
384.616 611
384.74 460
385.044 556
385.239 410
385.313 472
385.673 413
385.833 610
386.405 499
386.519 453
387.184 508
387.41 541
388.129 455
388.42 352
389.395 506
390.039 622
390.188 388
390.413 368
390.673 598
390.764 602
390.768 387
391.05 471
391.101 627
391.749 620
392.197 400
392.3 352
392.869 364
393.115 462
393.217 427
393.267 441
393.361 505
393.579 373
395.279 427
395.646 567
395.653 435
396.06 501
396.074 633
396.528 510
397.193 577
397.569 532
398.005 377
398.635 612
398.953 347
399.09 593
399.395 471
399.672 524
399.76 585
400.007 377
400.375 509
400.601 401
401.461 612
403.88 357
404.391 425
404.58 530
404.654 606
404.84 569
404.891 589
404.92 575
405.179 372
405.502 408
405.636 421
406.138 521
406.179 560
406.218 574
406.414 609
406.574 619
407.195 432
407.289 634
408.413 453
408.689 611
408.716 376
408.981 452
409.427 595
409.484 515
409.876 587
410.319 513
410.522 384
411.129 607
411.206 580
411.248 608
411.646 632
411.883 505
412.736 360
412.95 491
413.846 524
413.867 537
414.091 617
414.234 516
414.834 462
415.064 615
415.167 374
415.173 429
415.215 602
415.351 628
415.839 424
416.181 573
416.951 375
417.165 398
418.256 478
418.257 630
418.543 360
418.817 417
418.848 442
418.989 530
419.068 590
419.989 549
420.157 614
420.68 583
420.732 535
420.914 474
420.977 568
421.158 406
421.169 625
421.259 518
421.263 482
421.726 505
422.501 594
423.288 435
423.682 588
423.823 395
424.098 414
424.341 595
424.495 365
425.557 557
426.329 395
426.695 574
427.069 533
428.293 369
428.947 574
429.347 351
429.662 469
429.907 595
430.001 477
430.589 363
430.737 624
432.39 588
432.992 610
433.476 484
434.146 502
434.305 341
434.591 631
435.065 372
435.498 614
435.959 555
436.493 547
436.5 604
436.836 597
438.333 626
438.408 380
438.955 474
439.039 528
439.538 491
439.573 534
440.509 554
440.608 344
440.859 603
441.595 482
442.083 482
442.269 585
442.84 603
443.066 547
444.321 594
445.247 387
445.686 418
446.756 353
446.777 356
446.826 542
447.62 361
447.625 528
448.922 580
449.301 390
449.505 401
450.047 428
451.313 613
451.396 351
451.789 550
452.123 413
452.234 628
452.253 534
452.864 477
453.126 359
453.323 546
453.865 622
454.874 521
455 593
455.072 518
455.17 476
455.523 400
455.715 476
455.963 412
456.229 554
457.153 548
457.586 515
458.188 635
458.44 631
458.954 415
459.077 526
459.156 505
459.62 382
460.55 551
460.638 521
460.662 381
460.701 630
461.066 383
461.704 345
462.123 469
462.155 381
462.25 425
462.32 377
462.507 415
463.422 631
463.577 538
463.741 407
463.746 549
463.872 526
463.88 389
464.045 541
465.575 426
465.61 449
465.859 458
466.103 433
466.532 477
466.819 623
466.839 468
466.919 521
467.144 383
468.003 482
468.191 603
469.006 442
469.211 625
469.412 361
470.999 339
471.071 590
471.259 417
471.424 433
471.717 614
471.946 535
472.292 535
472.322 347
472.53 614
473.162 540
473.359 623
473.84 604
474.169 635
474.385 353
474.598 344
474.673 384
475.367 370
475.753 534
476.312 385
476.711 598
476.767 544
476.782 589
477.016 532
477.15 558
478.091 382
478.167 373
478.339 494
478.465 355
478.587 522
478.719 585
479.035 538
479.097 560
479.626 356
479.696 404
480.381 615
480.913 384
481.026 457
481.28 440
482.454 559
482.639 472
483.188 395
484.028 518
485.717 535
485.723 547
485.774 533
485.936 354
485.976 610
486.711 377
486.939 417
488.049 439
488.258 379
488.351 444
488.913 442
489.659 340
489.938 545
490.025 341
490.265 414
490.805 487
490.846 630
491.02 377
491.255 531
492.251 493
492.829 494
492.85 569
493.021 383
493.147 483
493.25 594
494.318 403
494.425 587
494.648 431
495.384 527
496.612 609
496.652 444
497.664 403
498.907 506
500.014 412
500.262 354
500.589 501
500.874 596
501.431 615
502.317 468
502.72 359
502.986 345
503.365 360
503.606 428
503.625 464
503.917 471
505.296 512
506.867 340
506.996 540
507.51 478
507.706 538
508.023 559
508.779 619
509.521 574
510.075 514
510.346 397
510.548 452
511.42 500
511.819 520
511.996 597
512.178 628
512.407 412
512.74 507
512.963 448
513.455 371
513.771 361
513.822 451
513.913 621
514.072 570
514.345 347
514.71 395
514.968 568
515.657 375
516.498 554
516.591 406
517.296 545
517.414 509
517.654 504
517.944 367
519.883 544
520.071 477
520.141 464
520.234 586
521.303 534
521.526 421
521.708 522
521.746 555
522.779 591
523.124 517
523.46 397
523.635 485
523.783 369
524.203 374
524.438 608
524.732 454
525.318 575
525.369 340
525.49 481
526.495 593
526.499 504
526.839 553
527.627 408
527.632 490
527.764 522
527.908 510
528.112 494
528.137 386
528.359 548
528.521 391
529.654 572
529.781 396
529.846 562
529.89 420
530.554 374
531.587 371
533.019 344
533.561 494
533.879 543
533.987 380
534.722 587
535.617 594
536.985 445
536.997 370
537.052 504
537.48 393
537.615 474
537.844 554
538.014 359
539.37 629
539.425 500
539.471 615
539.659 466
539.673 494
539.856 372
540.182 507
540.253 619
540.618 626
541.185 575
541.198 544
541.477 535
541.746 382
543.164 464
543.924 590
544.131 467
544.24 545
544.508 474
544.702 377
544.887 592
544.976 582
545.182 537
545.818 409
546.192 361
546.211 378
546.74 414
546.807 523
547.81 583
548.83 554
548.902 436
548.983 491
550.701 355
550.982 456
551.553 541
551.644 399
551.788 607
552.053 357
553.043 428
553.343 583
553.764 444
554.06 349
554.286 511
555.134 469
555.195 461
555.302 517
555.429 449
555.782 519
556.032 381
556.479 429
556.734 577
557.312 600
557.761 567
557.793 422
558.595 401
559.138 573
559.807 442
559.837 515
560.067 586
561.532 448
561.553 518
561.674 374
561.778 501
561.861 624
562.841 444
563.609 343
563.7 586
564.133 430
564.172 355
564.529 491
564.703 423
565.652 561
565.747 569
565.946 415
565.982 402
566.09 389
566.699 536
566.701 342
566.918 455
566.995 407
567.073 406
567.438 379
567.442 368
567.711 563
568.617 456
568.644 573
568.748 428
568.847 632
568.982 589
569.24 477
569.75 422
569.965 387
570.047 443
571.648 595
571.843 617
573.94 571
574.874 390
575.058 442
575.071 459
575.134 521
575.527 454
575.679 458
575.883 511
575.89 484
576.063 575
576.24 607
578.739 411
579.061 608
579.259 552
579.378 362
579.621 406
579.928 438
580.336 370
580.996 547
581.364 600
581.759 567
581.914 559
582.218 588
582.252 517
582.572 632
582.771 369
582.98 380
583.094 489
584.429 601
585.137 620
585.171 544
585.361 622
585.382 463
585.438 480
585.561 361
585.958 584
586.043 436
586.101 453
586.616 603
587.118 500
587.36 513
587.406 534
587.471 572
587.673 372
588.697 421
589.085 480
589.344 589
590.123 434
590.244 582
590.247 607
591.045 593
591.243 568
591.476 547
591.706 481
592.62 496
592.923 430
592.986 505
593.165 576
593.286 470
593.411 432
593.896 340
593.99 472
594.22 523
594.439 541
594.954 379
595.814 490
595.823 524
595.894 559
596.114 429
596.892 459
597.249 416
597.924 450
599.391 565
600.524 498
601.5 480
601.692 625
602.127 387
602.298 513
602.837 576
602.917 583
603.047 401
603.219 518
603.356 527
603.689 414
603.981 476
604.293 590
605.726 346
605.992 427
606.527 527
606.657 420
606.99 590
607.452 605
607.897 460
608.58 455
608.895 413
609.104 610
609.742 577
609.969 411
610.188 582
610.379 341
610.674 620
611.596 528
611.788 435
612.28 635
612.586 478
613.188 515
613.364 563
614.193 471
614.21 433
614.219 370
614.684 384
614.867 410
614.925 483
615.613 424
616.986 624
617.327 363
617.426 543
617.941 400
619.016 505
619.281 576
619.556 348
619.999 357
621.228 350
621.401 546
621.975 482
623.11 343
623.246 497
623.59 602
624.477 341
624.771 341
625.188 588
625.762 508
626.043 431
626.322 428
626.502 557
626.627 460
626.739 383
626.842 359
627.334 413
627.641 377
628.127 617
628.47 466
628.675 405
629.003 464
629.009 462
629.384 608
629.666 613
630.047 351
630.434 398
631.004 436
631.077 627
631.159 571
631.494 629
631.92 589
632.287 355
632.758 467
633.156 633
634.161 551
634.716 470
635.446 436
636.1 568
636.776 351
637.133 425
637.779 595
638.01 421
638.127 373
638.25 482
638.598 548
639.274 498
640.336 540
640.703 625
640.763 380
640.914 526
640.995 358
641.071 349
641.431 488
641.547 375
642.56 405
643.536 343
643.727 448
644.083 353
644.143 346
644.788 486
645.04 632
645.094 561
645.097 444
646.356 440
646.552 544
646.831 605
646.834 562
647.33 493
648.06 487
648.103 533
648.441 341
648.445 623
649.342 347
649.543 357
649.662 618
650.288 559
650.364 498
650.797 519
651.029 474
651.459 591
651.735 553
652.411 390
653.05 511
653.212 618
653.571 500
654.673 535
654.811 617
654.961 373
655.026 560
655.925 363
656.327 462
656.424 542
656.833 590
656.931 364
657.05 616
657.097 404
658.408 634
658.802 492
658.932 568
658.986 394
659.837 560
660.204 437
660.305 587
661.545 482
662.58 381
662.627 393
662.937 424
663.012 622
664.01 383
664.349 342
665.072 496
665.35 516
665.44 616
666.45 567
666.581 635
667.061 599
667.63 493
667.889 387
668.71 344
669.24 503
671.804 635
672.113 492
672.314 389
673.277 553
673.566 634
673.768 573
674.387 607
674.683 612
675.075 628
675.159 399
675.502 358
675.76 476
675.941 409
677.66 525
678.255 538
679.226 468
679.747 414
680.124 492
680.246 605
680.474 597
680.694 619
680.939 488
680.968 405
681.145 460
681.196 447
681.263 443
681.406 569
681.584 561
681.857 486
682.044 372
682.115 445
682.401 426
682.901 504
683.451 549
683.582 432
684.008 508
684.341 496
684.44 376
684.697 375
684.821 441
685.456 631
685.624 432
686.227 465
686.236 583
686.834 573
686.978 617
687.537 576
687.929 555
688.223 529
689.011 494
689.127 633
689.5 599
690.544 350
690.866 392
691.253 513
691.864 401
691.865 543
691.871 624
692.043 445
692.227 613
692.236 438
692.374 470
693.405 536
695.688 634
696.062 603
696.09 360
696.107 547
696.144 402
696.165 568
696.288 506
696.943 464
697.494 416
697.764 555
697.893 632
700.521 392
700.89 386
700.9 439
701.065 472
701.4 467
702.087 361
702.184 438
702.214 393
702.371 615
703.011 416
703.027 513
703.675 598
703.691 600
704.807 585
705.44 493
705.51 360
705.547 595
705.561 614
705.726 602
705.74 616
706.016 548
706.154 529
706.303 460
706.526 438
706.931 543
707.396 560
707.553 372
708.234 475
708.369 604
708.576 430
708.609 444
709.569 618
709.909 511
710.336 513
710.488 424
710.639 573
711.868 389
712.485 498
712.631 436
712.774 440
713.385 397
714.305 495
714.818 552
715.127 439
715.368 442
715.373 549
715.864 396
716.331 490
718.469 446
718.523 388
719.164 390
719.183 627
720.114 452
721.123 416
721.345 563
722.389 530
722.57 466
723.816 340
723.82 376
724.559 468
724.619 634
724.663 547
725.368 416
726.053 477
726.149 359
726.208 549
727.299 518
727.404 488
727.731 493
728.695 365
729.198 495
729.49 625
729.574 459
729.583 471
729.667 491
729.731 465
729.895 604
730.021 342
730.146 454
730.346 532
730.663 443
730.839 523
731.456 541
731.6 509
732.08 630
732.153 449
732.764 560
732.938 544
733.108 412
733.2 545
734.904 398
735.29 393
735.328 404
736.675 480
737.05 514
737.347 511
738.388 469
739.068 490
739.076 419
739.096 359
739.352 541
739.662 347
739.869 348
740.067 515
741.268 631
741.536 623
741.72 473
741.742 607
742.334 515
744.65 593
745.126 474
745.142 406
745.788 412
746.138 430
746.423 551
746.648 456
746.976 516
747.041 373
747.077 546
747.971 366
748.237 601
748.791 400
749.445 409
749.458 416
749.527 414
749.676 448
749.684 464
750.198 487
750.633 348
750.748 494
751.052 630
751.163 451
751.523 439
751.584 351
751.604 506
752.312 404
752.454 552
752.957 431
752.963 608
753.064 478
753.386 566
753.638 506
754.805 592
755.263 372
755.499 582
756.721 567
756.947 628
757.09 533
757.45 586
757.488 487
757.702 609
757.907 617
759.282 409
759.322 390
759.34 486
760.132 514
760.269 481
760.291 537
761.437 507
761.498 628
761.661 376
762.887 530
763.331 497
763.367 549
763.867 628
764.819 486
765.596 546
765.661 577
765.768 595
766.198 597
766.274 561
766.784 362
767.601 387
767.935 523
768.141 616
768.357 403
769.031 531
769.515 508
769.64 599
769.709 548
771.029 429
771.393 541
771.811 413
772.067 379
772.325 600
772.335 345
772.619 430
772.727 614
773.365 536
773.643 635
773.852 371
773.952 587
774.627 344
774.77 585
775.442 451
776.05 352
776.352 411
776.803 503
777.232 429
777.248 426
777.934 355
778.261 527
778.297 413
778.394 410
778.758 401
779.086 629
779.6 342
779.847 392
779.873 570
780.773 496
780.814 509
780.981 600
781.097 547
781.751 518
781.848 514
782.486 534
782.825 412
783.038 350
783.336 381
784.078 342
784.36 350
784.498 578
784.975 570
785.517 566
786.47 401
786.774 471
787.639 482
788.651 436
788.974 487
789.174 358
790.673 608
790.936 441
791.555 381
792.306 394
792.605 467
793.105 478
793.458 461
793.463 633
794.466 538
794.829 619
795.02 627
795.158 438
795.31 540
795.782 528
796.042 416
796.308 509
796.803 414
796.968 422
797.095 351
797.121 434
797.169 476
797.174 545
797.358 543
797.368 415
797.418 551
797.809 494
798.08 629
798.276 463
799.126 372
799.389 546
799.518 352
799.646 378
799.991 393
800.189 403
800.316 399
800.695 350
800.783 476
800.974 612
801.003 479
801.21 591
801.29 423
802.585 625
802.789 550
803.019 439
803.202 397
803.441 399
804.385 427
804.762 418
804.865 338
805.178 570
806.531 591
807.396 341
807.902 601
807.992 447
808.004 475
808.255 352
808.865 440
809.868 341
810.707 465
810.847 542
811.356 574
811.361 553
811.648 443
811.964 583
812.054 416
812.074 428
812.11 577
812.877 620
813.383 384
813.87 451
814.124 414
814.181 371
814.475 489
815.055 438
815.539 408
815.573 482
815.858 553
816.171 605
816.49 364
816.675 633
817.099 583
817.302 356
818.245 540
818.457 609
818.698 344
818.723 450
819.982 570
820.054 476
820.347 586
820.488 581
821.64 502
821.94 453
822.247 451
822.369 474
822.444 447
822.513 585
822.878 493
824.247 434
825.306 567
826.561 630
826.889 368
827.233 514
827.592 535
828.431 608
828.497 451
828.902 414
828.913 411
829.32 413
829.48 430
829.556 600
829.667 457
829.889 353
830.28 556
830.776 623
831.144 340
831.168 391
831.238 489
831.768 624
832.283 581
832.522 543
832.619 377
832.724 548
832.897 613
833.161 451
833.48 581
833.54 516
833.649 595
833.938 481
834.156 614
834.629 572
834.76 377
834.833 578
834.837 455
835.187 575
835.27 524
835.565 586
835.742 352
835.849 392
836.218 385
836.259 338
836.45 440
836.474 364
836.895 538
837.002 461
837.03 443
837.345 525
837.751 611
837.79 546
838.004 354
838.115 595
838.228 617
838.811 597
838.882 562
839.023 589
839.242 587
839.402 550
839.543 416
839.581 573
839.661 566
839.704 579
839.741 597
839.754 574
839.951 523
840.091 393
840.101 497
840.311 457
840.369 448
841.008 37
841.122 479
841.147 473
841.357 569
841.4 413
841.535 481
841.595 432
842.06 354
842.667 545
842.827 346
842.947 466
843.193 525
843.3 438
843.324 478
843.446 540
844.003 458
844.077 623
844.168 387
844.375 358
844.422 376
844.495 585
844.672 608
844.889 368
845.232 458
845.546 383
845.823 361
845.857 422
846.048 382
846.127 468
846.379 585
846.5 359
846.608 408
847.437 446
847.519 586
847.546 596
847.813 516
847.867 564
847.875 558
847.877 527
848.007 347
848.093 396
848.206 454
848.6 339
849.351 496
849.517 592
849.797 437
850.367 403
850.495 426
850.603 579
850.866 461
850.943 479
851.186 415
851.229 341
851.289 496
851.372 443
851.395 520
851.681 552
851.78 608
852.381 373
852.399 613
852.918 9
852.932 613
853.92 549
854.11 618
854.143 586
854.259 482
854.314 613
854.484 346
854.53 384
854.603 576
854.857 515
855.155 398
855.254 609
855.814 511
855.982 445
856.002 37
856.091 37
856.102 37
856.118 37
856.133 37
856.289 594
856.386 499
856.491 364
856.892 469
856.952 560
856.99 377
857.13 492
857.224 578
857.282 384
857.44 373
857.444 419
857.455 408
858.267 447
858.307 404
858.309 596
858.514 613
859.037 498
859.099 554
859.138 543
859.233 441
859.243 472
859.281 403
859.642 363
859.651 358
860.262 373
860.308 520
860.574 398
860.717 439
860.963 340
861.005 37
861.007 37
861.009 37
861.012 37
861.018 37
861.018 37
861.019 37
861.022 37
861.025 37
861.025 37
861.028 37
861.033 37
861.033 37
861.051 37
861.06 37
861.06 37
861.061 37
861.062 37
861.064 37
861.229 448
861.233 452
861.298 342
861.48 389
861.527 628
861.556 551
861.566 511
861.736 620
861.775 392
862.007 450
862.206 394
862.321 534
862.438 619
862.473 407
862.988 605
863.087 439
863.441 461
863.469 423
864.032 434
864.076 367
864.317 598
864.512 532
864.591 574
864.805 400
864.94 539
865.044 499
865.058 534
865.08 533
865.427 440
865.582 450
865.688 587
865.706 602
865.968 507
866.001 37
866.007 37
866.007 37
866.008 37
866.009 37
866.014 37
866.015 37
866.018 37
866.02 37
866.023 37
866.024 37
866.027 37
866.03 37
866.034 37
866.042 37
866.042 37
866.049 37
866.061 37
866.061 37
866.239 462
866.348 632
866.484 451
866.962 595
867.15 480
867.243 519
867.463 573
867.581 573
867.596 598
867.968 584
868.337 435
869.403 544
869.608 471
869.811 523
870.07 517
870.51 499
870.588 386
870.627 541
870.782 475
871.008 37
871.021 37
871.022 37
871.024 37
871.024 37
871.028 37
871.031 37
871.033 37
871.034 37
871.038 37
871.072 37
871.09 37
871.093 37
871.094 37
871.757 401
872.159 366
872.189 510
872.399 530
872.576 477
872.682 347
872.832 554
872.93 543
872.983 459
873.04 412
873.134 358
873.237 483
873.367 559
873.532 574
873.556 510
873.637 401
873.777 366
873.967 444
874.182 595
874.291 484
874.302 479
874.374 389
874.531 451
874.629 616
874.729 598
875.538 413
875.55 362
875.832 477
875.953 483
876.001 37
876.002 37
876.003 37
876.005 37
876.005 37
876.006 37
876.007 37
876.007 37
876.009 37
876.01 37
876.011 37
876.012 37
876.013 37
876.014 37
876.028 37
876.039 37
876.041 37
876.08 37
876.089 37
876.091 37
876.092 37
876.106 37
876.214 355
876.267 465
876.569 442
876.624 383
876.719 594
877.233 566
877.32 438
877.455 370
877.473 590
877.603 357
877.613 41
878.036 496
878.083 546
878.102 41
878.148 362
878.211 385
878.356 41
878.728 525
878.994 466
879.051 489
879.093 352
879.113 41
879.157 543
879.49 430
879.538 399
879.55 505
879.621 462
879.684 550
879.695 438
879.73 542
879.751 365
879.974 585
880.621 340
880.674 413
880.79 41
880.915 350
881.023 37
881.023 37
881.026 37
881.027 37
881.035 37
881.041 37
881.047 37
881.053 41
881.066 37
881.069 37
881.076 37
881.138 37
881.141 37
881.286 37
881.318 37
881.325 37
881.575 387
881.679 37
881.684 37
881.694 37
881.712 37
881.749 384
881.967 1057
881.973 50943
881.975 959
882.028 1057
882.244 38323
882.268 397
882.347 50943
882.482 38323
882.648 50943
882.933 37391
882.967 50943
883.006 39987
883.144 514
883.547 593
883.622 569
883.653 38174
883.7 423
883.797 37867
883.835 39500
883.86 531
883.873 628
883.909 378
883.936 514
883.965 578
884.141 432
884.324 496
884.396 385
884.677 375
884.7 441
884.822 379
884.825 450
885.125 465
885.146 547
885.419 594
885.426 377
885.476 542
885.509 454
885.763 533
885.932 497
885.988 419
886.002 37
886.003 37
886.006 37
886.006 37
886.007 37
886.009 37
886.01 37
886.011 37
886.012 37
886.013 37
886.014 37
886.016 37
886.024 37
886.034 37
886.038 37
886.038 37
886.041 37
886.041 37
886.044 471
886.068 37
886.116 416
886.261 428
886.325 41121
886.489 54302
886.803 340
886.911 481
886.98 374
887.025 423
887.042 463
887.055 397
887.245 454
887.407 491
887.453 509
887.481 483
887.536 536
887.602 533
887.71 573
887.734 395
887.842 386
887.885 339
888.031 532
888.271 543
888.309 444
888.378 499
888.485 625
888.528 559
888.586 346
888.714 519
888.856 400
889.316 600
889.443 389
889.637 516
889.889 437
889.978 469
890.212 472
890.485 439
890.506 494
890.508 473
890.921 373
890.974 610
891.002 37
891.004 37
891.004 37
891.005 37
891.006 37
891.006 37
891.008 37
891.009 37
891.011 37
891.021 37
891.027 37
891.03 37
891.034 37
891.037 37
891.04 37
891.04 37
891.082 37
891.109 37
891.144 37
891.147 37
891.154 37
891.174 37
891.176 37
891.177 37
891.178 37
891.38 456
891.456 361
891.604 388
891.707 536
891.717 547
891.856 431
891.923 588
892.293 429
892.434 514
892.809 546
892.861 486
893.421 398
893.667 468
893.857 382
893.928 343
894.252 597
894.258 469
894.774 602
894.785 405
894.84 628
894.899 495
895.418 563
895.428 381
895.732 350
895.856 629
896.001 37
896.001 37
896.002 37
896.006 37
896.01 37
896.013 37
896.015 37
896.015 37
896.017 37
896.017 37
896.033 37
896.034 37
896.037 37
896.142 37
896.158 37
896.167 37
896.176 37
896.176 37
896.222 528
896.293 344
896.592 591
896.631 357
896.979 516
897.035 362
897.064 542
897.111 453
897.174 538
897.308 587
897.482 438
897.71 635
897.757 368
897.772 508
897.9 381
897.924 552
898.008 585
898.156 347
898.26 467
898.38 570
898.531 366
899.207 389
899.215 580
899.478 409
899.747 629
899.763 434
900.104 417
900.114 416
900.413 467
900.44 483
900.677 347
900.821 498
901.002 37
901.004 37
901.006 37
901.007 37
901.007 37
901.008 37
901.009 37
901.01 37
901.013 37
901.014 37
901.015 37
901.017 37
901.018 37
901.019 37
901.019 344
901.024 37
901.025 344
901.028 37
901.029 37
901.032 37
901.032 37
901.033 37
901.045 344
901.047 344
901.05 344
901.119 37
901.122 37
901.126 37
901.126 37
901.166 344
901.271 515
901.679 371
901.993 636
902.085 360
902.159 462
902.177 352
902.185 606
902.435 410
903.296 529
903.348 632
903.464 620
903.543 443
903.687 452
903.821 351
904.012 391
904.201 465
904.402 353
904.795 380
904.869 517
905.163 440
905.387 458
905.707 425
905.822 552
905.859 467
906.002 37
906.003 37
906.006 37
906.007 37
906.008 37
906.009 344
906.01 37
906.011 37
906.015 37
906.016 37
906.016 37
906.017 37
906.018 37
906.019 37
906.019 37
906.02 37
906.02 37
906.021 37
906.021 37
906.022 37
906.022 37
906.025 37
906.025 37
906.026 344
906.029 37
906.034 344
906.038 344
906.038 37
906.069 37
906.073 344
906.148 344
906.448 340
906.502 345
906.589 577
906.696 606
906.73 563
907.547 590
907.639 362
907.736 520
908.027 617
908.15 504
908.325 433
908.472 511
908.477 466
908.54 364
908.612 569
908.655 518
909.14 592
909.374 428
909.847 617
910.068 514
910.393 417
910.604 379
910.679 397
910.869 381
910.91 397
911.001 37
911.002 37
911.004 37
911.004 37
911.005 37
911.006 37
911.007 37
911.007 37
911.008 37
911.009 37
911.012 37
911.013 37
911.013 37
911.014 37
911.015 344
911.015 37
911.016 37
911.018 37
911.019 344
911.019 37
911.021 344
911.023 344
911.024 37
911.026 37
911.027 344
911.029 344
911.564 383
911.677 546
911.833 351
912.024 430
912.106 544
912.618 400
912.622 617
913.348 447
913.662 442
913.722 404
913.784 619
914.042 603
914.049 337
914.578 569
914.936 635
915.095 369
915.614 341
916.001 37
916.003 37
916.004 37
916.004 37
916.005 37
916.006 37
916.007 37
916.008 37
916.008 37
916.009 37
916.009 37
916.011 344
916.014 344
916.017 37
916.017 37
916.019 344
916.021 344
916.024 37
916.029 37
916.03 37
916.035 37
916.04 37
916.041 37
916.056 344
916.138 344
916.336 570
916.421 610
916.542 449
916.776 383
916.79 610
916.931 596
917.025 376
917.048 578
917.133 458
917.443 490
917.779 389
917.802 592
918.685 474
918.733 371
919.349 522
919.454 366
919.465 519
919.572 486
919.767 446
920.156 590
921.001 37
921.003 37
921.005 37
921.006 37
921.007 37
921.007 37
921.009 37
921.011 344
921.012 37
921.014 37
921.016 344
921.018 37
921.019 37
921.02 37
921.021 37
921.026 37
921.029 37
921.031 344
921.032 37
921.036 37
921.037 344
921.039 37
921.047 344
921.233 383
921.298 37
921.306 344
921.535 526
921.68 364
921.733 603
922.006 457
922.178 465
922.386 505
922.611 614
922.928 617
923.171 499
923.344 402
923.45 393
923.56 516
923.648 351
923.671 370
923.847 469
923.946 580
923.977 464
924.165 413
924.451 491
924.517 562
924.597 582
924.746 518
924.77 466
924.823 632
924.85 543
925.015 387
925.044 459
925.127 378
925.317 489
925.438 526
925.73 620
925.75 380
925.887 360
925.907 601
925.912 420
926.001 37
926.002 37
926.003 37
926.004 37
926.004 37
926.008 37
926.008 37
926.01 37
926.01 37
926.013 37
926.014 37
926.014 37
926.016 37
926.018 37
926.021 344
926.022 37
926.024 37
926.025 37
926.026 344
926.03 344
926.039 344
926.067 344
926.151 344
926.286 360
926.316 581
926.487 489
926.726 451
926.888 499
927.033 621
927.098 426
927.187 541
927.261 559
927.578 514
927.618 395
927.996 344
928.006 416
928.264 339
928.3 502
928.637 551
928.647 486
928.781 516
928.803 365
929.05 575
929.062 425
929.094 364
929.18 549
929.241 408
929.609 341
929.619 415
930.111 512
930.513 480
930.516 417
930.889 595
931.001 37
931.002 37
931.005 37
931.006 37
931.007 37
931.008 344
931.008 37
931.009 37
931.011 344
931.014 37
931.027 37
931.031 344
931.036 37
931.046 344
931.054 37
931.075 37
931.076 37
931.084 344
931.363 546
931.405 37
931.406 37
931.406 37
931.415 344
931.56 583
931.602 354
931.684 362
931.685 450
931.799 427
932.276 527
932.299 568
932.722 570
933.119 473
933.737 390
934.044 401
934.471 398
934.852 495
935.147 380
935.26 362
935.414 618
935.588 583
935.618 384
935.682 564
935.887 525
936.001 37
936.004 37
936.006 37
936.006 344
936.008 37
936.008 37
936.009 37
936.01 37
936.012 37
936.013 344
936.024 37
936.028 37
936.029 344
936.03 37
936.035 37
936.039 37
936.042 37
936.047 37
936.048 37
936.048 344
936.054 344
936.063 344
936.596 598
936.603 520
936.616 533
936.628 588
936.85 602
936.997 587
937.017 590
937.055 606
937.143 442
937.245 372
937.303 346
937.309 479
937.327 597
937.487 598
937.567 418
937.933 571
937.962 468
938.29 374
938.576 348
938.666 586
939.093 432
939.188 351
939.299 380
939.642 437
939.669 360
939.9 377
940.248 381
940.307 612
940.505 353
940.624 483
940.873 614
940.908 545
940.943 497
941.001 37
941.001 37
941.002 37
941.004 344
941.005 37
941.006 37
941.01 37
941.012 37
941.016 37
941.017 344
941.019 37
941.02 37
941.022 37
941.023 37
941.026 37
941.027 344
941.029 37
941.03 344
941.044 37
941.061 344
941.079 344
941.186 577
941.201 488
941.263 385
941.384 39302
941.631 590
941.907 612
941.947 452
942.615 547
942.637 400
942.873 487
942.877 354
942.93 410
942.997 547
943.471 443
943.573 546
943.746 580
943.747 413
943.857 524
943.911 627
944.253 441
944.353 423
944.543 442
944.664 441
944.7 402
944.702 407
944.704 554
944.797 394
944.897 428
944.915 409
944.969 502
945.256 399
945.315 530
945.457 573
945.493 374
945.507 621
945.627 604
945.732 498
945.748 582
946.001 37
946.002 37
946.003 37
946.004 37
946.005 37
946.006 344
946.007 344
946.009 37
946.011 37
946.013 37
946.014 37
946.014 37
946.018 37
946.022 37
946.024 37
946.027 344
946.029 344
946.036 344
946.2 475
946.239 573
946.286 363
946.827 519
947.058 416
947.377 578
947.42 470
947.429 457
947.46 587
947.524 460
947.685 480
947.754 457
947.793 605
948.043 449
948.224 393
948.805 575
949.142 345
949.17 340
949.246 591
949.337 614
949.47 397
949.506 601
949.543 452
949.749 386
949.761 443
949.85 599
950.312 440
950.83 440
951.001 37
951.001 37
951.004 37
951.006 37
951.008 37
951.008 344
951.01 37
951.013 344
951.016 37
951.023 37
951.025 37
951.026 37
951.03 37
951.031 344
951.035 344
951.045 344
951.135 37
951.137 344
951.562 544
951.616 617
951.881 604
952.056 473
952.466 559
952.577 526
952.585 347
952.689 634
952.775 606
953.52 615
953.679 603
953.866 565
954.157 488
954.189 527
954.399 513
954.693 465
954.768 450
954.899 415
955.873 350
956.002 37
956.003 344
956.004 37
956.007 344
956.009 37
956.01 37
956.016 37
956.021 344
956.023 37
956.029 37
956.033 37
956.034 37
956.035 344
956.042 344
956.059 37
956.06 37
956.06 37
956.061 344
956.155 580
956.334 351
956.569 414
956.85 374
957.176 422
957.847 491
958.252 459
958.448 409
958.464 460
958.693 342
958.915 387
958.95 555
959.205 635
959.314 421
959.484 575
960.326 440
960.361 598
960.654 586
960.757 506
960.967 542
960.996 363
961.002 37
961.003 37
961.005 37
961.007 37
961.007 37
961.008 37
961.009 344
961.011 37
961.012 344
961.013 385
961.013 37
961.015 344
961.017 37
961.018 385
961.019 37
961.022 344
961.025 385
961.03 37
961.032 344
961.033 385
961.041 385
961.115 385
961.172 492
961.295 37
961.303 344
961.308 385
961.36 450
961.405 338
962.318 511
962.534 620
962.809 552
962.859 409
962.904 366
962.973 453
962.975 434
962.983 427
963.234 515
963.253 596
963.529 559
963.796 515
963.806 428
964.007 549
964.009 553
964.035 521
964.254 510
964.327 621
964.86 455
964.92 572
965.092 530
965.151 613
965.633 573
965.683 458
965.737 351
965.795 469
965.98 583
966.001 37
966.001 37
966.003 344
966.004 344
966.004 37
966.007 385
966.009 344
966.011 385
966.035 37
966.038 37
966.04 37
966.049 37
966.059 385
966.06 37
966.07 37
966.079 37
966.08 344
966.087 385
966.09 344
966.091 385
966.093 37
966.095 344
966.099 385
966.108 385
966.111 385
966.175 385
966.178 385
966.206 385
966.32 597
966.323 556
966.572 531
966.805 484
966.935 443
967.024 507
967.051 384
967.072 429
967.101 589
967.371 490
967.431 425
967.445 427
967.56 483
967.622 608
967.635 403
968.04 550
968.201 413
968.406 565
968.576 398
968.637 403
968.896 486
969.012 399
969.023 501
969.101 379
969.569 566
969.618 357
970.053 552
970.266 562
970.587 537
970.622 426
970.861 448
971.001 37
971.002 37
971.002 344
971.003 37
971.004 37
971.005 385
971.006 37
971.01 37
971.011 37
971.013 37
971.015 344
971.016 385
971.02 344
971.025 385
971.036 344
971.04 37
971.045 37
971.049 385
971.051 344
971.052 385
971.059 344
971.062 385
971.082 385
971.137 385
971.142 385
971.202 419
971.205 385
971.237 496
971.335 587
971.352 462
971.684 568
971.833 401
972.101 373
972.327 599
972.336 624
972.359 398
972.46 474
972.473 607
972.52 528
972.523 633
972.646 343
973.013 604
973.661 449
973.804 520
973.907 435
973.949 517
974.01 495
974.021 398
974.302 550
974.722 478
974.758 527
974.763 623
975.698 561
975.794 345
975.856 439
976.001 37
976.002 344
976.003 385
976.009 37
976.01 37
976.013 344
976.016 385
976.022 37
976.024 37
976.025 344
976.029 385
976.032 37
976.035 344
976.04 385
976.042 37
976.042 344
976.049 385
976.058 385
976.069 385
976.084 37
976.096 37
976.112 385
976.123 37
976.124 344
976.129 385
976.131 385
976.203 478
976.234 564
976.568 368
976.682 470
976.785 556
976.804 517
976.836 449
976.897 429
976.995 567
977.366 530
977.47 428
977.89 487
978.043 400
978.288 627
978.554 466
978.588 583
978.853 493
979.019 630
979.192 588
979.719 429
979.789 580
980.076 393
980.25 374
980.285 566
980.325 566
980.55 534
980.814 605
980.846 362
981.001 37
981.002 37
981.004 37
981.005 37
981.009 37
981.01 37
981.012 344
981.014 37
981.015 37
981.016 37
981.02 344
981.028 344
981.028 344
981.034 344
981.244 554
981.335 562
982.095 348
982.329 416
982.509 544
983.17 449
983.377 375
983.735 584
983.821 636
983.899 531
984.373 380
985.127 470
985.258 428
985.738 470
985.745 577
985.945 545
985.962 571
986.002 37
986.005 37
986.005 37
986.007 344
986.008 37
986.009 37
986.01 344
986.011 37
986.043 344
986.122 559
986.205 606
986.338 501
986.54 497
987.015 467
987.068 403
987.55 616
988.199 501
988.241 407
988.8 350
988.891 603
989.186 595
989.192 491
989.316 498
989.384 477
989.622 441
989.714 469
989.744 590
990.037 465
990.151 450
990.371 593
990.442 348
990.628 401
990.862 437
990.938 531
991.004 37
991.004 37
991.005 37
991.006 344
991.01 344
991.015 37
991.044 344
991.251 556
991.387 553
991.459 38292
991.754 526
991.819 357
991.829 456
991.927 506
992.007 416
992.09 461
992.297 523
992.526 535
992.699 566
993.193 553
993.196 517
993.258 604
993.266 442
993.554 502
993.864 619
993.914 632
994.193 563
994.398 465
994.957 537
995.166 523
995.232 520
995.361 455
995.403 530
995.676 505
995.972 525
996.015 37
996.016 37
996.021 344
996.049 344
996.252 519
996.428 494
996.464 423
996.559 470
996.562 540
996.587 631
996.715 608
996.749 628
996.909 614
996.998 600
997.144 480
997.25 631
997.303 598
997.591 395
997.591 399
997.668 569
997.975 428
997.978 479
998.075 520
998.205 525
998.36 612
998.507 554
998.633 400
998.806 471
998.839 391
999.08 492
999.24 399
999.289 465
999.383 395
999.387 544
999.729 451
999.773 368
999.811 388
999.822 442
999.97 529
999.983 411
1000.36 403
1000.41 611
1000.93 603
1001.05 37911
1001.09 38874
1001.48 438
1001.51 39502
1001.62 546
1001.68 354
1001.7 375
1001.72 547
1001.92 566
1002.16 429
1002.17 562
1002.22 416
1002.33 361
1002.49 351
1002.61 602
1002.63 589
1002.81 621
1002.94 396
1003.09 454
1003.11 477
1003.23 450
1003.38 482
1004.15 349
1004.54 417
1004.62 518
1005.16 408
1005.41 340
1005.85 490
1006.22 606
1006.36 39317
1006.4 468
1006.41 37256
1006.45 37420
1006.49 37475
1006.5 482
1006.64 567
1006.67 575
1006.79 340
1006.88 429
1006.94 616
1007.04 348
1007.15 504
1007.22 380
1007.36 411
1007.45 552
1007.51 575
1007.56 549
1007.69 617
1007.98 567
1008.08 566
1008.18 469
1008.36 551
1008.37 427
1008.4 528
1008.48 618
1008.56 559
1008.63 345
1008.64 459
1008.76 359
1009.08 616
1009.15 561
1009.3 382
1009.3 395
1009.38 377
1009.43 411
1009.44 411
1009.74 480
1010.58 386
1010.58 461
1010.6 462
1010.86 423
1010.99 412
1011.04 398
1011.14 632
1011.15 39276
1011.24 361
1011.4 38298
1011.46 597
1011.47 631
1011.57 373
1011.63 571
1011.64 465
1011.8 374
1011.83 434
1011.93 590
1012.18 511
1012.2 604
1012.25 561
1012.36 400
1012.45 351
1012.46 519
1012.53 558
1012.62 579
1012.62 393
1012.87 419
1012.88 521
1013.15 545
1013.49 546
1013.56 418
1013.56 360
1013.58 382
1013.64 500
1013.88 372
1014.27 487
1014.44 339
1014.55 590
1015.03 352
1015.2 488
1015.58 359
1016.09 37803
1016.21 37569
1016.25 397
1016.66 452
1016.88 440
1016.91 435
1017.13 539
1017.25 428
1017.32 467
1017.44 580
1017.45 357
1017.78 572
1017.89 395
1018.36 354
1018.41 533
1019.06 607
1019.19 634
1019.36 546
1019.64 598
1020.28 618
1020.36 349
1020.98 620
1021.01 383
1021.05 388
1021.14 39480
1021.51 568
1022.08 617
1022.37 525
1022.41 571
1022.63 468
1022.71 441
1022.76 538
1022.87 403
1022.88 479
1022.92 381
1023.25 565
1023.51 597
1023.74 514
1023.86 603
1025.06 448
1025.15 417
1025.16 457
1025.47 494
1025.84 425
1025.92 411
1025.95 446
1026.1 383
1026.16 579
1026.24 356
1026.26 360
1026.34 634
1026.52 414
1026.59 462
1026.81 418
1027.11 395
1027.16 594
1027.17 478
1027.21 340
1027.21 610
1027.22 514
1027.55 632
1027.85 580
1027.98 625
1028.51 371
1028.52 452
1028.8 423
1029.4 476
1029.62 539
1029.7 530
1029.8 604
1029.93 620
1030.69 561
1030.95 501
1030.97 508
1031.56 478
1031.7 421
1031.81 436
1031.82 567
1031.92 483
1031.99 591
1032.2 607
1032.28 626
1033.53 504
1033.67 604
1034.01 544
1034.09 565
1034.45 423
1034.56 418
1034.69 538
1034.8 624
1034.99 546
1035.05 556
1035.35 599
1035.38 463
1035.44 497
1035.87 515
1035.99 574
1036.02 633
1036.16 430
1036.57 377
1036.65 464
1036.77 617
1037.39 433
1037.4 395
1037.56 606
1037.79 572
1038.32 547
1038.64 482
1038.65 516
1038.83 508
1038.85 485
1038.85 362
1039.08 467
1039.3 560
1039.55 604
1040.08 587
1040.19 546
1040.55 583
1040.71 381
1040.86 371
1040.89 365
1041.07 405
1041.22 433
1041.73 522
1041.81 381
1041.92 481
1042.17 517
1042.19 380
1042.19 355
1042.23 471
1042.25 617
1042.31 504
1042.33 635
1042.69 582
1042.75 482
1042.81 636
1043.4 469
1043.51 558
1043.93 632
1044.24 403
1044.27 598
1044.3 528
1044.38 580
1044.58 541
1044.87 513
1044.99 515
1045.13 537
1045.24 393
1045.47 583
1045.48 402
1045.52 343
1045.77 615
1045.79 513
1046.77 614
1046.83 582
1046.92 572
1046.96 377
1047.07 501
1047.14 483
1047.4 500
1047.48 474
1047.5 635
1047.6 394
1047.66 582
1047.84 356
1047.91 554
1048.01 485
1048.17 578
1048.22 560
1048.39 392
1048.42 453
1048.73 512
1048.8 605
1049.04 456
1049.38 383
1049.7 542
1049.8 412
1050.53 579
1050.63 413
1050.87 430
1051.53 636
1051.59 510
1051.82 583
1052.13 549
1052.16 544
1052.45 462
1052.46 538
1052.58 347
1052.6 625
1052.71 501
1052.87 463
1052.98 512
1053.04 420
1053.22 539
1053.25 526
1053.44 518
1053.47 417
1053.57 539
1053.61 521
1053.69 369
1053.8 342
1053.97 460
1054.08 492
1054.12 625
1054.13 477
1054.45 472
1054.56 513
1054.62 611
1054.71 515
1054.87 521
1055.07 404
1055.09 548
1055.13 633
1055.38 464
1055.5 375
1055.53 372
1055.83 623
1056.14 503
1056.17 568
1056.25 500
1056.43 483
1056.87 417
1057.04 345
1057.09 598
1057.21 564
1057.39 344
1057.7 479
1057.73 412
1057.74 431
1057.83 351
1057.91 623
1057.99 523
1058.09 401
1058.49 562
1058.5 440
1058.57 636
1058.73 600
1058.86 522
1058.87 489
1059.16 603
1059.31 468
1059.55 487
1059.56 501
1059.79 359
1059.86 529
1059.89 465
1059.99 585
1060.3 481
1060.77 607
1060.8 473
1061.86 382
1061.91 493
1062.06 457
1062.22 398
1062.32 409
1062.69 565
1063.22 596
1063.32 582
1063.46 418
1063.58 520
1063.61 414
1063.64 606
1063.75 361
1064.01 466
1064.11 632
1064.37 545
1064.45 581
1064.53 356
1064.65 591
1064.67 430
1064.71 554
1064.79 571
1064.9 349
1065.03 614
1065.05 476
1065.24 436
1065.4 456
1065.76 355
1065.89 554
1066.16 473
1066.22 455
1066.59 559
1066.73 407
1067.04 631
1067.1 376
1067.86 479
1068.1 563
1068.11 460
1068.21 598
1068.35 598
1068.46 632
1068.46 365
1068.54 596
1068.56 342
1068.57 467
1068.62 405
1068.9 505
1068.94 404
1069.09 538
1069.48 356
1069.58 533
1069.66 556
1069.87 345
1069.88 446
1069.91 599
1070.11 565
1070.25 560
1070.3 487
1070.72 392
1071.01 451
1071.04 513
1071.07 342
1071.1 613
1071.51 368
1071.53 582
1071.58 417
1071.59 497
1071.62 489
1071.65 417
1072.02 576
1072.5 601
1072.65 587
1073.2 528
1073.96 420
1074.03 522
1074.1 519
1074.54 439
1074.58 536
1074.78 612
1075.04 535
1075.1 575
1075.35 524
1075.42 492
1075.46 403
1075.46 526
1076.07 485
1076.14 455
1076.44 633
1076.44 446
1076.46 634
1076.75 592
1076.76 437
1076.8 570
1076.96 426
1077.64 581
1077.66 490
1077.77 413
1077.88 370
1077.96 415
1078.05 388
1078.24 534
1078.56 574
1078.83 632
1078.87 461
1078.9 499
1079.03 387
1079.09 471
1079.25 498
1079.36 404
1079.46 607
1079.51 609
1079.55 388
1079.55 614
1079.82 503
1080.06 600
1080.07 436
1080.25 574
1080.75 533
1081.13 350
1081.27 548
1081.32 341
1081.39 372
1081.48 357
1081.8 383
1081.99 390
1082.17 558
1082.49 383
1082.94 476
1083.08 554
1083.19 457
1083.84 430
1083.84 364
1084.56 375
1084.65 437
1085.22 339
1085.28 473
1085.36 492
1085.47 582
1085.85 528
1086.56 519
1086.72 414
1086.85 503
1086.89 633
1087.09 543
1087.25 426
1087.29 400
1087.56 542
1087.88 499
1087.96 371
1088.07 631
1088.6 489
1088.98 540
1089.04 557
1089.17 495
1089.26 417
1089.41 455
1089.47 604
1089.54 631
1089.55 485
1089.55 360
1089.67 377
1090.38 384
1090.48 490
1090.66 607
1090.81 367
1090.88 490
1091.16 624
1091.2 610
1091.5 460
1091.74 408
1092 452
1092.06 457
1092.28 460
1092.4 475
1092.55 543
1092.75 486
1092.84 573
1092.87 630
1093.3 589
1093.52 467
1093.86 482
1094.17 547
1094.27 372
1094.37 461
1094.48 469
1094.76 466
1095.22 633
1095.32 624
1095.53 338
1095.54 604
1095.57 617
1095.78 547
1096.11 425
1096.3 425
1096.32 546
1096.51 554
1096.56 546
1096.93 615
1096.96 428
1097.02 540
1097.08 414
1097.49 560
1097.6 343
1097.64 604
1097.81 599
1097.87 462
1097.96 451
1098.02 622
1098.02 629
1098.35 582
1098.6 379
1098.74 448
1098.78 418
1098.8 601
1098.85 428
1099.29 516
1099.56 598
1099.79 525
1099.85 494
