#time bytes-send
11.3378 412
11.3673 9
11.5211 435
11.6336 485
11.9816 430
12.1564 387
12.263 466
12.2937 592
12.5011 567
12.6954 354
13.2705 474
13.4638 586
13.5228 552
13.5606 428
13.5833 450
14.0427 607
14.1748 549
14.4127 600
14.5082 363
14.5259 597
14.5864 340
14.8723 366
14.9028 432
15.0709 363
15.3527 508
15.411 580
15.4587 397
15.56 609
15.7074 420
15.7523 582
15.8314 358
15.8819 465
16.2357 611
16.5415 393
16.639 556
16.7901 577
16.8206 412
16.9981 491
17.0246 359
17.0573 444
17.1906 455
17.3148 521
17.3797 477
17.5738 523
17.6914 548
17.7222 570
18.1315 367
18.3532 421
18.4479 400
18.4845 361
18.6015 361
18.6241 605
18.6403 460
19.111 604
19.34 538
19.6481 526
19.8785 588
19.8998 451
19.9193 413
19.932 462
20.2005 517
20.3111 422
20.4339 439
20.5593 401
20.7202 492
20.7825 362
20.8366 483
20.9879 532
21.0299 422
21.0527 573
21.2131 414
21.2818 505
21.5805 516
21.68 583
21.7054 436
21.7332 389
21.7486 494
21.7703 361
21.8609 397
21.9454 474
22.1523 394
22.2639 406
22.361 532
22.56 588
23.1087 590
23.1453 514
23.2264 462
23.3072 636
23.442 369
23.7608 480
23.8027 459
23.8134 460
23.873 630
23.956 429
24.0058 608
24.1649 369
24.2095 408
24.3557 408
24.741 489
25.2646 413
25.3039 598
25.6039 434
25.6826 532
25.7495 407
25.8524 352
26.1206 446
26.3099 429
26.4303 635
26.5005 459
26.7091 573
26.8509 566
27.0874 438
27.3013 512
27.5161 635
27.5385 438
27.6229 635
27.8044 612
28.1626 550
28.2257 474
28.2326 563
28.5035 376
28.8598 487
29.2694 569
29.4113 409
29.504 617
29.6181 471
29.7487 553
29.7575 338
29.9354 527
30.0782 365
30.4991 558
30.5076 344
30.5944 612
30.6728 348
30.7576 590
30.9353 510
30.955 423
30.9689 542
31.0535 383
31.1702 355
31.1772 555
31.1898 620
31.5245 368
31.5562 579
31.6153 623
31.871 423
32.0426 579
32.1166 458
32.368 339
32.514 555
33.1535 434
33.5708 503
33.6014 362
33.6063 589
33.6893 410
33.7842 597
33.8121 552
33.8928 351
33.96 420
34.1965 511
34.4639 598
35.0012 367
35.0387 518
35.0794 442
35.435 494
35.5901 533
35.9324 567
36.0344 373
36.3824 595
36.3998 497
36.9022 603
36.9228 377
36.9404 418
37.1489 418
37.5058 583
37.7048 618
37.7719 541
38.2865 542
38.3523 390
38.727 434
38.8143 484
39.0048 409
39.546 545
39.6451 490
39.6791 381
39.785 628
39.7928 407
39.9808 581
40.0257 480
40.1101 476
40.1459 612
40.1792 443
40.3139 442
41.1556 344
41.5776 454
41.5849 565
41.6428 413
41.8262 621
42.2577 372
42.4019 344
42.6945 366
42.8136 625
42.8235 523
42.8477 529
42.8972 371
43.0003 369
43.009 474
43.472 445
43.8016 455
43.8122 609
43.9131 487
43.9179 588
44.2082 472
44.3638 397
44.3838 625
44.3978 490
44.4269 447
44.5233 399
44.5383 586
44.5605 365
44.6098 517
44.7221 467
44.9275 520
45.0355 632
45.1282 590
45.1993 390
45.2143 591
45.5083 625
45.5146 363
45.5571 547
45.653 495
45.7346 569
45.836 562
45.8497 392
45.9516 602
46.0482 514
46.2167 545
47.0331 636
47.0497 632
47.202 584
47.3602 342
47.5873 602
47.7153 593
47.864 567
48.0687 372
48.1361 578
48.1379 402
48.2162 591
48.3525 377
48.444 441
48.4544 609
48.5383 337
48.7855 519
48.8125 467
49.0449 534
49.1517 419
49.2807 356
49.3473 380
49.3645 450
49.4049 575
49.4967 625
49.7599 382
49.9885 430
50.2773 596
50.3616 516
50.5375 585
50.7368 375
50.7876 600
51.0947 473
51.1356 532
51.2896 497
51.3148 376
51.3554 394
51.5639 441
51.6161 378
52.2686 452
52.3708 440
52.4741 586
52.5422 412
52.667 606
52.7691 358
52.9494 436
53.067 391
53.7023 590
53.7066 362
53.9687 616
54.3424 364
54.8097 600
54.8781 432
54.8808 466
54.9586 372
55.0144 460
55.1166 445
55.1195 394
55.2627 391
55.4835 412
55.5814 372
55.6631 428
55.7052 503
55.762 564
55.8836 475
56.1636 432
56.2316 427
56.373 631
56.4302 475
56.6614 532
56.9049 378
56.9588 596
57.1927 608
57.2882 627
57.3185 621
57.5709 629
57.8024 339
58.0531 602
58.1562 382
58.2056 471
58.2116 578
58.2282 532
58.248 587
58.3167 515
58.4944 606
58.5977 456
58.9747 539
59.011 571
59.0743 524
59.2724 612
59.281 597
59.8434 364
59.9006 438
60.1276 629
60.1646 593
60.199 403
60.2941 481
60.3148 560
60.5484 564
60.5889 397
60.5941 370
60.6198 494
60.6428 537
60.7131 559
61.3167 627
61.4449 338
61.5373 446
61.7741 461
61.835 337
61.8705 353
61.9854 590
62.0023 354
62.1207 473
62.1329 618
62.271 624
62.2928 516
62.3029 400
62.3086 480
62.4988 506
62.5675 526
62.9699 342
63.0734 399
63.2545 371
63.3469 432
63.4301 584
63.4823 496
63.4962 618
63.5546 592
63.5644 627
63.818 382
64.3186 501
64.3704 506
64.5935 535
64.9029 400
64.9608 581
65.2619 634
65.4307 429
65.8817 369
65.8984 434
66.0268 401
66.1358 337
66.2116 568
66.3077 355
66.4913 600
66.5449 478
66.6441 392
66.7475 355
66.8788 373
66.9701 585
67.0294 532
67.2022 505
67.3111 375
67.508 447
67.5471 609
67.5803 488
67.8742 537
67.923 548
67.9411 561
68.0655 610
68.2388 426
68.3028 458
68.3519 481
68.4666 338
68.5047 359
68.6183 407
68.7276 463
68.8901 345
68.9401 439
68.9985 517
69.3533 496
69.3959 503
69.4603 483
69.4745 537
69.6592 457
69.8303 529
70.1469 600
70.5931 563
70.6022 489
70.6985 615
70.7036 627
70.7575 592
70.8367 567
71.0483 544
71.2407 426
71.2874 371
71.558 561
71.6064 634
71.8554 442
72.1859 521
72.3913 501
72.6839 534
73.1902 574
73.4196 529
73.6474 557
73.7893 528
73.7991 619
73.8096 361
74.2649 455
74.4473 627
74.4942 391
74.5211 406
74.954 536
75.0133 346
75.3237 423
75.378 520
75.3954 502
75.456 592
75.5917 510
75.8102 483
76.0145 633
76.1261 353
76.2364 483
76.355 461
76.3986 576
76.8631 397
76.8988 359
77.0578 624
77.372 573
77.3791 370
77.496 524
77.6266 558
77.6809 636
77.7615 456
77.8474 539
78.0441 522
78.05 408
78.0755 493
78.0889 579
78.1288 571
78.1522 574
78.2174 365
78.5811 397
78.6845 595
78.7133 567
78.8355 579
79.2419 400
79.4835 510
79.5275 482
79.5695 476
79.7253 631
79.8284 432
80.0788 340
80.1591 474
80.172 566
80.553 575
81.1306 624
81.6932 430
81.7097 439
81.8723 422
82.0509 622
82.2091 566
82.3896 388
82.4402 472
82.4891 396
82.5857 623
82.6057 438
82.6107 533
82.7508 472
82.9806 444
83.0863 486
83.1614 338
83.1661 385
83.1996 337
83.2287 412
83.2784 456
83.4702 612
83.7727 632
83.7803 588
83.9144 424
84.0751 508
84.1413 610
84.3639 619
84.3659 389
84.4008 542
84.4074 348
84.6923 416
84.8409 440
84.9193 389
84.9777 491
85.2712 617
85.2769 632
85.3618 556
85.4739 414
85.4902 457
85.7673 613
85.994 368
86.2971 403
86.3772 403
86.4521 453
86.6395 528
86.7793 347
86.8155 627
86.9225 374
87.1245 437
87.4392 596
87.9584 375
87.9725 459
88.3798 565
88.4794 635
88.5306 389
88.5367 531
88.6081 387
88.7123 522
88.7587 581
88.8917 541
89.1005 508
89.1244 543
89.1422 550
89.1959 462
89.2593 437
89.4225 442
89.5481 542
89.8382 561
89.95 609
90.0632 523
90.1077 437
90.2304 553
90.2979 551
90.44 503
90.5379 480
90.6645 439
90.7724 504
90.8325 553
90.8421 536
91.0044 491
91.1552 422
91.3071 360
91.5251 358
91.7962 439
91.8606 502
92.9171 499
93.3429 601
93.4746 530
93.6747 622
93.8384 400
93.8508 587
93.8641 395
93.9866 585
94.0125 456
94.1178 442
94.213 475
94.248 562
94.3011 533
94.431 479
94.5434 365
94.6018 588
94.6188 632
94.6594 525
94.7142 347
94.826 499
94.864 555
94.9106 365
94.9545 446
94.997 581
95.404 598
95.4871 620
95.5004 534
95.5534 553
95.5543 389
95.5982 536
95.8245 500
95.8481 452
95.9399 477
95.9933 428
96.0084 355
96.2776 569
96.4607 373
96.5091 380
96.6122 353
96.7054 445
96.8027 582
97.1223 563
97.3274 555
97.586 606
97.8418 567
97.8673 496
98.0476 347
98.0994 375
98.1168 507
98.4528 405
98.8261 588
98.8771 532
98.8812 499
98.9436 577
98.9733 550
99.1616 388
99.2058 337
99.3047 389
99.3521 586
100.127 593
101.177 370
101.28 419
101.539 426
101.766 635
102.276 507
102.34 369
102.39 396
102.531 359
102.607 633
102.758 493
102.767 522
103.104 396
103.216 616
103.745 463
103.801 623
103.863 629
103.887 439
103.934 500
103.952 520
103.994 597
104.62 523
104.694 613
104.696 630
104.975 474
104.998 547
105.439 546
105.751 356
105.813 455
105.884 577
105.958 577
106.077 583
106.216 434
106.848 634
106.932 432
106.987 512
107.302 615
107.621 369
108.023 492
108.381 611
108.454 362
108.547 408
108.572 489
108.654 402
108.922 397
109.071 583
109.423 523
109.445 590
109.798 484
109.853 516
110.192 399
111.918 409
111.94 502
112.078 566
112.095 367
112.44 339
112.484 487
112.671 506
112.799 505
112.825 368
112.862 619
113.231 579
113.387 610
113.432 538
113.484 510
113.884 470
113.89 497
114.122 512
114.176 438
114.193 572
114.262 543
114.335 513
114.436 635
114.518 524
114.525 541
114.808 459
114.883 360
114.913 389
114.93 598
114.948 631
115.025 635
115.541 365
115.702 377
115.903 521
115.967 381
116.266 337
116.351 532
116.517 344
116.664 579
116.694 586
116.878 612
117.142 510
117.381 494
117.438 540
117.563 427
117.605 478
117.888 366
118.569 528
118.659 452
118.718 346
119.004 451
119.102 470
119.81 491
119.835 460
119.88 552
120.291 512
120.838 482
120.908 461
120.921 409
121.038 630
121.405 443
121.465 472
121.651 447
121.775 633
121.873 541
122.169 587
122.209 508
122.748 366
123.211 635
123.374 501
123.466 589
123.757 512
123.781 396
124.388 483
124.493 608
124.538 546
124.563 457
124.772 569
125.098 635
125.131 472
125.395 487
125.454 408
125.584 375
125.908 563
126.117 574
126.266 486
126.592 499
126.666 448
126.711 520
126.781 413
126.845 351
126.856 418
126.983 438
127.086 394
127.478 458
127.555 526
127.927 516
128.018 475
128.049 548
128.078 546
128.097 482
128.139 571
128.534 581
128.59 511
128.86 418
129.127 338
129.198 634
129.368 581
129.785 501
129.816 366
129.909 624
129.98 415
130.279 612
130.388 361
130.407 498
130.436 621
130.757 432
130.84 403
131.029 564
131.272 564
131.39 400
131.417 580
131.655 535
131.692 521
131.834 481
131.93 542
132.005 371
132.185 508
132.663 430
132.733 354
132.784 613
132.802 445
132.867 395
133.004 565
133.075 449
133.542 603
133.569 381
133.731 420
133.816 496
133.817 340
133.825 567
133.987 590
134.047 388
134.249 436
134.265 571
134.31 593
134.39 526
134.74 586
134.791 450
134.841 342
135.095 384
135.109 443
135.261 587
135.501 593
135.642 633
135.85 555
135.979 344
136.004 418
136.343 584
136.388 379
136.429 560
136.467 418
136.572 472
136.982 416
137.117 366
137.157 545
137.216 582
137.228 382
137.251 530
137.335 547
138.036 365
138.265 590
138.884 343
138.972 614
139.771 403
139.802 530
139.975 375
140.12 584
140.209 507
140.382 384
140.556 520
142.069 394
142.321 496
142.579 437
142.784 496
142.926 466
142.982 609
143.347 585
143.364 568
143.48 577
143.843 374
143.944 352
144.005 431
144.063 446
144.364 351
144.381 482
144.681 355
144.722 441
144.768 527
145.374 505
145.451 491
146.123 626
146.207 568
146.995 534
147.205 415
147.385 353
147.768 433
147.944 399
148.132 351
148.913 358
148.948 627
149.226 569
149.459 441
149.736 559
150.681 531
151.614 632
151.744 419
152.586 496
152.677 595
152.851 622
152.896 608
152.924 433
153.503 632
153.916 490
155.336 348
155.702 415
155.811 412
155.89 636
155.909 420
155.955 631
156.11 596
156.569 410
156.622 366
157.214 592
159.685 393
159.818 515
160.151 599
161.088 465
161.349 633
161.789 413
161.821 349
162.402 472
162.62 491
162.992 514
164.153 617
165.077 383
166.629 526
167.106 513
167.384 481
167.546 475
168.918 368
169.129 448
169.744 476
170.208 517
170.957 342
171.197 441
171.563 457
173.226 541
173.467 508
173.977 374
174.146 428
174.449 407
174.894 343
176.001 37
176.006 37
176.01 37
176.011 362
176.014 362
176.025 37
176.035 362
177.014 411
177.252 633
179.267 528
179.421 560
179.703 475
180.008 437
180.079 604
180.097 477
180.258 392
180.734 574
181.198 527
181.578 445
181.674 612
183.055 418
183.292 447
183.517 430
184.144 498
184.65 442
184.806 489
184.919 525
185.091 549
185.787 476
186.517 626
186.611 337
187.798 572
187.931 488
188.469 353
189.143 515
189.518 616
189.758 451
190.295 411
190.468 389
190.835 518
191.789 534
192.908 435
193.047 360
193.139 451
194.318 446
195.274 409
196.092 468
196.273 426
196.399 345
196.505 348
196.875 551
197.044 558
197.174 488
197.632 630
197.818 617
198.046 610
198.856 380
199.159 582
200.521 421
200.763 457
200.876 479
201.423 627
202.388 350
202.559 606
203.625 466
204.282 382
204.612 556
204.848 370
205.467 404
205.942 514
206.913 575
207.362 355
207.898 369
208.373 487
208.608 579
209.462 513
209.647 392
210.566 422
210.635 539
211.215 587
212.402 587
212.634 632
213.21 510
214.669 381
214.845 391
216.423 583
217.113 545
218.036 410
218.241 507
219.262 574
219.419 607
219.441 492
219.743 622
219.911 459
220.78 455
220.945 339
221.004 574
221.016 574
221.018 577
221.019 502
221.019 391
221.02 511
221.063 427
221.388 423
221.628 419
221.908 446
221.931 437
222.266 466
222.407 344
222.725 410
223.006 430
223.394 619
223.696 582
224.994 547
225.3 600
225.562 586
226.422 526
227.535 502
228.24 539
229.172 504
229.734 372
229.916 445
231.005 574
231.007 574
231.011 574
231.017 574
231.503 475
232.166 434
232.981 474
233.26 385
233.735 349
234.414 590
235.113 393
235.38 407
235.532 597
235.536 397
235.776 536
236.009 459
236.899 575
237.757 415
238.954 477
239.762 601
240.517 501
241.02 446
241.465 585
241.592 364
242.214 478
243.005 622
243.495 556
244.407 375
244.424 436
244.438 592
244.717 627
244.857 627
246.307 567
249.152 599
249.927 506
250.257 560
251.12 396
251.202 460
251.375 582
251.435 499
251.756 619
252.408 636
254.106 402
255.423 383
255.751 577
255.915 455
255.971 512
256.721 569
256.744 626
256.934 604
257.214 471
257.484 483
257.528 439
257.826 433
257.842 419
258.195 484
258.237 358
258.566 610
258.965 632
259.306 601
259.445 369
260.563 574
261.539 539
262.045 469
262.3 339
262.436 626
263.039 494
263.571 566
263.651 595
264.715 492
265.396 388
266.353 541
266.395 380
266.697 435
267.073 456
267.469 452
270.812 503
270.869 597
271.234 561
272.338 552
272.52 616
272.55 345
272.941 527
273.268 609
274.529 587
274.868 545
275.294 398
275.375 538
275.867 470
276.109 528
276.137 345
276.533 585
277.19 520
277.282 601
277.367 623
277.668 498
278.281 493
278.545 627
278.564 603
278.701 577
278.991 502
279.754 588
280.072 445
280.187 476
280.971 503
280.999 504
281.126 391
281.378 427
281.485 605
281.53 439
282.534 403
282.705 403
282.722 589
284.452 473
284.742 573
284.9 567
285.315 545
285.562 437
285.694 343
286.083 606
287.302 583
287.589 358
288.894 503
288.931 594
291.605 544
292.147 499
292.302 345
292.568 545
292.677 406
293.131 441
293.693 507
295.05 453
295.605 361
295.865 373
295.985 586
296.151 400
297.041 526
297.17 451
297.247 491
297.754 569
297.931 433
298.864 415
299.913 380
299.934 474
300.276 408
300.422 461
301.398 365
301.606 521
301.616 446
301.758 480
301.915 524
301.98 536
302.848 374
302.933 525
303.202 423
303.393 388
303.636 368
303.714 620
303.976 540
304.092 539
304.259 513
304.836 484
305.045 368
306.205 513
307.393 400
307.805 572
307.849 454
308.339 468
308.516 559
309.463 426
309.659 503
309.777 533
309.874 473
310.054 473
311.086 499
311.685 437
312.066 350
312.151 383
313.184 548
313.772 582
313.839 481
313.897 511
314.808 539
315.219 550
315.239 418
315.414 518
316.084 465
316.231 372
316.549 627
317.415 584
317.562 518
317.989 345
318.809 576
319.356 571
319.977 486
320.658 632
321.229 494
321.329 432
322.647 351
324.114 604
325.142 556
325.613 609
325.719 579
325.771 465
325.845 375
326.744 506
327.9 636
327.998 371
328.188 606
328.251 569
328.351 340
328.68 354
328.91 397
330.152 617
330.292 559
330.949 393
330.962 579
331.436 536
331.684 475
332.068 567
332.787 553
333.019 402
333.268 508
333.985 512
335.165 543
336.052 461
336.879 536
338.589 423
339.432 447
339.462 342
339.736 360
339.746 551
340.914 509
341.133 413
341.291 612
341.791 409
342.233 472
342.59 575
342.66 518
342.737 457
343.436 612
343.979 512
344.542 429
344.925 595
345.141 367
348.679 595
349.166 554
349.51 512
351.024 449
351.807 393
352.246 455
352.73 510
353.353 543
353.71 622
353.758 463
353.881 407
354.084 502
354.847 633
354.986 452
355.495 469
355.812 432
356.243 633
356.397 474
356.662 633
356.769 591
356.889 521
357.026 366
357.986 469
358.034 560
358.084 632
359.224 603
359.327 526
359.58 544
360.837 511
361.299 397
361.345 372
362.052 624
362.113 574
362.539 392
363.948 594
364.015 605
364.357 534
364.816 522
364.908 616
365.039 361
365.491 447
365.653 447
366.122 603
366.443 431
366.557 416
366.601 390
366.682 565
366.69 466
367.614 346
367.768 340
367.947 360
370.09 572
371.076 526
372.204 372
373.098 427
373.799 555
374.274 393
374.333 591
375.083 528
375.088 631
375.247 360
375.838 387
376.551 442
376.791 466
377.267 585
377.781 384
378.478 532
378.891 496
379.125 353
379.894 553
379.934 615
381.67 520
382.176 369
383.533 614
383.572 593
383.92 633
385.982 364
386.697 625
386.722 547
387.864 611
388.133 452
388.424 420
388.924 515
390.143 406
390.792 526
390.87 380
390.897 547
391.976 445
392.03 591
392.085 339
392.894 463
393.109 366
393.256 573
394.166 631
394.237 479
395.036 403
395.912 453
396.246 468
397.3 376
397.868 361
399.199 410
399.75 465
400.366 484
401.041 432
401.808 591
401.972 516
402.636 515
403.115 491
403.3 569
404.06 543
404.167 580
404.981 441
405.06 379
405.391 474
405.471 632
406.017 559
407.126 440
407.356 346
407.654 442
407.768 486
407.797 440
409.005 390
409.065 440
410.239 610
410.506 472
411.055 369
411.395 353
411.835 599
412.045 448
412.868 575
413.076 362
413.085 400
413.228 365
413.79 517
414.643 525
415.167 355
415.849 546
416.677 592
416.838 507
417.967 494
418.387 530
418.424 636
418.849 435
418.896 594
419.013 494
420.421 456
421.506 419
421.796 393
423.311 418
423.709 617
423.935 375
424.714 378
424.74 574
424.931 508
425.811 426
426.447 484
426.922 365
427.676 359
427.902 551
427.943 541
428.058 625
428.259 392
429.523 560
429.982 520
430.338 608
430.651 574
431.143 447
431.19 541
431.888 516
432.145 346
432.689 340
432.718 378
432.81 559
432.979 490
433.183 464
433.336 400
434.325 525
434.444 396
434.881 362
435.269 506
435.581 535
435.866 390
436.079 501
436.863 388
438.078 600
438.638 368
438.96 567
439.461 509
439.635 488
439.851 504
440.156 434
440.288 543
442.784 351
443.499 354
443.644 517
444.619 627
444.959 422
446.738 517
446.936 582
447.149 485
447.621 344
447.643 408
447.78 490
448.507 399
448.672 398
449.543 463
449.662 371
449.96 598
450.058 363
450.47 420
451.054 585
451.135 480
452.395 427
453.876 613
453.902 358
454.332 452
454.549 437
454.834 541
454.835 345
454.846 500
455.111 360
455.633 482
455.998 380
457.292 596
457.589 540
457.627 440
458.286 461
459.158 605
460.254 616
460.643 630
460.809 357
462.379 586
462.495 378
464.36 359
464.691 409
465.157 554
465.761 506
465.94 484
465.972 477
466.187 577
466.883 372
467.162 523
468.845 532
469.338 485
470.032 393
471.27 619
472.711 556
474.199 377
475.268 592
476.768 338
476.91 572
477.027 578
477.087 506
477.581 439
477.845 449
478.864 400
479.286 562
479.532 506
479.675 374
479.827 410
479.948 468
479.953 349
480.562 363
481.53 586
481.706 615
482.173 588
482.359 386
483.431 390
483.946 368
483.957 425
484.407 443
484.514 527
484.972 621
485.069 428
485.12 385
485.149 511
486.034 617
486.071 429
486.313 429
486.763 466
487.38 593
487.913 568
489.27 590
489.355 598
489.46 557
490.517 503
490.791 344
491.035 623
491.076 372
491.16 365
491.643 474
491.644 409
492.953 364
494.044 491
495.266 508
496.682 520
497.093 539
497.462 413
497.607 409
497.744 454
498.054 345
500.506 471
501.148 403
501.733 427
502.349 383
503.825 500
504.03 361
504.123 444
504.576 488
505.563 616
505.626 539
505.709 536
505.761 604
506.459 556
506.585 520
506.826 527
507.846 341
508.591 500
509.11 513
509.219 509
509.774 349
510.309 566
510.43 569
510.46 497
510.74 581
512 502
513.416 423
513.801 482
514.944 429
515.728 530
515.804 611
516.374 630
516.593 485
517.33 500
517.493 603
517.526 415
518.227 545
518.245 484
519.838 526
520.002 382
520.28 612
521.121 601
522.001 512
522.473 486
522.549 515
522.579 450
523.732 391
524.694 446
525.972 505
526.033 390
527.123 436
527.184 443
528.506 480
528.526 446
528.855 475
529.208 451
529.536 359
529.624 478
529.976 603
530.053 512
530.422 612
530.457 451
530.842 615
530.874 604
531.05 539
531.863 525
531.88 625
531.946 509
532.307 538
533.93 398
534.499 390
534.761 396
534.81 424
535.059 510
535.177 625
535.718 411
535.935 367
536.042 533
536.182 530
536.766 579
537.744 489
538.243 384
538.355 380
539.215 349
539.235 516
539.701 551
539.729 407
539.993 439
539.997 495
540.497 595
540.671 491
541.011 337
541.26 465
542.416 510
543.067 536
543.235 453
543.332 605
544.517 372
545.871 482
546.892 415
547.472 549
547.719 426
548.536 376
549.4 478
550.01 415
550.993 584
552.372 425
552.428 636
553.149 434
553.162 614
553.898 341
554.163 441
554.214 444
554.636 444
554.654 509
555.093 533
555.476 556
555.87 521
556.212 537
556.224 414
556.977 462
557.785 516
558.989 464
560.17 429
560.192 376
560.324 374
560.427 471
561.404 479
561.524 491
561.574 504
561.948 544
562.192 532
563.486 397
564.144 510
565.224 537
565.902 377
566.296 365
566.391 485
566.409 480
566.494 505
567.13 590
567.891 547
568.438 551
570.005 460
570.54 636
570.927 604
572.901 506
573.236 550
573.256 415
573.34 615
573.941 485
574.319 391
575.384 496
577.84 594
577.87 404
578.429 462
578.559 406
579.431 351
580.189 344
580.279 379
580.668 401
580.875 509
582.004 583
582.019 633
582.348 520
583.49 456
583.797 594
584.05 450
584.215 341
584.257 408
584.496 464
584.565 360
585.539 406
586.619 625
588.288 608
588.453 445
588.483 492
588.823 513
588.961 433
589.766 575
591.018 350
591.041 404
591.616 477
591.731 451
592.507 478
592.953 559
594.196 604
594.494 421
595.396 422
595.806 422
596.687 545
597.566 358
597.974 583
598.593 623
598.712 343
599.499 341
599.687 361
599.721 375
600.066 555
600.215 573
600.301 570
600.403 421
601.757 499
601.884 545
602.369 502
603.077 530
603.443 492
603.661 504
603.813 610
604.371 603
604.819 340
604.903 568
604.908 406
604.922 363
605.271 531
605.861 606
606.243 608
606.609 557
607.377 625
607.462 509
607.52 510
607.578 574
608.034 634
608.397 454
608.409 410
609.648 500
609.703 566
610.305 590
610.513 338
610.829 513
610.869 515
610.89 558
611.75 579
612.038 395
612.114 383
612.517 341
612.748 581
613.55 428
614.177 371
614.268 427
614.468 443
615.279 365
615.445 359
616.101 577
616.208 518
617.139 538
617.268 388
617.319 534
618.087 530
619.49 350
620.515 515
620.786 512
621.219 497
622.178 549
623.239 500
623.448 552
623.744 501
623.953 634
623.999 376
624.424 400
624.639 588
624.951 605
625.078 558
625.657 606
625.983 389
626.494 412
626.855 548
627.069 558
627.439 489
627.794 424
628.808 487
629.227 492
629.382 363
629.422 448
629.456 418
629.751 604
630.109 458
630.225 523
630.512 451
631.142 402
631.479 605
631.496 572
631.643 623
632.258 628
632.334 608
632.769 354
634.021 537
634.148 354
635.01 490
635.096 412
635.846 450
636.978 459
637.284 562
637.516 635
639.337 463
639.82 526
641.96 609
641.994 440
642.014 429
642.23 466
644.731 438
645.689 588
645.941 378
646.278 526
646.994 436
647.793 471
648.196 515
648.544 408
648.647 488
649.574 627
649.81 497
650.184 383
650.337 553
650.779 576
651.293 599
653.406 545
653.517 550
653.646 435
653.889 369
654.569 630
655.144 448
655.672 366
655.769 346
655.944 339
656.514 550
656.784 626
658.215 386
658.924 436
659.121 370
659.256 537
660.664 592
661.209 552
661.717 396
661.771 447
661.894 595
661.992 505
662.155 428
662.951 621
663.477 464
663.648 634
664.284 443
664.427 553
665.034 433
665.17 465
665.829 514
665.842 440
667.808 382
667.867 550
668.219 473
669.449 352
669.629 541
669.721 367
670.735 566
670.765 530
671.147 447
671.179 582
671.41 620
672.143 509
672.727 397
673.021 478
673.233 404
673.562 350
673.819 576
674.054 461
674.174 364
675.396 516
676.269 411
677.925 419
678.578 412
680.085 586
680.607 356
680.697 626
681.213 400
682.274 461
682.451 595
682.933 371
683.219 562
683.795 563
683.918 547
684.181 413
684.497 602
684.669 581
685.057 580
686.201 573
686.335 413
686.347 562
686.659 574
686.664 580
687.941 480
688.57 565
689.515 454
690.651 455
690.758 506
691.838 499
692.702 595
693.066 618
693.135 625
695.696 498
695.75 430
696.189 470
697.154 440
697.213 533
697.534 552
697.846 516
698.018 363
698.95 373
699.405 600
699.444 490
700.386 440
700.392 585
701.475 435
702.191 388
703.035 456
703.201 497
703.993 540
704.403 548
706.386 534
706.464 418
706.644 451
706.923 501
707.405 452
708.231 596
708.399 577
709.193 425
709.997 590
710.089 399
710.131 452
711.36 528
711.974 382
712.25 502
714.492 636
715.816 492
716.43 506
716.678 413
717.26 588
717.384 464
717.541 382
720.142 470
720.826 356
721.137 546
721.971 492
722.75 489
723.624 611
723.987 366
724.222 401
726.425 506
726.651 353
726.812 480
727.083 496
727.356 517
728.194 585
728.733 338
729.149 462
729.606 539
729.79 551
729.863 408
729.908 382
729.974 568
730.111 543
731.205 371
732.179 601
732.258 415
732.554 602
733.102 528
733.425 632
734.454 619
734.66 586
734.959 489
735.035 522
735.465 449
735.625 339
736.265 460
736.881 438
737.993 588
738.359 375
739.066 385
739.07 514
739.109 384
739.258 478
739.265 419
739.334 612
739.367 614
739.599 589
740.57 532
740.671 413
741.62 343
741.636 419
741.674 388
742.392 635
742.529 399
742.568 341
742.861 463
742.984 359
743.108 545
744.357 584
745.14 442
745.321 374
745.678 421
746.939 567
747.347 495
748.011 341
748.066 403
749.872 561
750.085 347
750.23 456
752.06 636
753.011 391
753.054 552
753.326 553
753.867 373
755.05 339
755.531 549
756.41 458
756.753 348
757.064 449
757.228 546
757.28 507
757.371 602
757.483 496
757.588 448
757.627 354
757.836 448
758.394 485
758.431 338
758.598 386
758.886 618
758.906 592
760.232 474
760.473 480
760.543 356
760.642 618
760.886 366
760.906 344
761.022 535
761.139 412
761.343 337
761.802 391
762.163 345
762.247 453
762.363 532
762.529 346
762.645 520
762.66 426
762.737 354
763.462 490
763.9 590
764.092 598
764.262 488
764.295 421
764.961 402
765.167 398
765.74 417
765.98 458
766.03 361
766.272 450
766.767 402
766.813 382
766.826 546
767.329 569
767.335 398
767.478 393
768.358 470
768.629 514
768.986 341
769.281 620
769.392 464
769.461 429
769.551 592
770.257 476
770.331 411
770.348 636
770.361 452
770.373 604
771.01 37
771.448 353
772.111 588
772.618 438
772.641 601
772.651 445
772.663 497
772.832 507
773.343 627
773.597 513
773.609 381
774.059 452
774.163 556
774.47 594
774.518 346
774.537 499
774.608 436
774.675 398
775.366 550
775.411 354
775.516 446
775.519 430
775.843 466
776.388 616
776.537 558
776.583 391
777.008 405
777.162 511
777.231 434
777.794 493
778.072 576
778.219 479
778.353 460
778.506 408
778.6 556
778.743 545
778.784 544
778.891 550
779.173 597
779.396 514
779.639 539
780.033 631
780.058 624
780.252 413
780.504 539
780.913 358
781.059 372
781.134 541
781.232 425
781.262 543
781.377 584
781.476 598
781.578 509
781.763 582
781.768 536
781.864 380
781.96 562
782.192 586
782.389 461
782.48 503
782.55 542
782.654 441
782.662 355
782.808 583
782.861 433
783.296 440
783.352 424
783.44 349
783.717 431
783.898 459
784.194 395
784.733 508
784.845 462
784.979 452
785.296 363
785.35 611
785.523 363
785.569 417
785.662 574
785.685 343
785.71 490
786.167 515
786.172 375
786.174 504
786.175 621
786.179 561
786.246 515
786.247 375
786.248 504
786.249 621
786.25 561
786.251 515
786.26 375
786.282 504
786.289 515
786.314 621
786.317 375
786.347 515
786.368 515
786.403 375
786.435 375
786.438 504
786.469 504
786.476 561
786.504 426
786.507 362
786.513 625
786.523 630
786.535 396
786.541 452
786.544 513
786.556 594
786.573 623
786.574 507
786.59 608
786.61 574
786.611 489
786.63 598
786.631 429
786.659 580
786.683 531
787.347 618
787.581 452
787.753 491
787.977 635
788.239 461
788.267 560
788.396 547
788.406 426
788.441 457
788.683 511
788.779 543
788.888 619
789.554 540
789.614 586
789.739 596
789.831 482
790.081 478
790.101 551
790.15 530
790.187 409
790.208 366
790.211 467
790.259 452
790.749 618
790.961 592
791.357 515
791.358 375
791.363 504
791.364 621
791.374 561
791.407 555
791.566 577
791.575 390
791.586 420
791.609 499
791.621 492
791.823 509
791.919 529
792.011 450
792.101 390
793.023 623
793.425 411
793.725 574
793.738 571
793.752 409
793.865 555
794.215 424
794.514 547
794.641 339
794.835 595
794.969 483
795.002 465
795.12 542
795.161 570
795.334 593
795.59 342
795.631 420
795.917 340
795.92 375
796.519 556
796.553 620
796.663 465
796.677 351
796.845 386
796.924 609
796.98 502
797.174 514
797.418 533
797.496 607
797.505 441
797.691 509
797.853 634
797.999 575
798.159 622
798.205 491
798.32 512
798.339 441
798.372 476
798.755 630
799.016 352
799.225 479
799.29 599
799.585 524
799.647 377
799.684 422
799.732 547
799.781 483
799.831 568
799.863 565
799.919 419
800.316 397
800.393 566
800.488 604
800.539 338
800.762 485
800.79 556
800.827 402
800.924 485
801.256 551
801.322 515
801.33 375
801.331 504
801.332 621
801.336 561
801.337 426
801.381 378
801.395 515
801.401 375
801.406 504
801.408 515
801.412 375
801.415 621
801.416 561
801.418 448
801.42 426
801.425 515
801.426 375
801.43 504
801.431 621
801.432 504
801.434 561
801.436 426
801.437 621
801.44 561
801.442 426
801.471 453
801.476 508
801.521 558
801.556 550
801.713 633
801.774 590
801.825 592
801.954 487
802.044 345
802.613 535
802.825 475
803.196 542
803.499 589
803.68 480
803.697 568
803.838 552
803.914 583
804.021 496
804.107 493
804.215 403
804.344 366
804.438 415
804.584 341
804.746 425
804.822 455
804.836 413
804.911 372
804.931 339
804.993 406
805.429 634
805.443 534
805.629 492
805.827 491
805.886 366
805.943 503
806.399 452
806.686 544
806.716 378
807.1 595
807.136 547
807.198 627
807.2 548
807.313 510
807.503 435
807.572 436
807.73 573
807.969 491
807.975 474
807.978 629
808.375 360
808.41 590
808.483 437
808.655 575
808.698 351
809.305 545
809.514 467
809.718 423
809.854 337
809.955 392
809.964 562
810.076 442
810.14 518
810.315 437
810.562 424
810.657 561
811.328 515
811.329 375
811.332 504
811.336 621
811.344 561
811.345 515
811.346 426
811.347 375
811.35 504
811.353 621
811.356 561
811.358 426
811.374 515
811.377 375
811.379 504
811.382 621
811.383 561
811.384 426
811.396 515
811.397 375
811.398 504
811.399 621
811.4 561
811.401 426
811.42 350
811.474 619
811.489 597
811.74 360
811.783 633
811.82 461
812.045 631
812.133 613
812.385 564
812.435 565
812.626 545
812.633 403
812.706 572
813.147 571
813.71 592
813.74 587
813.8 507
813.931 442
814.017 377
814.435 515
814.678 628
814.692 353
814.712 452
814.716 506
814.774 575
814.812 613
814.924 399
815.519 388
815.549 429
816.313 422
816.562 558
816.605 469
816.608 420
816.67 589
817.479 427
817.539 404
817.58 591
817.595 359
817.797 596
817.914 632
817.92 629
817.99 408
818.032 480
818.19 563
818.329 580
818.538 405
818.606 543
818.663 543
818.95 464
819.043 340
819.051 453
819.313 583
819.549 596
819.608 535
819.703 484
819.72 484
820.006 384
820.188 400
820.728 494
820.745 625
821.267 599
821.281 515
821.283 375
821.287 504
821.293 621
821.295 561
821.296 426
821.329 515
821.332 375
821.337 504
821.338 621
821.343 561
821.345 426
821.352 515
821.356 375
821.361 504
821.362 621
821.365 561
821.367 426
821.399 515
821.4 375
821.401 504
821.402 621
821.403 561
821.405 426
821.588 486
821.694 369
821.802 490
822.049 374
822.432 365
822.461 464
822.5 529
822.537 627
822.861 550
823.063 494
823.108 574
823.15 442
823.293 626
823.43 535
823.615 521
823.783 521
823.883 513
824.083 365
824.207 478
824.218 401
824.352 351
824.508 355
824.51 402
824.843 476
824.871 434
824.883 340
824.925 550
825.027 635
825.097 541
825.4 370
825.458 553
825.508 375
825.794 462
825.875 395
826.191 354
826.389 383
826.395 486
826.694 587
826.746 549
826.935 609
826.936 345
827.062 374
827.173 467
827.339 349
827.468 573
827.484 606
827.679 615
827.693 575
827.862 550
828.148 414
828.188 569
828.347 631
828.412 452
828.569 387
828.595 633
828.605 570
828.687 449
828.707 555
828.778 604
828.886 571
828.906 481
829.274 561
829.529 573
829.957 399
829.966 525
830.502 465
830.64 483
830.999 625
831.089 393
831.144 515
831.157 375
831.161 504
831.172 515
831.174 375
831.175 504
831.222 515
831.223 375
831.224 515
831.225 375
831.226 504
831.227 504
831.452 421
831.514 609
831.553 518
831.577 591
831.841 578
831.93 377
832.201 513
832.229 462
832.387 518
832.567 463
832.588 433
832.71 364
832.904 388
832.912 451
832.925 362
832.973 579
832.98 636
832.992 616
833.328 364
833.339 447
833.468 587
833.762 471
833.989 627
834.061 568
834.34 534
834.737 549
834.861 434
834.915 488
834.961 572
835.167 402
835.293 434
835.633 427
835.845 576
835.879 464
836.14 609
836.28 515
836.284 375
836.288 515
836.299 504
836.309 375
836.31 504
836.313 515
836.318 375
836.334 515
836.337 375
836.339 504
836.375 504
836.376 515
836.382 375
836.388 504
836.419 515
836.423 375
836.424 504
836.471 603
836.521 385
836.524 619
836.61 635
836.734 597
836.793 349
836.841 412
836.994 358
837.046 510
837.125 354
837.593 482
838.273 542
838.407 509
838.515 560
838.939 354
839.016 353
839.041 487
839.045 466
839.51 352
839.538 532
839.888 575
840.029 545
840.069 543
840.226 476
840.848 625
841.115 515
841.117 375
841.123 504
841.163 515
841.164 375
841.167 504
841.171 515
841.172 375
841.172 504
841.198 521
841.207 515
841.207 375
841.208 504
841.285 365
841.361 471
841.364 491
841.57 386
841.598 360
841.668 462
841.686 479
841.753 396
841.761 342
841.941 592
841.97 499
842.045 632
842.178 582
842.234 482
842.777 412
842.866 609
843.138 415
844.246 463
844.607 9
844.747 541
844.77 458
844.794 479
844.931 471
844.994 402
845.014 417
845.041 523
845.051 415
845.105 376
845.222 415
845.851 41
845.853 41
846.058 446
846.313 429
846.556 555
846.639 453
846.732 532
847.251 409
847.254 504
847.3 377
847.37 517
847.633 482
847.825 416
847.907 354
848.001 504
848.062 592
848.258 590
848.324 635
848.475 338
848.586 510
848.954 528
849.001 629
849.045 545
849.052 462
849.19 542
849.214 439
849.343 528
849.499 462
849.514 577
849.712 426
849.989 517
850.184 491
850.245 425
850.377 406
850.489 598
850.613 557
850.615 390
850.824 384
850.993 482
851.149 445
851.23 515
851.231 375
851.234 504
851.299 355
851.311 37
851.327 37
851.336 515
851.337 375
851.339 504
851.427 515
851.428 375
851.429 504
851.45 515
851.453 375
851.46 504
851.77 41
851.781 418
852.224 607
852.326 523
852.397 578
852.404 521
852.428 582
852.507 357
852.633 368
852.745 611
853.369 381
853.382 453
853.544 448
853.602 403
853.643 507
853.706 579
853.877 383
853.932 630
853.947 485
854.672 355
855.209 393
855.218 518
855.274 397
855.369 559
855.465 470
855.507 555
855.567 570
855.746 352
855.792 612
855.855 398
856 37
856.001 37
856.14 481
856.264 609
856.336 441
856.489 383
856.521 479
856.56 342
856.597 366
856.634 605
856.767 41
856.895 524
857.154 580
857.298 342
857.302 376
857.417 407
857.5 580
858.194 525
858.217 365
858.341 9
858.354 375
858.584 446
858.596 508
858.631 548
858.663 435
858.953 387
859.049 584
859.054 539
859.193 375
859.353 592
859.472 621
859.485 393
859.528 486
859.542 425
860.059 420
860.175 473
860.249 397
860.549 612
860.839 575
861 37
861.001 37
861.002 37
861.004 37
861.005 37
861.006 37
861.013 37
861.425 413
861.442 411
861.796 590
861.832 363
861.975 478
862.084 610
862.507 470
862.732 433
862.765 593
863.036 576
863.245 610
863.383 565
863.413 604
863.493 555
863.513 488
863.563 351
863.621 391
863.696 547
863.82 619
863.939 365
863.999 561
864.036 431
864.092 563
864.356 408
864.493 474
864.544 478
864.559 408
864.887 351
865.183 528
865.223 419
865.385 539
865.399 533
865.721 342
865.852 502
866.001 37
866.013 37
866.057 37
866.06 37
866.061 37
866.069 37
866.245 368
866.351 41
866.508 41
866.7 528
867.041 615
867.371 344
867.504 622
867.829 547
867.963 626
868.132 438
868.438 466
868.603 581
868.703 540
868.805 423
868.994 356
869.004 583
869.44 502
869.69 616
870.208 346
870.244 515
870.297 445
870.407 379
870.524 604
870.556 342
870.668 355
870.688 478
870.824 366
870.849 421
871.001 37
871.009 37
871.009 37
871.01 37
871.01 37
871.015 37
871.02 37
871.023 37
871.037 37
871.038 37
871.048 37
871.051 37
871.054 37
871.071 37
871.08 37
871.091 37
871.092 37
871.151 458
871.427 434
871.462 369
871.582 518
871.596 553
872.112 346
872.371 539
872.467 516
872.477 587
872.516 364
872.66 571
872.87 570
873.001 456
873.158 591
873.261 403
873.292 505
873.312 633
873.319 566
873.556 355
874.306 518
874.471 424
874.508 364
874.741 537
874.787 415
874.801 565
874.852 634
874.867 458
875.052 530
875.633 137
875.644 105
875.647 41
875.65 41
875.848 546
875.94 436
875.941 525
876.01 37
876.011 37
876.015 37
876.016 37
876.019 37
876.019 37
876.055 37
876.056 37
876.065 37
876.066 37
876.087 568
876.104 37
876.109 37
876.116 37
876.19 37895
876.198 1552
876.202 830
876.215 864
876.217 896
876.225 864
876.46 58621
876.473 623
876.553 350
876.619 830
876.647 609
876.806 58621
876.883 348
876.904 58941
876.909 1062
876.929 473
876.929 38910
876.985 58731
877.052 610
877.056 37895
877.091 602
877.175 57489
877.293 408
877.439 596
877.944 610
878.062 428
878.2 477
878.299 606
878.329 411
878.349 418
878.435 610
878.49 590
878.604 357
879.135 582
879.149 395
879.206 460
879.505 431
879.649 410
879.73 426
879.749 609
879.758 378
879.812 431
879.827 533
880.134 423
880.179 444
880.204 414
880.307 362
880.432 368
880.668 403
880.882 636
880.995 382
881.037 37
881.039 37
881.04 37
881.043 37
881.051 37
881.193 38276
881.204 38276
881.224 453
881.24 461
881.246 487
881.292 426
881.398 526
881.403 615
881.418 525
881.437 555
881.588 586
881.623 355
881.806 431
881.858 634
882.195 530
882.249 623
882.323 360
882.325 622
882.55 588
882.777 37895
882.859 38910
882.865 38910
882.935 337
882.939 57489
883.052 37895
883.108 58731
883.127 57706
883.168 37895
883.221 497
883.231 557
883.396 601
883.407 510
883.515 37722
883.523 443
883.551 521
883.622 633
883.743 493
883.805 41
883.817 41
884.15 41
884.155 41
884.169 41
884.272 41
884.291 41
884.312 41
884.537 542
884.606 404
884.766 41
884.778 41
884.989 41
885.196 535
885.226 41
885.506 389
885.567 41
885.7 41
885.783 442
885.858 398
885.888 534
886.001 37
886.017 37
886.028 37
886.138 37
886.14 37
886.141 37
886.159 37
886.16 37
886.167 37
886.256 37
886.261 37
886.294 37
886.343 37
886.368 462
886.411 37
886.415 37
886.423 37
886.428 37
886.43 37
886.431 37
886.431 37
886.433 37
886.591 389
886.903 407
887.086 526
887.247 556
887.536 388
887.726 531
887.773 513
887.847 41
888.078 400
888.138 485
888.209 371
888.211 346
888.522 583
888.658 377
892.535 37
892.746 627
892.879 558
892.889 480
892.99 460
893.064 616
893.124 532
893.127 37
893.285 41
893.36 427
893.505 538
893.595 615
893.714 615
893.993 337
894.037 416
894.175 501
894.224 533
894.306 503
894.507 508
894.604 417
894.934 343
894.959 546
895.014 461
895.227 608
895.356 390
895.503 528
895.711 392
895.797 514
895.821 474
896.001 37
896.004 37
896.005 37
896.007 37
896.01 37
896.011 37
896.012 37
896.014 37
896.015 37
896.015 37
896.016 37
896.017 37
896.018 37
896.026 37
896.027 37
896.028 37
896.035 37
896.102 37
896.102 37
896.168 37
896.174 37
896.174 37
896.178 37
896.184 37
896.195 37
896.199 37
896.207 37
896.224 37
896.231 37
896.284 37
896.287 37
896.301 435
896.384 37
896.396 37
896.744 633
896.747 41
896.855 362
896.941 41
897.022 41
897.438 41
897.667 41
898.176 439
898.23 468
898.327 404
898.736 404
899.189 354
899.364 570
899.474 584
