#time bytes-send
11.4895 510
11.5168 368
11.536 374
12.0067 470
12.1191 425
12.4567 362
12.4839 9
12.5599 390
12.8207 552
13.1255 552
13.4508 592
13.579 571
14.1798 605
14.528 567
14.5735 474
14.6077 577
15.0213 632
15.1095 419
15.8823 590
15.9104 378
16.4051 537
16.8343 356
16.9283 375
17.0771 630
17.4663 510
17.6061 600
17.6511 457
17.9121 490
18.3646 610
18.7314 545
18.7828 634
19.6703 415
19.7148 479
19.7324 363
19.9628 346
20.4628 376
20.7679 477
20.7743 626
21.2772 609
21.8397 507
21.9201 379
22.3423 498
22.5391 382
22.7051 578
22.9243 350
22.9509 383
23.0165 542
23.0313 544
23.0511 577
23.3018 584
23.4309 452
23.4619 426
23.9738 457
24.0382 445
24.0855 434
24.132 547
24.1964 530
25.2414 540
25.3085 575
25.5254 351
25.5911 565
25.6103 382
25.6946 389
25.8337 496
25.936 515
26.2609 515
26.4618 570
26.5081 365
26.6604 361
26.6841 605
26.9145 403
26.9361 534
27.77 391
27.7949 378
27.8151 403
28.2064 376
28.4975 361
28.55 431
29.1119 553
29.2793 607
29.498 384
29.5713 464
29.5794 422
29.6827 576
29.8168 498
30.4038 614
30.4862 371
30.9763 483
31.1655 428
31.2375 382
31.3267 338
31.6667 355
31.7409 624
31.7561 375
31.9507 527
32.0628 462
32.1226 473
32.4379 361
32.5518 512
32.5752 519
32.6271 534
32.6688 397
32.7568 441
32.7615 594
32.7782 530
32.7876 512
32.8819 622
33.2783 586
33.6741 391
33.7196 364
34.3134 416
34.3305 554
34.4054 618
34.5474 489
34.6531 422
34.6686 530
35.228 545
35.3267 558
35.3317 337
35.3648 550
35.5655 440
35.9239 361
36.0419 520
36.0829 531
36.3104 617
36.5881 342
36.6856 598
37.0543 530
37.2187 447
37.2322 535
37.3736 398
37.388 487
37.4117 352
37.5186 341
37.6093 611
37.6979 540
37.7094 609
37.7428 507
37.8529 484
37.9831 470
38.0412 566
38.6574 487
38.7785 558
38.9033 364
38.9929 421
39.1442 549
39.2085 454
39.5732 612
39.6469 523
39.7567 496
39.9691 396
40.0406 512
40.0579 504
40.0866 624
40.1239 379
40.1428 532
40.1718 433
40.1783 384
40.2052 555
40.5947 555
40.7044 570
40.8838 409
41.0516 626
41.2414 444
41.3371 467
41.3503 602
41.552 501
41.7817 616
41.8124 507
42.107 478
42.3078 552
42.9626 542
42.9999 456
43.0167 443
43.7128 573
43.8674 538
43.9111 467
43.9197 613
43.9835 627
44.2384 366
44.2938 477
45.2937 423
45.694 479
45.8887 352
46.0355 366
46.2111 351
46.7769 417
46.8616 504
46.9115 397
46.9928 552
47.0296 456
47.4978 378
47.5618 415
47.8085 363
47.9183 372
47.9755 351
48.1316 505
48.3306 630
48.3774 506
48.4087 389
48.4624 597
48.934 367
49.0258 390
49.205 519
49.3243 463
49.4302 412
49.4566 507
49.526 631
49.8459 601
49.9699 608
50.0512 365
50.164 375
50.2736 377
50.3141 343
50.4897 381
50.8861 559
50.9352 376
51.1016 411
51.1362 585
51.2314 584
51.3222 575
51.4185 442
51.6914 359
51.9221 393
51.9998 543
52.2723 350
52.3275 545
52.5418 407
52.8095 403
52.9324 600
52.943 474
53.2881 376
53.5392 453
53.5549 584
53.6435 371
53.7153 568
53.7534 478
53.8411 531
53.8948 489
53.9234 519
54.6551 412
55.1081 401
55.5329 445
55.8281 511
56.1566 590
56.187 564
56.201 593
56.5564 396
56.7237 601
56.7684 566
56.9866 607
57.5042 382
57.5204 534
57.6762 603
57.8785 514
57.9805 445
58.1314 460
58.1852 493
58.2455 572
58.4126 432
58.6029 534
58.7026 609
59.0916 405
59.1444 515
59.2344 544
59.3812 490
59.6804 558
59.697 417
59.9739 531
60.4253 635
60.4687 578
60.5033 401
60.7605 412
60.8442 467
61.011 599
61.1097 377
61.5568 552
61.6343 357
61.8154 437
62.0321 550
62.1389 553
62.4226 363
62.4454 469
62.4781 595
62.5605 623
62.7963 435
63.1056 348
63.1668 586
63.2055 589
63.2761 553
63.3681 387
63.3727 537
63.3838 617
63.977 593
64.06 343
64.2494 584
64.3853 340
64.3919 555
64.4057 407
64.714 556
64.739 597
65.1519 372
65.203 545
65.3289 557
65.7008 372
65.7588 547
66.4384 510
66.6781 417
66.6872 515
66.6974 398
66.8438 496
67.1243 583
67.2636 632
67.3171 490
67.3495 483
67.4993 628
67.5287 505
67.6932 514
67.748 420
68.7857 534
68.8824 382
68.9336 476
69.4928 517
69.7784 549
70.2361 445
70.2567 563
70.3421 409
70.4246 359
70.7379 345
70.8396 605
71.0595 484
71.5125 413
71.9173 528
71.9208 372
71.9266 361
72.029 553
72.0853 524
72.5598 481
72.7007 471
72.8095 538
72.8557 621
73.0786 454
73.1168 477
73.2825 550
73.3382 505
73.3639 451
73.4827 590
73.4903 450
73.6702 359
73.6761 621
73.6999 451
73.9417 513
74.039 495
74.0756 485
74.1124 491
74.1504 459
74.2439 560
74.5668 405
74.5837 611
74.6519 391
74.6804 537
74.7863 383
74.8371 604
75.0958 567
75.1772 399
75.3716 370
75.4184 598
75.5715 602
75.8772 342
75.961 378
76.0049 483
76.0753 405
76.3909 496
76.626 434
77.4349 394
77.7592 605
77.8471 607
77.8613 531
77.9124 471
78.1251 486
78.2184 339
78.269 596
78.3015 513
78.3927 370
78.4195 495
78.5314 514
78.592 516
78.6322 446
79.013 401
79.2793 515
79.293 511
79.6211 451
79.978 509
79.9907 419
80.0299 428
80.2069 572
80.4211 348
80.5478 525
80.6132 431
80.6902 357
80.736 471
80.7581 447
80.8028 518
80.8173 443
81.0417 465
81.5956 361
81.6923 601
82.3751 611
82.966 596
83.1125 503
83.6538 609
83.6736 589
83.6845 557
83.6998 499
83.8332 441
83.9074 412
84.24 419
84.7051 461
84.7838 364
84.8837 473
84.9448 608
84.9547 361
85.2133 354
85.3283 388
85.3368 366
86.4252 393
86.4656 543
86.5369 518
86.7698 585
86.8442 596
87.1239 506
87.1618 478
87.1692 409
87.2936 496
87.3596 342
88.0665 539
88.298 547
88.736 386
89.2382 400
89.3024 533
89.3137 380
89.4536 598
89.4716 568
89.5122 618
89.821 592
89.9482 546
90.3284 541
90.5086 513
90.6741 501
90.7194 370
90.7314 536
90.9974 586
91.0911 570
91.099 558
91.3334 383
91.3884 604
91.4243 601
91.4481 369
91.4556 585
91.4734 421
91.5048 355
91.7666 454
91.8586 628
91.9937 470
92.1307 600
92.2114 503
92.2949 394
92.3341 463
92.3962 570
92.538 373
92.691 493
92.7517 440
92.7811 487
92.8041 377
93.3914 537
93.4565 498
93.5803 461
93.5901 362
93.9247 360
93.9503 360
93.9669 443
94.1468 561
94.1693 353
94.2587 520
94.3507 426
94.4504 401
95.3112 486
95.3599 532
95.5107 584
95.5284 339
95.6191 389
95.6338 493
95.752 345
95.7725 367
95.8291 344
96.4181 517
96.4334 478
96.5342 431
96.5832 503
96.9042 507
97.096 500
97.3365 441
97.9787 352
98.1899 600
98.2463 396
98.4984 391
98.6584 523
98.7997 419
99.0434 413
99.1933 444
99.5222 497
99.5384 481
99.5969 345
99.8472 458
99.9389 588
100.481 560
100.5 460
100.63 337
100.917 465
101.375 608
101.429 625
101.773 491
101.8 353
102.158 342
102.288 456
102.336 573
102.517 468
102.703 554
103.148 624
103.239 533
103.675 472
103.687 528
103.832 546
103.84 625
103.864 476
103.873 528
103.897 491
103.911 370
103.97 512
103.994 536
104.055 375
104.31 474
104.468 508
104.593 623
105.002 441
105.391 590
105.562 429
105.762 435
105.824 465
105.974 368
105.979 427
106.523 428
106.545 602
106.775 408
107.158 378
107.183 531
107.215 428
107.369 573
107.403 371
107.683 500
108.514 400
108.542 536
108.555 507
108.629 411
108.832 615
108.878 539
109.157 386
109.169 432
109.493 628
109.99 582
110.225 447
110.297 514
110.59 616
110.777 523
111.018 636
111.163 546
111.562 482
111.581 415
111.598 367
112.009 423
112.031 634
112.079 400
112.177 517
112.754 373
112.952 405
113.008 571
113.034 476
113.093 474
113.184 463
113.347 455
113.455 610
113.576 550
113.679 474
113.854 373
113.878 527
114.067 366
114.415 568
114.503 616
114.615 457
114.67 453
114.958 443
114.983 634
115.148 561
115.213 470
115.515 616
116.047 380
116.093 472
116.236 564
116.292 396
116.407 572
116.434 502
116.682 609
116.976 484
117.12 526
117.282 457
117.417 581
117.574 525
117.952 357
118.034 601
118.17 460
118.299 490
118.71 475
118.943 453
119.067 507
119.18 453
119.287 532
119.392 609
119.43 519
119.46 414
119.54 457
119.579 357
119.738 630
119.991 424
120.047 387
120.254 545
120.426 457
120.643 541
121.795 566
121.928 619
122.289 374
122.795 369
123.402 421
123.966 372
124.067 405
124.264 440
125.72 505
126.086 586
126.616 453
126.887 463
127.124 575
127.188 594
128.014 500
128.681 479
129.843 361
130.143 428
131.825 504
131.929 413
133.125 627
133.147 541
133.169 578
134.897 407
135.436 590
135.894 596
135.986 382
136.338 374
138.243 405
139.121 385
140.167 466
142.945 599
143.391 563
143.583 556
144.78 437
145.093 442
145.634 430
145.73 542
147.491 339
150.643 571
151.802 531
152.133 506
152.209 444
153.418 611
154.468 613
155.131 550
156.996 372
157.042 575
157.561 558
157.978 496
158.561 453
158.852 403
159.469 445
160.067 481
160.095 440
160.808 441
161.156 387
161.591 595
162.763 585
162.863 503
163.784 625
164.973 561
165.849 493
166.116 383
166.277 514
166.323 553
166.36 389
166.392 517
166.462 503
166.564 347
167.638 482
169.031 528
169.584 423
169.825 347
170.13 528
170.637 622
170.837 549
171.846 404
171.962 396
172.047 374
172.181 489
172.329 383
173.024 573
173.857 523
175.263 511
176.232 373
176.496 419
176.904 507
177.785 456
177.994 541
179.183 550
179.619 394
180.73 587
181.405 410
181.908 534
183.559 370
184.145 568
184.167 589
184.753 619
185.394 615
185.603 481
186.002 616
186.007 616
186.214 495
187.013 369
187.579 467
187.962 489
188.036 491
188.532 365
189.503 357
190.521 402
190.768 463
192.025 366
192.776 582
192.897 511
193.813 564
195.056 498
195.297 551
195.51 359
195.975 604
196.002 507
196.005 507
196.009 507
197.415 585
197.528 518
198.963 619
199.017 421
199.846 429
200.133 477
200.987 492
202.172 448
202.409 509
202.504 588
203.078 611
204.145 462
204.149 576
204.18 372
204.75 511
205.123 448
206.002 507
206.004 507
206.011 507
207.655 389
207.725 429
207.912 559
209.198 627
209.973 371
210.47 354
210.93 466
211.441 632
213.617 578
213.633 507
214.076 396
215.342 421
215.371 346
216.002 507
216.004 507
216.007 507
216.538 476
216.555 519
216.824 350
217.509 631
217.624 483
218.134 449
218.505 505
220.447 374
221.707 441
221.876 512
222.083 530
222.236 528
222.275 574
223.222 561
223.384 459
224.342 545
227.663 634
227.736 526
228.105 617
228.492 568
229.089 548
230.475 581
230.539 464
230.83 421
230.921 413
231.457 451
231.575 424
231.584 479
232.055 623
232.722 396
233.357 618
233.84 512
234.301 570
234.58 401
234.898 634
235.053 594
235.452 607
235.639 509
235.82 465
237.226 420
237.435 353
237.503 432
238.931 496
239.117 419
239.454 506
239.513 528
240.441 600
240.776 574
242.494 567
242.911 378
243.127 378
243.671 608
243.833 342
243.854 404
244.254 453
244.307 574
244.45 509
245.526 551
246.731 602
248.363 499
248.398 608
248.851 544
252.506 418
252.673 503
254.755 463
254.942 374
255.763 623
256.145 438
256.364 414
257.312 620
257.567 357
258.321 471
259.927 487
260.593 510
261.131 367
261.197 514
261.679 368
261.809 355
261.909 533
262.239 511
262.589 378
263.079 393
264.868 496
265.544 635
266.892 600
267.036 431
267.621 505
271.779 419
271.817 417
271.904 427
271.921 395
272.53 521
273.195 414
274.017 512
274.116 439
275.218 621
275.775 617
275.934 623
277.759 635
278.176 360
278.25 438
279.526 495
279.613 565
281.445 397
281.622 395
282.416 539
282.693 513
283.366 387
283.733 524
284.141 596
284.19 531
286.285 391
287.276 397
287.418 436
287.807 436
289.199 587
290.141 562
290.918 417
291.775 577
292.114 444
292.135 591
292.258 463
292.644 547
292.749 548
293.068 505
293.272 468
293.383 406
293.399 581
294.392 548
294.963 364
296.523 580
298.307 352
298.326 429
300.365 403
300.612 603
300.663 471
300.747 541
301.31 533
301.859 557
308.409 412
308.458 582
308.8 427
309.02 486
309.942 568
310.348 555
310.624 375
311.15 633
311.419 347
312.011 416
312.754 484
313.454 367
314.073 574
314.195 579
314.233 373
314.706 412
315.118 341
315.178 555
315.193 587
315.407 387
315.661 385
316.153 512
318.387 437
318.837 351
319.111 588
319.123 391
319.836 577
320.156 621
320.367 392
321.024 577
321.646 419
322.049 464
323.138 494
323.566 527
324.537 410
324.651 421
325.785 523
327.128 613
327.511 339
328.406 527
328.642 351
328.908 377
329.424 544
329.578 490
331.607 594
333.274 366
334.239 512
335.204 578
337.815 632
338.609 599
341.861 568
343.999 424
346.002 453
346.003 372
346.003 421
346.004 490
346.005 517
346.008 372
346.315 511
346.877 509
346.939 428
347.201 429
347.853 408
348.795 519
348.909 620
351.148 340
351.684 415
353.134 599
353.366 351
353.788 419
354.09 609
354.339 519
355.596 475
357.5 375
358.693 515
359.269 421
359.513 350
359.963 362
360 499
361.417 358
361.494 454
363.464 411
364.799 444
364.901 362
365.161 337
365.532 431
365.711 370
367.657 537
368.593 547
368.774 612
370.723 421
372.529 507
374.296 424
374.611 521
374.714 398
376.349 611
377.243 353
378.795 595
378.891 422
379.074 630
380.335 492
381.165 362
381.653 382
381.856 500
382.959 441
382.972 485
385.794 579
386.326 442
387.667 459
389.967 512
390.136 405
390.187 574
392.15 339
392.76 446
393.667 430
395.487 436
395.693 468
396.108 628
396.515 348
396.884 442
396.976 458
399.116 371
399.19 380
399.234 389
399.451 347
399.656 348
400.053 437
401.071 479
401.096 455
401.618 507
401.962 627
403.182 350
403.352 337
404.006 625
404.537 397
405.387 351
405.878 399
406.161 375
406.359 338
406.68 426
406.874 482
407.069 430
407.538 545
408.753 393
408.863 537
409.559 574
411.08 416
411.199 467
412.142 563
412.836 363
413.45 551
413.903 548
414.055 383
414.489 521
414.575 350
415.481 481
416.195 468
416.48 341
416.66 498
416.716 381
416.944 590
417.579 353
417.587 479
417.657 477
417.836 466
418.72 461
418.974 417
419.883 586
420.386 469
420.792 338
420.89 573
422.034 499
424.26 403
425.23 501
425.79 435
426.946 563
428.098 415
429.482 456
429.891 511
430.751 463
431.626 348
432.136 457
433.05 368
433.254 534
433.892 419
434.671 590
434.827 475
435.543 553
436.452 520
436.774 567
437.442 542
438.035 443
438.13 440
438.334 481
439.388 418
439.733 442
440.103 413
441.87 526
443.342 353
443.688 367
444.181 562
444.436 521
444.885 373
445.915 381
446.352 537
448.566 358
449.426 464
449.492 405
450.103 422
452.998 550
453.686 570
454.032 452
455.27 599
457.074 581
458.393 384
461.144 614
461.891 433
463.998 404
464.564 562
464.867 438
465.004 550
465.018 551
466.439 604
466.696 585
467.344 623
467.387 485
467.413 376
467.629 479
467.741 489
468.754 478
468.786 504
469.389 423
470.117 426
470.404 355
470.7 609
471.563 476
472.044 393
472.36 441
473.888 407
474.212 380
474.409 415
474.747 352
474.907 401
475.942 368
476.101 406
476.35 620
476.684 504
478.3 444
479.765 415
480.268 433
480.527 481
480.882 374
482.037 434
482.046 383
482.668 442
482.816 492
483.171 608
485.775 577
486.181 500
486.536 598
486.887 550
492.237 510
492.677 542
493.169 350
494.243 603
494.353 465
494.545 507
494.956 603
497.8 488
497.931 392
498.393 574
498.935 546
499.274 405
499.724 423
500.35 521
502.908 564
503.653 390
506.449 546
506.49 538
506.923 564
507.247 343
508.529 545
509.67 344
509.674 493
509.855 455
510.761 497
511.094 340
512.166 601
513.875 382
514.323 526
515.576 370
516.443 402
517.501 525
517.914 468
518.777 447
519 449
519.149 361
519.381 547
519.944 467
521.661 349
521.662 552
522.531 501
523.023 441
523.236 519
523.527 472
524.126 370
524.216 487
525.188 578
525.531 338
525.731 450
525.742 364
526.807 590
527.065 572
527.628 472
528.741 597
529.934 612
530.24 543
533.276 533
534.122 518
534.163 501
534.428 455
535.08 391
535.124 585
535.62 490
535.74 582
535.794 477
536.027 374
536.078 458
536.141 539
536.363 590
536.871 428
537.087 346
537.741 401
538.09 349
538.273 630
540.326 413
540.403 597
541.815 442
543.007 406
543.1 340
543.921 584
544.536 524
545.332 601
546.82 552
547.604 634
547.919 600
548.321 590
549.266 377
549.906 598
550.964 383
551.613 583
551.72 420
552.776 468
553.65 558
554.674 432
556.237 453
558.171 369
558.228 483
558.362 415
558.374 373
559.151 510
559.175 485
560.006 473
560.084 462
561.373 620
561.495 477
561.656 364
562.488 478
563.093 378
563.538 513
564.155 462
565.467 427
567.109 479
570.015 428
570.957 375
573.01 629
573.112 436
575.528 427
575.795 383
576.026 435
576.192 347
576.716 545
576.879 393
576.939 404
577.47 499
578.212 381
578.238 635
578.446 633
579.189 446
579.28 457
581.386 599
581.761 371
582.274 435
582.58 417
583.444 634
583.88 584
585.967 385
586.495 391
588.275 416
588.429 421
589.782 503
591.966 609
595.489 350
596.607 357
597.537 423
597.856 384
597.86 361
598.542 485
599.017 611
599.361 581
599.74 395
600.417 374
601.352 633
601.951 395
602.081 633
603 388
604.094 425
605.09 475
605.63 427
607.332 518
607.649 444
608.58 417
609.238 376
612.229 375
612.838 525
612.927 590
614.208 470
615.226 585
615.687 527
615.966 355
616.568 464
617.057 510
617.252 370
617.317 432
619.239 338
619.393 482
620.147 455
620.585 546
621.278 428
621.967 549
624.1 594
624.511 345
625.066 575
626.207 630
629.776 418
631.529 535
631.662 511
631.773 405
631.816 357
633.033 542
633.661 477
635.332 563
635.672 590
636.582 618
636.588 605
636.611 373
638.833 369
641.056 499
641.173 400
641.994 452
642.616 370
642.645 384
643.701 536
644.33 339
644.679 550
644.691 517
645.028 369
645.268 563
645.525 571
645.782 382
645.934 417
647.626 466
647.821 413
648.113 569
648.479 522
649.142 627
650.239 422
651 575
651.352 527
651.845 429
652.05 556
654.365 449
654.498 505
655.98 440
656.177 553
656.291 631
656.417 580
658.684 577
658.727 559
659.266 586
659.453 377
659.924 414
661.659 552
662 449
663.299 491
663.79 509
665.047 633
666.141 440
667.296 524
667.627 587
669.173 609
669.937 566
670.004 587
670.182 390
670.304 348
670.465 584
671.852 476
672.77 356
676.31 603
676.479 340
676.69 504
677.728 595
678.034 572
678.394 515
678.611 484
679.624 603
681.648 502
684.085 350
684.313 560
684.852 407
686.402 540
686.676 457
686.787 387
686.989 604
687.078 522
687.348 552
687.41 617
688.288 581
689.075 371
690.21 403
692.665 427
693.123 420
693.835 384
694.888 527
695.134 539
695.402 406
695.97 404
696.976 490
697.063 473
697.446 409
698.443 534
698.612 413
699.125 511
699.879 550
700.01 571
703.057 628
703.604 361
704.584 562
705.65 360
705.672 476
708.09 363
708.238 570
708.452 527
708.74 438
708.978 437
709.908 604
710.504 383
710.629 535
711.428 341
712.188 403
713.176 410
714.011 501
714.953 612
716.682 350
716.752 389
717.1 551
717.556 433
717.578 356
719.527 487
719.88 580
720.952 417
721.436 482
724.064 488
724.31 405
724.581 408
724.677 387
725.048 452
725.486 596
725.715 386
726.13 577
727.05 394
727.404 615
729.051 439
729.647 378
730.063 447
731.105 388
731.336 508
732.099 578
732.799 433
732.886 633
735.168 479
735.26 405
735.522 359
735.687 431
735.719 396
736.187 530
736.546 575
737.078 516
737.638 547
737.86 427
738.473 431
738.648 512
738.78 391
739.078 452
739.362 385
739.37 578
740.058 358
740.317 386
740.446 357
740.982 609
741.354 384
741.51 382
741.75 406
744.704 433
745.109 428
745.857 554
746.198 535
747.892 610
748.853 493
748.971 398
748.999 613
752.31 525
752.847 384
755.487 439
755.614 481
755.664 568
756.347 434
757.854 604
757.869 624
759.294 472
761.751 484
762.854 418
763.013 432
763.193 354
764.139 540
764.318 430
764.337 537
766.105 558
766.788 471
768.062 339
768.607 412
769.184 504
770.242 439
770.325 587
770.587 344
772.656 512
775.066 534
775.13 430
775.87 432
777.362 376
777.725 439
778.951 476
780.949 515
781.106 538
781.247 472
782.252 550
782.614 505
782.683 613
782.879 481
783.308 394
783.952 418
784.012 359
784.028 338
785.309 610
785.503 618
786.272 437
788.427 343
790.926 608
791.74 391
792.569 440
792.853 495
792.893 495
793.285 348
793.336 560
793.441 584
793.621 572
794.158 488
795.012 367
795.054 543
795.412 585
797.758 419
798.413 408
798.521 347
798.843 490
800.09 586
800.967 536
800.983 405
802.517 405
802.989 477
804.574 409
804.765 339
805.095 559
805.431 607
805.702 599
805.731 459
807.044 539
807.318 350
807.767 489
808.041 520
809.202 373
810.269 346
811.103 376
811.563 545
812.883 446
813.197 611
813.267 608
813.354 514
814.193 593
814.986 488
815.092 386
815.098 468
815.158 624
815.301 543
815.582 490
815.714 503
817.865 543
818.543 567
818.83 420
819.149 545
819.218 406
819.598 551
819.73 367
821.489 584
821.927 572
822.698 454
824.449 566
824.504 469
824.717 399
825.309 471
825.916 418
826.094 582
826.306 353
826.497 371
827.24 545
827.914 425
828.338 340
829.393 453
829.451 430
829.885 369
830.639 552
831.612 589
832.806 547
833.262 613
833.91 504
834.687 499
835.971 449
836.036 383
837.592 627
838.083 461
840.05 439
841.207 561
842.004 398
842.5 460
843.786 367
844.974 593
845.065 581
845.719 466
846.728 548
846.83 382
847.486 344
848.732 477
849.121 434
849.692 491
850.934 395
850.961 537
851.408 569
851.579 365
851.863 379
852.188 367
852.606 504
853.706 488
853.942 401
854.144 476
855.186 534
855.345 622
856.555 361
856.576 524
857.121 425
857.914 486
858.719 468
858.865 359
858.94 368
859.019 403
859.688 623
859.999 613
860.574 455
860.732 567
861.02 414
862.294 407
862.415 525
862.527 592
862.594 519
863.342 350
864.27 598
864.313 594
865.991 405
866.107 414
866.158 414
866.576 414
867.756 464
867.978 437
868.864 458
868.869 462
869.232 588
869.243 496
869.571 521
869.872 568
870.255 584
870.484 350
870.6 342
871.033 414
871.134 414
871.183 414
871.575 551
872.611 361
872.782 495
873.045 436
873.165 583
873.72 460
874.379 503
874.713 488
875.266 553
876.023 414
876.032 414
876.048 414
876.071 414
876.162 412
876.179 414
876.197 414
876.229 414
876.234 414
876.372 414
876.539 611
876.643 488
876.707 348
876.73 546
876.749 607
876.843 388
877.118 565
877.197 9
877.415 456
877.549 427
877.745 402
877.756 442
878.003 618
878.159 477
878.407 350
878.804 626
878.827 491
878.89 370
879.043 483
879.066 453
879.119 602
879.196 41
879.24 627
879.871 466
879.989 482
880.001 523
880.497 41
880.752 567
880.78 41
881.091 414
881.11 414
881.145 414
881.169 414
881.224 389
881.247 414
881.26 414
881.396 414
881.418 414
881.554 419
881.884 469
882.061 499
882.114 489
882.13 512
882.144 540
882.158 376
882.427 506
882.637 594
882.651 376
882.714 383
882.776 381
882.816 532
882.846 352
883.127 580
883.261 557
883.652 337
883.822 364
883.944 365
884.945 506
885.425 377
885.436 360
885.735 573
885.911 454
886.047 414
886.079 414
886.084 414
886.086 414
886.088 414
886.204 414
886.207 414
886.235 414
886.5 598
886.63 424
886.674 1487
886.766 518
886.778 507
886.795 369
886.802 551
887.467 628
887.552 37203
887.593 57994
887.612 39132
887.634 628
887.663 438
887.666 38964
887.735 628
887.766 38674
887.767 497
887.801 628
887.952 628
887.979 57994
888.013 57994
888.019 628
888.1 39132
888.114 404
888.119 39132
888.181 560
888.219 38674
888.237 628
888.271 628
888.333 57994
888.38 57994
888.451 623
888.464 427
888.479 635
888.788 620
889.162 490
889.234 427
889.235 488
889.516 611
889.964 574
890.077 349
890.098 615
890.178 344
890.343 564
890.602 488
890.616 631
890.664 622
890.757 601
891.038 414
891.048 414
891.082 414
891.084 414
891.102 414
891.138 414
891.147 414
891.16 414
891.371 37977
891.375 414
891.751 497
891.903 547
892.151 419
892.201 377
892.277 574
892.52 436
892.764 636
893.166 426
893.28 471
893.381 453
893.516 571
893.533 587
893.556 369
893.56 596
893.671 339
893.753 474
893.806 421
894.181 635
894.379 598
894.395 598
894.675 569
894.702 628
894.999 511
895.195 428
895.272 609
895.642 496
895.929 518
895.938 458
896.315 37749
896.511 602
896.975 610
897.002 628
897.681 548
897.855 609
897.948 468
898.461 364
898.58 582
898.922 469
899.64 607
899.882 342
900.013 469
900.102 533
900.122 605
900.403 518
900.475 356
900.787 409
901.158 37715
901.248 37972
901.413 629
901.63 621
901.805 455
902.041 426
902.793 478
902.813 568
903.108 625
903.158 412
903.392 579
903.519 360
903.682 464
903.743 371
903.812 468
903.848 552
903.883 490
904.254 400
904.324 376
904.878 586
905.12 465
905.72 507
906.236 542
906.572 507
906.586 504
906.776 38809
906.809 58407
906.814 622
906.858 38647
906.897 37297
907.026 561
907.411 568
907.432 429
907.469 475
907.592 394
907.623 338
908.018 388
908.155 596
908.851 580
908.897 487
908.964 621
909.208 398
909.765 375
910.033 448
910.206 613
911.19 38710
911.447 337
911.9 582
912.164 349
912.177 480
912.273 477
912.299 475
912.405 409
912.566 413
913.198 475
913.432 340
913.456 391
913.911 415
914.108 496
914.184 491
914.298 624
914.426 525
915.077 445
915.289 518
915.302 374
915.341 485
915.693 624
915.832 578
915.99 357
916.403 339
916.52 531
916.752 515
916.76 591
916.763 428
916.802 489
917.14 635
917.163 471
917.209 547
917.221 427
917.405 518
917.538 564
917.558 348
917.571 578
917.84 505
917.876 530
917.945 341
917.987 361
918.009 536
918.083 362
918.088 543
918.26 482
918.311 363
918.414 423
918.415 474
918.846 589
919.081 582
919.143 564
919.199 591
919.241 552
919.809 588
919.954 443
919.992 409
920.168 426
920.266 536
920.376 494
920.661 347
920.673 355
921.146 479
921.18 568
921.341 507
921.576 614
921.657 37534
921.742 38162
921.792 353
921.801 584
922.02 630
922.36 392
922.485 616
922.512 406
922.612 436
922.806 410
922.875 433
922.994 432
923.35 463
923.356 554
923.553 439
923.807 556
923.881 573
923.96 592
924.023 600
924.102 437
924.303 615
924.314 352
924.515 502
924.687 474
924.773 387
925.146 595
925.319 603
925.564 358
925.901 382
926.213 548
926.386 559
926.613 496
926.617 604
926.644 567
926.693 595
926.847 440
926.997 376
927.289 356
927.492 429
927.725 450
927.778 476
928 424
928.296 557
928.463 444
929.056 621
929.057 356
929.112 394
929.534 536
929.551 552
929.736 446
929.846 338
929.877 445
929.932 582
929.975 613
930.102 373
930.636 353
930.897 410
930.943 410
930.975 622
931.648 502
931.676 388
932.419 422
932.425 408
932.544 627
932.572 461
932.58 356
932.88 365
933.087 492
933.456 341
933.468 466
933.962 398
934.114 544
934.782 406
934.797 621
934.823 547
935.117 516
935.169 409
935.262 489
935.528 340
935.654 360
936.193 400
936.516 533
936.777 37353
936.941 460
937.478 473
937.775 625
937.859 440
937.979 464
938.328 472
939.084 380
939.245 513
939.588 532
939.61 500
939.642 400
939.84 469
940.373 472
940.405 504
940.698 533
940.708 449
940.722 338
940.734 410
940.799 633
941.161 406
941.225 38201
941.238 38201
941.363 378
941.431 579
941.494 37374
941.673 483
941.732 604
941.999 403
942.261 594
942.45 480
942.639 462
942.921 613
942.965 503
943.074 395
943.445 536
943.617 513
943.69 592
943.76 484
943.832 521
944.284 515
944.294 373
944.769 349
944.851 623
944.891 449
944.903 623
945.056 424
945.276 579
945.479 586
945.973 619
946.142 609
946.236 512
946.28 37700
946.493 593
946.533 475
946.701 432
946.739 393
946.764 444
946.943 603
947.175 495
947.199 546
947.571 359
947.97 573
948.522 574
948.568 348
948.969 456
949.089 605
949.351 553
949.367 597
949.414 358
949.731 472
949.767 487
949.779 348
949.79 511
949.8 460
949.894 470
950.389 561
950.719 561
950.762 621
950.822 635
950.898 456
950.919 511
950.99 496
951.558 603
951.602 444
951.719 437
951.761 494
951.816 586
952.112 509
952.146 548
952.364 462
952.626 411
952.65 407
952.756 422
952.865 475
953.079 458
953.195 617
953.246 337
953.268 400
953.371 347
953.598 526
953.62 495
953.824 481
954.561 512
954.657 458
954.755 404
954.831 559
954.883 628
955.04 485
955.425 472
955.665 534
955.696 409
956.128 628
956.175 586
956.426 566
956.597 486
956.742 351
956.887 607
957.022 442
957.287 362
957.943 601
958.003 387
958.105 459
958.283 526
958.5 603
958.706 359
958.825 441
958.901 415
959.037 551
959.285 408
959.426 566
959.724 342
959.867 471
960.071 618
960.19 378
960.864 563
960.991 365
961.221 442
961.336 629
961.632 495
961.898 413
962.23 448
962.603 345
962.692 551
963.291 416
963.548 444
963.592 412
963.719 487
963.847 556
963.948 566
964.121 542
964.448 438
964.58 538
964.623 375
964.874 345
965.009 383
965.146 601
965.169 555
965.377 488
965.584 531
965.752 538
965.956 630
965.995 497
966.559 494
966.565 479
966.62 412
966.726 39005
966.727 38977
966.758 39005
966.832 350
967.049 635
967.117 449
967.313 427
967.324 532
967.581 530
967.647 625
967.704 504
967.745 503
967.89 551
968.039 370
968.056 436
969.076 396
969.134 565
969.487 517
969.605 410
969.718 408
969.821 396
969.982 410
970.281 383
970.569 630
970.642 348
970.872 469
972.234 435
972.343 392
972.418 519
972.588 387
972.666 617
972.796 340
972.822 486
973.028 514
973.529 369
973.955 619
973.97 488
974.329 603
974.549 401
974.578 350
974.62 570
974.818 634
974.848 419
974.899 518
975.032 625
975.074 434
975.203 601
975.214 373
975.341 393
975.416 555
975.907 405
975.962 636
976.12 531
976.777 352
977.079 498
977.109 611
977.135 338
977.289 380
977.331 461
977.573 398
977.628 469
977.685 342
977.824 359
978.4 492
978.588 356
978.599 549
978.783 534
979.219 617
979.318 435
980.606 538
980.998 603
981.335 390
981.554 564
981.58 560
981.651 412
981.661 355
981.783 499
981.842 498
981.9 564
982.088 443
982.099 482
982.231 607
982.3 551
982.7 428
983.152 415
983.199 547
983.502 570
983.513 515
983.546 340
983.74 482
983.772 426
984.139 447
984.2 525
984.671 542
984.905 369
985.167 525
985.179 401
985.313 355
985.67 568
986.156 480
986.348 351
986.438 544
986.676 481
986.722 38565
986.735 617
987.441 592
987.841 337
988.034 596
988.048 581
988.115 403
988.259 491
988.462 455
988.922 591
988.939 411
988.976 468
989.163 557
989.503 455
989.506 438
989.563 422
989.696 516
989.865 354
989.937 567
989.975 429
990.071 454
990.597 531
990.609 446
990.62 490
990.649 528
991.271 490
991.573 38194
991.873 564
992.013 437
992.102 499
992.109 343
992.157 448
992.215 598
992.36 383
992.508 600
992.525 404
992.68 471
993.116 521
993.397 530
994.021 505
994.293 503
994.358 624
994.554 501
994.701 585
994.96 388
995.479 342
995.48 495
995.52 514
995.548 442
995.615 474
996.224 507
996.275 576
996.375 499
996.512 605
996.548 396
996.892 411
996.96 389
997.192 439
997.531 516
997.873 540
997.963 432
998.212 496
998.958 361
999.022 491
999.098 436
999.196 501
999.287 419
999.657 378
999.848 436
