#BlockGroup ParentBlock BlockHash
0 0 14585213
690 14585213 7180905
690 7180905 14548578
690 14548578 4342362
690 4342362 2620332
350 2620332 16444380
284 16444380 4915500
284 4915500 8094283
284 8094283 3680572
284 3680572 4055967
284 4055967 524887
284 524887 10513047
284 10513047 12042040
284 12042040 9492569
284 9492569 8929803
690 8929803 8712477
690 869951 8712477
690 8929803 16299348
690 4342362 14019450
154 14019450 13081929
154 13081929 3359844
154 3359844 7139081
154 7139081 13596134
154 13596134 869951
690 16299348 6760777
690 8712477 6760777
690 16299348 15983224
690 8712477 15983224
