#BlockGroup ParentBlock BlockHash
0 0 13823214
1305 13823214 7314306
1305 7314306 2948331
1305 2948331 15579258
1305 15579258 3688984
1305 3688984 9608588
1305 9608588 13022621
1305 13022621 7906876
615 7906876 1351619
615 1351619 9657139
615 9657139 109302
615 109302 3701059
615 3701059 10409816
615 10409816 3253836
615 3253836 15546036
615 15546036 4784871
615 4784871 8360596
615 8360596 5203410
615 5203410 8645451
615 8645451 12331301
615 12331301 14530967
615 14530967 2636554
615 2636554 2516376
615 2516376 13781339
615 13781339 6517709
615 6517709 10606032
615 10606032 13277721
615 13277721 15230900
1305 2230392 3930223
1305 798514 3930223
1305 11054629 3930223
1305 12379761 3930223
1305 14438098 3930223
1305 13022621 2230392
1305 14438098 2230392
1305 12379761 2230392
1305 853350 2230392
1305 15302646 2230392
1305 7803689 2230392
1305 15230900 2230392
1305 9550940 2230392
935 15230900 15302646
935 14438098 15302646
1305 15230900 7803689
1305 14438098 7803689
1305 14438098 853350
1305 15230900 798514
935 13022621 9550940
