#BlockGroup ParentBlock BlockHash
0 0 8283483
930 8283483 8542076
930 8542076 9927905
930 9927905 14682951
930 14682951 1315510
930 1315510 1789255
930 1789255 10446055
284 10446055 12213145
284 12213145 3793423
284 3793423 13769341
284 13769341 10371278
284 10371278 3719806
284 3719806 2903092
284 2903092 9113377
284 9113377 7349412
284 7349412 837
284 837 12242697
284 12242697 3869675
284 3869675 16668055
284 16668055 222435
284 222435 9296904
284 9296904 8365537
284 8365537 11194550
284 11194550 9160920
862 10922679 11263804
862 294899 11263804
862 10657565 11263804
862 9160920 11263804
646 2812845 11495501
646 10657565 11495501
646 10446055 10476837
646 11495501 294899
930 11263804 7618361
930 12213145 7618361
930 10657565 7618361
930 9160920 7618361
930 7618361 7807573
930 7807573 8723332
930 8723332 1975251
930 1975251 13492983
394 10446055 752580
394 752580 7925323
394 7925323 6489227
394 6489227 10922679
394 10922679 9335010
394 9335010 1437971
394 1437971 13537846
394 13537846 11660711
394 11660711 8749825
394 8749825 12600885
394 12600885 10226581
930 13492983 10844052
394 10226581 8706919
394 8706919 7019229
394 7019229 8356085
394 8356085 14798407
394 14798407 13787548
394 13787548 10657565
930 10844052 12953854
930 12953854 11958830
