#BlockGroup ParentBlock BlockHash
0 0 13384228
690 13384228 15498877
690 15498877 7013652
690 7013652 2572794
690 2572794 5944533
690 5944533 308804
690 308804 4845626
690 4845626 15259619
370 15259619 7222706
370 7222706 11424606
370 11424606 14509029
370 14509029 10084026
370 10084026 15937845
370 15937845 12829401
370 12829401 8854493
370 8854493 770401
370 770401 7739774
370 7739774 2605778
690 5151106 322702
690 2605778 322702
690 322702 8375542
690 8375542 10310643
690 15259619 5325926
320 5325926 7496083
320 7496083 13513520
320 13513520 10874320
690 10310643 11015202
320 10874320 8295084
320 8295084 1357406
320 1357406 5975182
320 5975182 6184709
320 6184709 15583100
320 15583100 16026768
320 16026768 5151106
690 11015202 13424732
690 13424732 9596783
690 9596783 16740664
690 16740664 9844610
