#BlockGroup ParentBlock BlockHash
0 0 13384228
690 13384228 4859321
690 4859321 1811052
690 1811052 9660521
690 9660521 3609048
690 3609048 11883272
690 11883272 5761421
690 5761421 11222674
690 11222674 307488
320 307488 447400
320 447400 72657
320 72657 11668377
320 11668377 14643546
320 14643546 14277075
320 14277075 11514038
320 11514038 959966
320 959966 12397339
320 12397339 5883073
690 5883073 7650092
690 5690375 7650092
690 7650092 14401667
690 14401667 4792831
370 11222674 3783430
370 3783430 11051267
370 11051267 11042914
370 11042914 4902680
370 4902680 3765899
370 3765899 5166767
370 5166767 14620159
370 14620159 7748968
370 7748968 13366516
370 13366516 5690375
690 4792831 1632903
690 1632903 16433386
690 16433386 5693245
690 5693245 3895847
690 3895847 15361205
