#BlockGroup ParentBlock BlockHash
0 0 5083169
930 5083169 5630022
930 5630022 1557410
930 1557410 7487825
930 7487825 1338449
930 1338449 4908166
394 4908166 15013513
394 15013513 5330038
394 5330038 11095053
394 11095053 13685313
394 13685313 15239773
394 15239773 11295600
394 11295600 16254066
394 16254066 3071531
394 3071531 5135168
394 5135168 13377002
394 13377002 7428638
394 7428638 4862819
394 4862819 5554236
394 5554236 9935098
394 9935098 12596348
394 12596348 3408958
394 3408958 8124748
394 8124748 9711171
394 9711171 3819857
394 3819857 12418163
394 12418163 8430588
394 8430588 2059404
394 2059404 3940642
394 3940642 13660261
394 13660261 3488454
394 3488454 15712923
394 15712923 15074223
394 15074223 1599600
394 1599600 11971142
394 11971142 1290512
394 1290512 14487700
394 14487700 4391532
394 4391532 1147987
394 1147987 14267064
394 14267064 1957062
394 1957062 14166344
394 14166344 14655332
394 14655332 15480359
394 15480359 10571018
394 10571018 14304544
930 11813666 4148858
930 10200579 4148858
930 5407268 4148858
930 257333 4148858
930 14881844 4148858
930 6083571 4148858
930 14304544 4148858
930 14304544 10200579
930 11813666 10200579
252 2401127 14881844
252 5693641 14881844
570 5407268 257333
570 14304544 257333
930 5407268 6083571
930 11813666 6083571
930 4148858 5650673
930 14304544 5650673
930 11813666 5650673
930 5650673 13503532
