#BlockGroup ParentBlock BlockHash
0 0 14585213
690 14585213 7180905
690 7180905 14548578
690 14548578 4342362
690 4342362 2620332
320 2620332 7602083
252 7602083 7350337
252 7350337 5684921
252 5684921 11498134
252 11498134 8271224
252 8271224 51097
252 51097 3338745
252 3338745 5009279
252 5009279 16353676
252 16353676 9469786
690 9469786 524596
690 869951 524596
690 8929803 524596
690 9469786 8064443
350 2620332 16444380
284 16444380 4915500
284 4915500 8094283
284 8094283 3680572
284 3680572 4055967
284 4055967 524887
284 524887 10513047
284 10513047 12042040
284 12042040 9492569
284 9492569 8929803
690 524596 14932835
690 8064443 14932835
690 524596 6037979
690 8064443 6037979
690 4342362 14019450
154 14019450 13081929
154 13081929 3359844
154 3359844 7139081
154 7139081 13596134
154 13596134 869951
