#BlockGroup ParentBlock BlockHash
0 0 12131361
930 12131361 2896907
930 2896907 3183713
930 3183713 9109277
930 9109277 15337058
930 15337058 9227458
930 9227458 8050102
930 8050102 4380836
930 4380836 649213
930 649213 4695716
930 4695716 8082064
930 8082064 15430483
930 15430483 7599928
540 7599928 8564468
540 8564468 7122088
540 7122088 8529214
540 8529214 106230
540 106230 13456085
540 13456085 235281
540 235281 1650393
540 1650393 7221953
540 7221953 6506469
540 6506469 12427049
540 12427049 14780937
540 14780937 8188209
540 8188209 11508128
540 11508128 13635896
540 13635896 4019211
540 4019211 1747997
540 1747997 11606592
540 11606592 16108920
540 16108920 15349018
540 15349018 1072945
540 1072945 4023024
540 4023024 3915620
540 3915620 2569281
930 2569281 705161
930 10557905 9284165
930 16085989 9284165
930 705161 9284165
930 2727539 9284165
930 9377385 9284165
930 2727539 944658
930 2569281 944658
930 9377385 944658
390 7599928 10557905
930 2569281 11529919
930 2727539 11529919
604 7599928 9377385
930 11529919 16085989
930 944658 16085989
930 9284165 1640337
930 1640337 14734823
930 14734823 2332347
930 2332347 3336803
930 3336803 13929662
930 13929662 8184514
930 8184514 2821167
390 10557905 16724267
390 16724267 8219507
390 8219507 11657175
390 11657175 10802627
930 2821167 10444516
390 10802627 1558274
390 1558274 4495486
390 4495486 12179083
390 12179083 9746815
390 9746815 14314763
390 14314763 6357978
390 6357978 10888509
390 10888509 1899178
390 1899178 278239
390 278239 6686805
390 6686805 8524489
390 8524489 4633780
390 4633780 4486821
390 4486821 11254800
390 11254800 6210153
390 6210153 3767206
390 3767206 2727539
930 10444516 8998000
930 8998000 9059945
930 9059945 13347063
930 13347063 16414509
930 16414509 11002180
