#TxHash TimeSend TimeReceve
192340 71.5238 71.5261
198515 346.309 346.313
282275 331.851 331.855
286160 579.641 579.645
484090 557.379 557.383
503015 93.6968 93.6995
509545 309.73 309.733
718930 79.9072 79.911
728695 114.115 114.119
758810 510.394 510.397
761545 74.5589 74.5627
831065 120.639 120.642
832345 397.395 397.397
838780 494.922 494.925
906810 36.9711 36.9745
941640 561.154 561.157
960275 196.567 196.569
1103905 414.253 414.256
1187790 509.823 509.825
1192640 328.122 328.125
1339070 346.496 346.499
1344165 18.2214 18.2253
1407630 455.189 455.191
1447155 533.896 533.9
1497480 496.126 496.146
1506050 81.2202 81.2242
1526750 531.314 531.318
1537855 504.906 504.909
1556980 130.851 130.854
1649605 327.926 327.93
1653590 165.402 165.405
1747805 18.0865 18.0904
1798985 89.7296 89.7328
1813175 477.002 477.004
1879090 82.6805 82.6843
1926775 557.675 557.678
1960045 577.592 577.595
2015455 59.2416 59.2444
2034900 241.303 241.306
2199400 528.824 528.828
2214550 548.53 548.534
2321895 184.487 184.49
2338515 341.986 341.989
2377455 180.602 180.606
2445965 89.2441 89.2473
2475670 498.399 498.403
2597575 364.045 364.048
2633800 398.44 398.442
2659245 544.251 544.254
2813970 505.47 505.473
2817195 382.521 382.525
2827585 483.874 483.877
2869275 57.6248 57.6287
2882210 274.623 274.626
2908165 341.903 341.905
2909870 102.413 102.417
2911875 32.8521 32.8555
3129360 238.077 238.08
3136255 359.724 359.726
3145470 60.2264 60.2302
3209850 385.088 385.091
3219315 126.189 126.192
3282505 524.783 524.785
3719490 466.347 466.35
3725800 272.448 272.451
3789640 507.597 507.6
3808155 373.016 373.019
3848915 70.7072 70.7111
3879705 477.297 477.3
3912740 15.0693 15.0717
3946700 287.909 287.913
3967200 321.734 321.736
3983465 109.305 109.308
3992900 354.823 354.826
3999405 561.507 561.51
4025420 325.142 325.144
4103910 282.827 282.831
4129040 502.831 502.833
4167675 289.725 289.727
4176680 125.973 125.977
4229260 579.87 579.874
4281280 473.298 473.302
4309805 132.939 132.941
4357295 487.359 487.363
4363295 348.935 348.938
4385090 25.8054 25.808
4386660 490.589 490.591
4464055 481.884 481.902
4561340 81.8225 81.8257
4617000 474.958 474.96
4624345 115.478 115.482
4762710 363.428 363.431
4763885 65.1651 65.1692
4799635 107.363 107.367
4831790 265.022 265.025
4936605 501.746 501.75
5055715 447.386 447.389
5067000 30.4408 30.4449
5078090 42.0623 42.0654
5122935 479.995 479.999
5129335 131.676 131.679
5143295 267.352 267.355
5211665 498.857 498.86
5238525 476.658 476.662
5281030 306.075 306.078
5300775 16.1835 16.1859
5339005 464.252 464.255
5351300 455.228 455.231
5391010 276.403 276.406
5396575 98.4179 98.4214
5518245 596.169 596.172
5543100 106.774 106.778
5628030 137.326 137.329
5683125 522.674 522.678
5709975 287.551 287.554
5813135 32.5212 32.5247
5826035 63.9372 63.9406
5856860 132.319 132.322
5881390 130.205 130.21
5933585 70.1462 70.1487
6015760 587.371 587.375
6060680 599.528 599.532
6232260 534.182 534.185
6285650 595.333 595.338
6316510 85.8612 85.8648
6316900 138.775 138.781
6362520 34.1862 34.1891
6444910 418.419 418.422
6523105 120.641 120.651
6549220 511.229 511.244
6555930 528.456 528.459
6560340 569.338 569.341
6599605 82.682 82.686
6720745 198.06 198.062
6746500 529.427 529.431
6813385 54.6131 54.6164
6872945 261.253 261.255
6900315 488.185 488.188
7036890 323.157 323.159
7049525 354.843 354.845
7065530 587.302 587.306
7067525 394.907 394.911
7173115 482.989 482.993
7186865 545.407 545.411
7194700 559.502 559.506
7240610 231.791 231.794
7286005 354.052 354.055
7371520 75.6765 75.6801
7401725 121.597 121.601
7486220 130.065 130.081
7550255 112.426 112.431
7747880 530.906 530.91
7839400 578.397 578.405
7840260 560.112 560.115
7867325 493.224 493.227
7877505 552.967 552.97
7915080 36.2812 36.2841
7944370 524.139 524.142
7961790 151.958 151.96
7967535 580.789 580.792
7971620 296.324 296.327
8053555 395.506 395.509
8103915 578.157 578.159
8127310 576.362 576.366
8169250 501.724 501.727
8236435 279.443 279.446
8259830 590.035 590.045
8297900 448.015 448.018
8440145 84.2591 84.2628
8451990 467.662 467.664
8531055 47.1091 47.1133
8545420 81.1229 81.1266
8591950 49.6168 49.6204
8620305 500.086 500.089
8644565 548.584 548.587
8658280 553.164 553.167
8719370 521.353 521.357
8759770 219.547 219.55
8759985 401.507 401.511
8852830 19.3379 19.3404
8866325 302.53 302.532
8916990 184.109 184.112
9100285 34.1419 34.1456
9121040 152.154 152.157
9175380 317.933 317.937
9213425 360.107 360.109
9263340 384.664 384.667
9284220 19.7758 19.7787
9315785 117.399 117.401
9351090 391.086 391.088
9376000 17.5662 17.5696
9380895 215.532 215.534
9446780 159.093 159.096
9515335 124.016 124.018
9538865 485.373 485.377
9562730 203.107 203.109
9591015 533.201 533.204
9607480 337.576 337.578
9663465 483.859 483.863
9678115 359.124 359.128
9743560 548.138 548.141
9800905 87.6698 87.673
9898195 57.7582 57.7609
9948950 132.644 132.648
9977310 377.282 377.285
10007635 203.425 203.428
10015865 334.484 334.487
10074495 98.0903 98.0942
10111230 89.5272 89.5307
10192695 18.3873 18.391
10209980 598.583 598.587
10247955 543.522 543.525
10254880 60.1367 60.1404
10291135 476.355 476.358
10347530 144.286 144.329
10356700 51.2244 51.227
10450585 418.868 418.872
10496290 51.3768 51.3807
10510245 34.4868 34.4903
10510455 80.4291 80.4333
10514400 129.289 129.292
10698345 136.629 136.632
10701085 232.31 232.313
10722615 574.808 574.81
10724560 107.621 107.623
10734305 11.534 11.5471
10785430 584.669 584.673
10798265 261.466 261.469
10868825 85.9446 85.9487
10890220 466.804 466.807
10890580 178.737 178.739
10922555 176.405 176.408
10976240 483.513 483.516
11036140 162.356 162.358
11078045 90.46 90.4636
11188370 391.017 391.019
11292695 252.935 252.938
11317915 76.5253 76.5286
11351190 329.44 329.443
11440090 190.445 190.448
11448605 338.925 338.929
11455250 28.1067 28.1101
11463060 335.733 335.736
11526515 228.111 228.115
11563835 153.932 153.935
11569680 306.627 306.63
11640365 24.4279 24.4321
11660990 581.107 581.11
11685810 533.304 533.308
11692755 317.697 317.7
11773550 50.176 50.1795
11800395 496.285 496.307
11892335 593.773 593.777
11920750 120.476 120.479
11924745 141.038 141.041
11944905 231.457 231.459
12012050 79.9694 79.9732
12099715 513.341 513.344
12108240 27.1587 27.1628
12143020 72.5654 72.5679
12214105 180.141 180.143
12215470 525.883 525.886
12222065 367.843 367.845
12256080 129.363 129.367
12265060 254.848 254.85
12359300 64.0227 64.0264
12380150 142.188 142.192
12409100 258.342 258.346
12417500 111.007 111.011
12534815 211.891 211.894
12569420 381.127 381.129
12610965 511.924 511.926
12620835 382.598 382.602
12652695 548.082 548.084
12704365 221.559 221.562
13028590 316.351 316.354
13075175 15.7839 15.7882
13200545 177.744 177.747
13211060 536.486 536.489
13247005 479.26 479.263
13275640 59.3423 59.3449
13276250 551.526 551.529
13299230 163.796 163.799
13315705 158.814 158.818
13346345 23.0129 23.0163
13379490 74.4584 74.4616
13403020 292.762 292.765
13441265 21.1128 21.1167
13483150 577.657 577.661
13496450 370.157 370.16
13540340 411.787 411.79
13762350 130.686 130.69
13764470 48.924 48.9276
13822000 345.965 345.968
13838540 438.269 438.272
13943990 540.67 540.674
14045830 572.808 572.811
14051765 43.6921 43.6961
14079510 543.667 543.67
14083290 558.222 558.225
14174225 128.049 128.052
14229845 84.0406 84.0445
14258780 285.794 285.796
14292840 486.247 486.275
14324800 564.872 564.875
14351080 537.033 537.04
14400715 564.92 564.924
14419410 505.785 505.788
14500995 123.119 123.122
14548510 589.375 589.378
14582560 532.185 532.196
14619210 319.628 319.63
14695430 307.425 307.428
14794005 435.889 435.892
14846270 239.769 239.771
14874485 463.297 463.299
14883620 96 96.0171
14902515 133.675 133.679
14972455 511.334 511.354
15021315 277.372 277.375
15128120 23.7202 23.7228
15144310 25.3199 25.3224
15214445 554.673 554.676
15282350 78.0899 78.0936
15346045 204.645 204.648
15357120 558.522 558.524
15366375 555.797 555.801
15416445 13.3609 13.3644
15431875 333.271 333.275
15515070 87.175 87.1787
15530885 110.691 110.699
15542240 249.463 249.466
15569135 280.087 280.091
15665550 110.838 110.841
15761005 517.976 517.98
15815750 295.276 295.279
15818145 217.751 217.753
15916450 77.7468 77.7506
15946460 459.966 459.969
15964915 393.98 393.983
15988105 556.227 556.231
15992555 33.31 33.3131
16012080 581.256 581.259
16097965 453.419 453.421
16147420 571.46 571.463
16148640 54.441 54.4447
16158140 171.243 171.246
16269770 281.799 281.801
16299060 301.888 301.891
16358170 81.4971 81.4999
16423430 517.274 517.277
16448700 182.143 182.145
16609855 561.58 561.584
16693105 341.42 341.424
