#BlockHash TimeSend TimeReceve
257333 868.477 869.107
1147987 664 665.299
1290512 614.5 616.299
1338449 869.62 869.788
1557410 869.62 870.073
1599600 581.5 583.298
1957062 697 698.299
2059404 482.5 484.298
3071531 251.5 253.299
3408958 383.5 385.299
3488454 532 533.299
3819857 433 434.299
3940642 499 500.299
4148858 869.62 870.092
4391532 647.5 649.299
4862819 317.5 319.299
4908166 869.62 140.895
5083169 869.62 19.4874
5135168 268 269.299
5330038 152.5 154.299
5554236 334 335.299
5630022 869.62 35.9739
5650673 878.268 879.763
6083571 876.506 876.966
7428638 301 302.299
7487825 869.62 68.7661
8124748 400 401.299
8430588 466 467.299
9711171 416.5 418.299
9935098 350.5 352.299
10200579 869.62 869.647
10571018 763 764.299
11095053 169 170.299
11295600 218.5 220.299
11971142 598 599.299
12418163 449.5 451.299
12596348 367 368.299
13062531 877.967 879.215
13377002 284.5 286.299
13503532 895 898.662
13660261 515.5 517.299
13685313 185.5 187.299
14166344 713.5 715.299
14267064 680.5 682.299
14304544 779.5 781.299
14487700 631 632.299
14655332 730 731.3
14881844 877.967 867.065
15013513 140.5 141.71
15074223 565 566.299
15239773 202 203.299
15480359 746.5 748.299
15712923 548.5 550.299
16254066 235 236.299
