#BlockHash TimeSend TimeReceve
837 469 470.246
222435 646 647.245
294899 867.927 868.043
752580 951.008 951.404
1098314 966.015 966.287
1315510 79 80.6161
1437971 946.002 946.192
1789255 95.5 97.6914
1975251 926.5 928.188
2812845 931.047 931.315
2903092 338.5 340.246
2952721 971.013 971.29
3383733 976.004 976.088
3719806 293.5 295.246
3793423 178 179.246
3869675 554.5 556.246
5152831 996.004 996.433
6489227 916.01 916.375
7019229 966.019 966.417
7246134 991.001 991.129
7349412 421 422.246
7618361 877.198 880.188
7807573 893.5 895.191
7925323 946.013 946.507
8283483 13.4664 14.4802
8356085 956.007 956.183
8365537 733 734.246
8542076 29.5 31.4813
8706919 976.015 976.365
8723332 910 911.273
8749825 916.012 916.455
9113377 383.5 385.246
9160920 814 815.246
9296904 689.5 691.246
9335010 956.009 956.405
9927905 46 47.6536
9990531 961.011 961.478
10226581 881.367 881.689
10371278 254.5 256.245
10446055 112 114.861
10476837 866.871 867.111
10657565 881.367 871.292
10844052 959.5 961.237
10922679 886.055 886.375
11194550 778 779.246
11263804 863.559 865.551
11495501 867.927 868.216
11660711 936.042 936.378
11958830 992.5 994.188
12213145 146.5 148.245
12242697 518.5 520.246
12600885 901.006 901.448
12953854 976 978.189
13325395 986.013 986.337
13492983 943 944.188
13537846 941.01 941.393
13769341 220 221.246
13787548 911.004 911.346
14682951 62.5 64.4789
14798407 916.003 916.186
16668055 599.5 601.246
