#TxHash TimeSend TimeReceve
117355 527.408 527.41
156150 574.613 574.623
219430 530.988 530.992
324970 540.287 540.383
574735 454.78 454.781
620060 75.2781 75.2924
682760 571.916 571.923
814590 21.2287 21.2394
971145 598.37 598.378
1029965 568.74 568.754
1164485 566.414 566.429
1651580 39.7001 39.7084
1685100 560.423 560.433
1794170 86.1932 86.3437
1836610 348.824 348.825
1951960 116.442 116.443
2002205 573.099 573.283
2004285 455.445 455.446
2135190 520.759 520.772
2204500 558.605 558.62
2278610 32.4042 32.4134
2295055 82.78 82.908
2371595 412.141 412.142
2383795 517.779 517.796
2386230 320.748 320.749
2412130 19.015 19.0272
2586235 42.822 42.8307
2592865 531.454 531.458
2604885 30.654 30.662
2622135 128.736 128.737
2660535 565.811 565.822
2662305 566.196 566.237
2740640 599.823 599.827
2856630 49.1448 49.1531
2971590 525.034 525.044
3007310 587.427 587.441
3143985 378.367 378.368
3196865 209.468 209.469
3256035 64.9175 64.9265
3353295 251.407 251.407
3366565 579.74 579.751
3443135 52.9198 52.9522
3556825 189.994 189.995
3577240 535.29 535.302
3793390 322.253 322.254
3829865 525.441 525.45
3904090 387.138 387.139
3929190 536.635 536.645
4094865 411.122 411.122
4238195 63.9952 64.0076
4296060 592.766 592.802
4547005 187.033 187.034
4588460 64.6704 64.6795
4601025 257.339 257.339
4718145 527.138 527.141
4851545 18.8743 18.8819
4888415 256.038 256.038
4980785 77.7493 77.7596
5007740 39.3809 39.3972
5077170 524.893 524.902
5127415 594.745 594.754
5222745 16.8992 16.9074
5296555 524.094 524.104
5441295 215.384 215.385
5501235 560.078 560.102
5540430 21.7399 21.7504
5804570 273.169 273.169
6147310 22.8015 22.8099
6193885 94.8166 94.8816
6247005 522.361 522.372
6345625 88.7235 88.7318
6360230 164.604 164.605
6416215 575.279 575.289
6756190 552.421 552.434
6761405 139.732 139.733
6791800 163.444 163.445
6841270 42.541 42.5513
6980180 32.2834 32.297
7196245 559.69 559.699
7309655 363.169 363.17
7312535 48.7006 48.715
7359185 48.25 48.2582
7494630 68.1182 68.1289
7592230 136.329 136.33
7592860 78.6361 78.6463
7706980 65.5272 65.6049
7751145 55.6624 55.6711
7934170 561.468 561.477
8210190 13.4536 13.4671
8245840 38.0646 38.0768
8284725 558.603 558.618
8298550 533.207 533.214
8370730 538.686 538.692
8383855 525.141 525.151
8415920 576.357 576.388
8417105 336.92 336.921
8436955 595.221 595.233
8471035 82.8887 83.0519
8893880 518.459 518.468
9191300 220.657 220.658
9204150 560.993 561.013
9210195 545.962 545.973
9293645 82.1729 82.2597
9325805 262.56 262.56
9605130 574.579 574.591
9732645 527.245 527.256
10061415 67.028 67.0413
10072810 596 596.193
10079900 170.566 170.566
10241345 583.554 583.565
10404520 314.822 314.823
10515980 27.0314 27.043
10539365 419.723 419.724
10625820 384.999 385
10906940 72.6611 72.6733
10934370 550.699 550.708
10955680 566.738 566.749
11061320 78.3647 78.3772
11065450 595.186 595.191
11150540 63.576 63.5861
11292480 80.1936 80.2058
11370550 186.952 186.953
11522005 560.529 560.562
11569890 564.919 564.923
11834665 82.425 82.4881
11995245 568.595 568.605
12077275 23.6587 23.6721
12077585 56.4639 56.4742
12191260 49.0938 49.1033
12486485 596.584 596.678
12503630 535.664 535.669
12504540 585.18 585.191
12517010 403.921 403.922
12562050 83.8491 83.892
12592035 21.2041 21.2147
12597610 31.52 31.5279
12863135 65.7841 65.7953
12963025 62.2741 62.2859
13297210 556.092 556.121
13473980 579.7 579.712
13633235 558.44 558.448
13866775 368.61 368.611
13936740 528.448 528.458
14023870 545.051 545.059
14098840 328.616 328.617
14101580 24.1031 24.1143
14218365 344.738 344.739
14255430 46.2219 46.2306
14272985 532.555 532.567
14505480 34.5808 34.5946
14610785 12.8281 12.845
14645115 544.243 544.255
14681430 538.809 538.821
14733635 588.931 588.941
14906075 599.127 599.166
15004385 54.4731 54.4828
15106515 241 92.4315
15153155 37.5538 37.5628
15159580 258.77 258.771
15268810 61.3526 61.3633
15394510 595.232 595.243
15458550 551.414 551.418
15577850 22.7494 22.7582
15661750 574.491 574.5
15862050 586.142 586.168
15878145 558.863 558.876
15918695 571.477 571.49
15927580 516.794 516.795
16062210 535.812 535.816
16078535 587.607 587.611
16162380 32.9815 32.9931
16321915 589.049 589.054
16401810 28.9816 28.9903
16443900 575.6 575.607
16655455 527.31 527.32
16677030 355.707 355.708
16709700 75.4074 75.4208
16711150 228.983 228.984
16718020 37.0571 37.2113
16721335 366.053 366.053
