#BlockHash TimeSend TimeReceve
72657 516.022 516.393
307488 536.003 536.318
447400 526.001 526.128
959966 526.001 526.263
1632903 524.5 526.409
1811052 41.5 42.7002
3609048 77.5 78.7
3765899 284.5 285.776
3783430 166 167.776
3895847 569.5 571.411
4792831 511 513.392
4859321 25 26.7002
4902680 250 251.776
5166767 310 311.775
5690375 433 434.776
5693245 553 554.392
5761421 109 110.701
5883073 501.009 501.311
7650092 489.401 491.392
7748968 371.5 372.776
9660521 61 62.7019
11042914 217 218.776
11051267 190 191.775
11222674 127 128.7
11514038 596.004 596.173
11668377 511.003 511.241
11883272 92.5 93.7004
12397339 506.013 506.171
13366516 401.5 402.775
13384228 11.7192 13.6999
14277075 501.004 501.46
14401667 500.5 502.638
14620159 341.5 342.775
14643546 506.018 506.313
15361205 584.5 586.423
16433386 539.5 541.44
