#TxHash TimeSend TimeReceve
5905 114.399 114.518
32065 617.315 617.319
33060 540.494 540.497
42245 23.7882 23.8027
73405 349.162 349.166
102635 30.9226 30.9353
111650 845.962 846.313
114665 189.139 189.143
118170 655.767 655.769
149860 856.477 856.634
168660 138.025 138.036
170480 86.9107 86.9225
234585 605.858 605.861
260185 223.004 223.006
318970 888.439 888.658
385495 284.895 284.9
386885 650.333 650.337
467755 142.775 142.784
473355 882.3 882.323
486070 286.079 286.083
489475 55.8708 55.8836
546800 250.254 250.257
558355 812.422 812.435
643565 486.761 486.763
645320 17.5609 17.5738
660350 114.863 114.948
741005 736.877 736.881
741875 836.596 836.61
848940 648.644 648.647
906870 522.47 522.473
922805 794.956 794.969
954955 775.82 775.843
965880 114.988 115.025
974280 821.79 821.802
1023900 63.806 63.818
1032400 872.45 872.467
1033445 84.6805 84.6923
1044530 859.516 859.528
1061335 814.685 814.712
1074610 319.974 319.977
1113845 41.5588 41.5776
1163820 655.669 655.672
1188775 872.1 872.112
1272350 840.833 840.848
1282600 78.6229 78.6845
1290780 90.0645 90.1077
1338675 584.255 584.257
1360520 876.026 876.087
1437075 521.119 521.121
1449700 82.3779 82.3896
1496440 19.9073 19.9193
1523445 223.693 223.696
1573980 825.013 825.027
1579190 55.7487 55.762
1579480 90.7966 90.8421
1589195 717.256 717.26
1686835 204.608 204.612
1806030 432.143 432.145
1909990 13.5088 13.5228
1926955 548.533 548.536
2001520 127.834 128.049
2017705 21.0178 21.0299
2053375 838.258 838.273
2066080 882.969 883.407
2073915 146.1 146.207
2112325 71.2755 71.2874
2184455 155.329 155.336
2185210 849.701 849.712
2189385 115.835 115.903
2207115 301.394 301.398
2247540 67.0163 67.0294
2310625 27.5015 27.5161
2318755 809.501 809.514
2328775 766.758 766.767
2333020 18.1201 18.1315
2337540 747.345 747.347
2357160 308.337 308.339
2379775 325.843 325.845
2385725 57.3043 57.3185
2496265 231.5 231.503
2516835 82.9681 82.9806
2517350 364.354 364.357
2576590 528.503 528.506
2597890 879.718 879.73
2599025 661.714 661.717
2603120 343.976 343.979
2616905 432.807 432.81
2650755 849.496 849.514
2669315 531.943 531.946
2687615 474.195 474.199
2689965 356.24 356.243
2692670 16.5284 16.5415
2717405 128.524 128.534
2724250 84.1261 84.1413
2770315 780.036 780.058
2774395 843.126 843.138
2800885 98.956 98.9733
2831955 632.253 632.258
2845050 16.8089 16.8206
2886170 610.867 610.869
2908060 685.054 685.057
2937685 298.861 298.864
2983370 86.4396 86.4521
2987755 123.6 123.781
3039825 62.1043 62.1207
3064435 125.569 125.584
3064445 132.772 132.784
3066830 669.447 669.449
3098390 898.773 899.364
3129315 58.1852 58.2056
3161930 291.602 291.605
3200090 90.5083 90.5379
3206355 148.765 148.913
3207350 742.566 742.568
3233405 282.719 282.722
3365480 62.532 62.5675
3399190 731.203 731.205
3430225 635.843 635.846
3447565 391.973 391.976
3505805 37.6906 37.7048
3531495 881.177 881.588
3573035 49.9765 49.9885
3582770 219.909 219.911
3585840 95.4266 95.5004
3610245 838.501 838.515
3642650 206.91 206.913
3677635 856.502 856.597
3718325 887.252 887.536
3732480 430.335 430.338
3754645 88.642 88.7587
3766820 708.396 708.399
3771795 497.459 497.462
3778740 222.404 222.407
3796875 853.692 853.706
3912435 52.3573 52.3708
3933470 762.155 762.163
3941450 360.833 360.837
3964045 34.4485 34.4639
3974685 374.272 374.274
3982675 131.407 131.417
4021535 530.838 530.842
4051850 61.991 62.0023
4072355 50.5235 50.5375
4078420 66.2958 66.3077
4142205 497.089 497.093
4188405 479.528 479.532
4201095 796.663 796.677
4204505 21.7221 21.7332
4219930 31.5424 31.5562
4244760 527.181 527.184
4269095 42.2462 42.2577
4279365 716.427 716.43
4294460 336.049 336.052
4312540 217.11 217.113
4388660 491.639 491.644
4391740 262.042 262.045
4477810 575.382 575.384
4505775 870.195 870.208
4524975 450.467 450.47
4544550 120.161 120.291
4583075 818.938 818.95
4631725 107.878 108.023
4664490 367.944 367.947
4674620 847.1 847.633
4701170 513.798 513.801
4751360 457.586 457.589
4780480 272.547 272.55
4867695 117.423 117.605
4935525 753.05 753.054
4990655 359.578 359.58
5006095 862.72 862.732
5013200 98.9297 98.9436
5016505 734.451 734.454
5024355 711.356 711.36
5027565 874.293 874.306
5067850 884.66 885.196
5133520 630.508 630.512
5134235 251.433 251.435
5167695 821.542 821.588
5173480 760.224 760.232
5236870 418.847 418.849
5238060 52.7578 52.7691
5255020 58.2147 58.2282
5313005 753.865 753.867
5337610 707.403 707.405
5381090 292.144 292.147
5397615 784.829 784.845
5452560 66.1981 66.2116
5493885 525.969 525.972
5536450 330.149 330.152
5539530 109.207 109.423
5603285 882.847 882.935
5687025 453.9 453.902
5699515 241.589 241.592
5793395 255.421 255.423
5848840 366.439 366.443
5854775 114.132 114.193
5890310 828.675 828.687
5925945 44.3695 44.3838
6004710 481.702 481.706
6010855 52.9376 52.9494
6058465 742.527 742.529
6068460 879.121 879.135
6168935 801.697 801.713
6232335 788.765 788.779
6439780 553.895 553.898
6509220 636.975 636.978
6567265 42.7943 42.8136
6585985 353.35 353.353
6594560 82.7379 82.7508
6609340 876.934 877.052
6650850 527.121 527.123
6655580 859.456 859.472
6688935 795.144 795.161
6726735 623.445 623.448
6731780 561.571 561.574
6749530 801.503 801.521
6814095 303.973 303.976
6832555 600.063 600.066
6835350 876.809 876.929
6924765 58.3033 58.3167
6933550 237.754 237.757
6953865 775.346 775.366
7012570 648.192 648.196
7029740 892.98 893.505
7041660 833.975 833.989
7048020 803.179 803.196
7049340 87.9444 87.9584
7052545 137.239 137.251
7090790 140.11 140.12
7095710 44.5486 44.5605
7121610 482.17 482.173
7122740 36.9223 36.9404
7148820 54.3256 54.3424
7251710 170.205 170.208
7318235 105.669 105.884
7340645 644.728 644.731
7370210 870.801 870.849
7371590 539.233 539.235
7391800 588.449 588.453
7409905 779.151 779.173
7445530 580.666 580.668
7450050 775.493 775.516
7464195 870.669 870.688
7477890 819.028 819.043
7545450 191.786 191.789
7553070 67.1888 67.2022
7554470 605.267 605.271
7558605 126.793 127.086
7566540 257.84 257.842
7578685 842.852 842.866
7607865 376.789 376.791
7629060 881.328 881.398
7656770 799.671 799.684
7664030 756.745 756.753
7664330 20.4218 20.4339
7665235 90.6527 90.6645
7679080 165.074 165.077
7682645 83.7518 83.7727
7685370 635.094 635.096
7700705 58.1894 58.2116
7740100 553.125 553.149
7756490 162.618 162.62
7760730 795.893 795.92
7787370 588.48 588.483
7799535 831.44 831.452
7842795 110.043 110.192
7852630 758.877 758.886
7858520 304.256 304.259
7868100 177.249 177.252
7874680 787.736 787.753
7881835 47.8505 47.864
7935980 837.581 837.593
7995785 209.644 209.647
8057810 817.783 817.797
8075600 833.314 833.328
8096645 113.32 113.387
8103740 29.7391 29.7575
8144890 799.767 799.781
8170525 807.174 807.198
8170875 483.955 483.957
8274395 67.5674 67.5803
8277305 869.386 869.44
8284215 841.656 841.668
8287365 695.746 695.75
8288490 782.787 782.808
8306245 30.4899 30.5076
8380655 366.552 366.557
8451085 136.255 136.467
8586280 858.651 858.663
8591965 797.484 797.505
8615235 210.562 210.566
8631300 295.603 295.605
8690830 407.765 407.768
8699630 98.7989 98.8812
8715405 847.876 848.001
8742145 850.233 850.245
8770885 257.524 257.528
8790440 570.537 570.54
8804685 88.5961 88.6081
8825780 530.871 530.874
8835350 259.303 259.306
8865325 74.4824 74.4942
8906750 785.673 785.685
8963490 631.476 631.479
8966435 17.7009 17.7222
8975140 856.366 856.489
8992035 835.62 835.633
9008580 710.086 710.089
9009915 102.518 102.531
9026415 392.026 392.03
9046495 429.52 429.523
9064330 804.332 804.344
9116995 823.279 823.293
9193090 136.379 136.388
9206210 745.675 745.678
9343895 139.67 139.975
9365645 135.334 135.501
9391590 829.261 829.274
9499640 726.422 726.425
9507995 607.517 607.52
9570745 767.471 767.478
9584355 103.735 103.934
9589335 78.6431 78.7133
9653180 793.846 793.865
9657255 817.465 817.479
9658045 277.188 277.19
9662475 510.456 510.46
9754855 670.732 670.735
9762610 170.954 170.957
9769565 303.2 303.202
9833880 434.442 434.444
9842525 425.807 425.811
9891720 86.6265 86.6395
9926750 485.146 485.149
9927055 758.386 758.394
9964860 155.697 155.702
10110275 233.258 233.26
10113500 411.051 411.055
10150080 274.866 274.868
10231225 48.7727 48.7855
10258205 535.716 535.718
10266785 665.167 665.17
10311140 17.1795 17.1906
10317640 16.2105 16.2357
10356575 131.68 131.834
10375785 721.968 721.971
10414140 221 221.018
10423310 874.728 874.741
10427695 66.1239 66.1358
10443070 101.256 101.28
10451485 875.835 875.848
10467295 48.1141 48.1361
10488565 125.341 125.395
10491540 536.763 536.766
10512945 379.931 379.934
10516685 798.741 798.755
10579630 608.393 608.397
10620200 443.642 443.644
10629365 77.6675 77.6809
10668820 801.129 801.418
10669470 333.982 333.985
10670490 436.076 436.079
10716240 811.46 811.474
10770405 318.807 318.809
10792520 815.536 815.549
10853800 112.064 112.078
10864630 852.328 852.507
10865450 272.335 272.338
10869500 95.5655 95.5982
10883750 80.5392 80.553
10893265 137.311 137.335
10943805 57.1789 57.1927
10955530 143.987 144.005
10962415 62.4361 62.4988
10971080 879.799 879.812
10972750 79.8159 79.8284
10995910 356.887 356.889
11019465 628.805 628.808
11037600 823.77 823.783
11061740 560.19 560.192
11147675 277.364 277.367
11180280 859.528 859.542
11205715 354.984 354.986
11207890 27.6088 27.6229
11233340 30.4836 30.4991
11248915 89.535 89.5481
11316380 68.6062 68.6183
11319975 58.1442 58.1562
11320065 265.393 265.396
11324130 23.748 23.7608
11326190 147.196 147.205
11331110 70.8229 70.8367
11334815 691.836 691.838
11346935 98.035 98.0476
11376505 95.7103 95.8245
11440915 834.948 834.961
11502075 645.686 645.689
11528705 808.363 808.375
11596190 760.878 760.886
11597725 792.005 792.011
11626895 738.356 738.359
11629875 173.224 173.226
11661720 740.667 740.671
11693370 285.312 285.315
11721295 20.2982 20.3111
11756855 14.5118 14.5259
11762755 780.892 780.913
11772455 874.787 874.801
11800905 94.2341 94.248
11912895 721.134 721.137
11948750 303.632 303.636
11980945 45.938 45.9516
11986165 47.0174 47.0331
11989680 70.1317 70.1469
12054285 486.028 486.034
12055975 614.265 614.268
12111765 562.189 562.192
12179120 782.374 782.389
12239650 859.028 859.054
12253735 591.039 591.041
12262775 351.804 351.807
12285135 856.955 857.298
12311785 379.121 379.125
12340085 117.364 117.381
12390470 817.892 817.914
12401930 200.759 200.763
12416605 803.825 803.838
12435200 84.3365 84.3639
12471235 829.941 829.957
12504015 856.197 856.264
12518515 149.401 149.459
12533725 71.5927 71.6064
12533900 793.685 793.738
12579470 781.454 781.476
12580460 29.3904 29.7487
12610900 804.094 804.107
12620425 98.0879 98.0994
12644825 63.4682 63.4823
12706940 192.905 192.908
12714865 179.701 179.703
12738850 341.288 341.291
12847960 104.982 104.998
12871215 61.7459 61.835
12892650 28.1479 28.1626
12909220 753.317 753.326
12972405 760.898 760.906
12997275 280.968 280.971
13035195 878.317 878.329
13089910 127.43 127.478
13119210 395.908 395.912
13182080 103.2 103.216
13200080 55.4719 55.4835
13204265 836.712 836.734
13213655 279.751 279.754
13265445 812.614 812.633
13318270 90.0134 90.0632
13374225 339.733 339.736
13422425 885.768 885.888
13439190 71.2285 71.2407
13513090 403.298 403.3
13542535 627.436 627.439
13549120 847.927 848.324
13606170 490.789 490.791
13609725 116.505 116.664
13629025 12.4937 12.5011
13664145 828.332 828.347
13747220 872.856 872.87
13752040 890.986 893.124
13776860 135.993 136.004
13788405 133.795 133.817
13799790 457.289 457.292
13817900 135.086 135.095
13869990 871.357 871.582
13877960 31.1633 31.1898
13883025 814.005 814.017
13887915 342.23 342.233
13919155 804.573 804.584
13974935 162.398 162.402
13983445 19.8647 19.8785
13993405 313.893 313.897
13997210 219.259 219.262
14002805 896.393 896.855
14089385 301.976 301.98
14234615 539.698 539.701
14235755 284.739 284.742
14252765 56.3584 56.373
14330635 821.683 821.694
14396400 82.4274 82.4402
14412860 816.184 816.313
14458795 142.571 142.579
14488190 97.0834 97.1223
14494690 677.923 677.925
14537705 631.64 631.643
14645760 41.1444 41.1556
14675665 774.523 774.537
14681650 21.6662 21.68
14699385 134.038 134.047
14795445 810.063 810.076
14827175 129.079 129.127
14842325 872.989 873.001
14946375 135.629 135.642
14952595 404.057 404.06
15035145 465.937 465.94
15051170 82.0375 82.0509
15077730 221.06 221.063
15089305 852.078 852.224
15092795 115.688 115.702
15102935 604.9 604.903
15161760 449.541 449.543
15246775 739.364 739.367
15284490 742.389 742.392
15304660 844.722 844.747
15330605 185.087 185.091
15371020 375.083 375.088
15373745 365.489 365.491
15421850 800.805 800.827
15502645 78.0231 78.0441
15511040 801.342 801.381
15539715 249.149 249.152
15554175 650.776 650.779
15577545 874.496 874.508
15589740 314.804 314.808
15653195 114.716 114.93
15660210 244.435 244.438
15732935 111.501 111.918
15804390 349.507 349.51
15840385 434.322 434.325
15985375 79.525 79.5695
16032895 836.829 836.841
16050940 801.427 801.471
16054310 801.805 801.825
16059655 804.82 804.836
16070145 69.8172 69.8303
16072230 600.298 600.301
16099650 134.214 134.265
16118795 716.676 716.678
16127985 517.327 517.33
16146615 95.6996 95.9933
16211720 21.6933 21.7054
16252610 824.912 824.925
16260700 818.315 818.329
16277925 211.211 211.215
16297700 782.536 782.55
16383015 311.083 311.086
16400720 683.915 683.918
16407255 124.727 124.772
16457055 83.4564 83.4702
16502020 202.556 202.559
16525690 24.1977 24.2095
16538750 19.9098 19.932
16539910 510.738 510.74
16572775 127.8 128.097
16581315 257.211 257.214
16607500 106.043 106.216
16629140 825.389 825.4
16700035 69.4476 69.4603
16700145 877.28 877.293
16752030 148.938 148.948
16769300 345.139 345.141
