#BlockHash TimeSend TimeReceve
109302 218.5 219.142
798514 876.007 876.215
853350 882.683 876.225
1007644 882.714 882.865
1351619 173.5 174.27
2230392 876.006 876.198
2516376 583 583.143
2636554 553 553.143
2948331 882.683 47.3365
3253836 302.5 303.142
3688984 882.683 80.339
3701059 245.5 246.146
3930223 881.623 882.659
4147483 858.346 882.659
4784871 361 361.143
5203410 424 424.145
6517709 638.5 639.149
7314306 882.683 29.6718
7803689 876.621 876.217
7906876 876.621 126.673
8360596 392.5 393.146
8645451 452.5 453.142
9550940 876.654 876.806
9608588 882.683 96.4775
9657139 190 190.207
10409816 275.5 276.16
10606032 670 670.147
11054629 882.714 883.168
11704488 882.714 882.939
12331301 488.5 489.144
12379761 882.683 883.108
12557977 882.714 883.127
13022621 882.683 876.904
13277721 707.5 708.148
13781339 610 610.15
13823214 882.683 876.909
14438098 882.714 881.204
14530967 521.5 522.148
14910055 882.714 883.515
15230900 740.5 741.145
15302646 876.618 876.619
15546036 331 331.145
15579258 882.683 63.3475
