#TxHash TimeSend TimeReceve
10515 17.6012 17.6112
38540 576.923 576.925
53760 965.747 965.757
75660 965.004 965.013
83975 879.868 879.878
138385 682.351 682.353
234270 269.548 269.549
262170 406.312 406.315
342330 940.693 940.703
418675 365.283 365.285
441185 426.111 426.114
455950 907.021 907.032
461015 693.908 693.91
504730 750.562 750.565
557940 662.865 662.867
607615 554.173 554.175
611625 988.917 988.927
640530 141.529 141.532
715235 913.428 913.436
829680 850.007 850.015
846315 104.462 104.477
892080 141.341 141.344
935480 903.103 903.114
965870 958.119 958.131
971775 71.9065 71.9282
1000130 891 891.182
1000240 751.916 751.919
1021605 61.8121 61.8238
1060665 977.821 977.829
1075700 93.4539 93.4621
1125625 192.52 192.522
1149670 768.294 768.296
1150115 72.0202 72.0334
1158290 942.916 942.927
1198305 13.4416 13.4477
1243770 91.0924 91.1045
1257995 907.427 907.436
1357510 877.742 877.752
1395825 921.361 921.787
1420015 266.154 266.156
1447670 64.6478 64.699
1450400 859.683 859.694
1481825 116.233 116.371
1570725 943.685 943.696
1601605 676.551 676.552
1642720 917.159 917.169
1667370 316.156 316.157
1711850 40.2016 40.2156
1758305 446.222 446.223
1810280 65.6914 65.7016
1886050 223.451 223.453
1912385 340.265 340.267
1948655 395.64 395.643
1970680 69.485 69.501
2020400 343.942 343.945
2025975 396.016 396.019
2081650 254.872 254.873
2082145 125.238 125.256
2084265 989.499 989.515
2093945 906.508 906.612
2140830 915.829 915.839
2149400 997.184 997.202
2162930 914.293 914.304
2178510 849.68 849.698
2200535 398.614 398.615
2208515 981.156 981.391
2314325 952.36 952.369
2321725 104.583 104.592
2331050 722.065 722.066
2423265 850.931 850.94
2450860 135.02 135.023
2473340 919.95 919.959
2549675 984.135 984.145
2589420 189.436 189.438
2594105 743.244 743.246
2656200 855.337 855.349
2680095 348.055 348.056
2724260 31.9378 31.9496
2765205 121.591 122.069
2814635 34.6389 34.6474
2840745 119.491 119.498
2866030 949.361 949.373
2869945 287.005 287.006
2885025 107.997 108.038
2895020 63.0604 63.0704
2898275 51.6816 51.6906
2906520 990.592 990.606
2912835 105.759 105.769
2995560 449.898 449.899
2999835 82.6969 82.7068
3013115 109.137 109.164
3088030 81.5196 81.607
3133005 887.626 887.73
3213400 138.704 138.706
3229390 59.2299 59.2442
3242560 781.413 781.415
3251655 40.1693 40.1861
3252125 405.408 405.411
3257325 616.887 616.889
3288520 453.74 453.743
3309030 12.9564 12.9657
3311985 270.79 270.791
3353455 367.06 367.062
3382800 108.53 108.538
3447080 124.259 124.281
3580860 91.8546 91.8688
3609820 123.811 123.831
3620555 599.447 599.449
3623135 403.488 403.491
3641220 131.311 131.313
3643180 840.94 840.947
3667525 353.239 353.242
3719690 688.441 688.442
3824850 973.041 973.052
3828480 28.544 28.5548
3891415 93.5823 93.5999
3912935 121.526 121.706
3924995 645.757 645.76
3962630 665.576 665.578
3965785 27.8613 27.8708
4024530 962.6 962.608
4088615 86.8945 86.904
4093320 429.481 429.485
4105780 353.385 353.387
4135310 578.528 578.53
4148550 656.262 656.265
4173625 671.898 671.9
4180590 206.981 206.982
4200730 107.268 107.324
4207515 528.648 528.65
4213070 99.5178 99.6571
4227040 900.352 900.363
4260835 34.6479 34.6577
4334480 969.713 969.724
4354035 281.891 281.893
4481980 80.418 80.4289
4565340 323.082 323.083
4572900 857.91 857.921
4617800 992.009 992.018
4624515 47.8761 47.9261
4626275 969.129 969.139
4638040 29.6709 29.6816
4720150 960.066 960.078
4752775 959.862 959.873
4773140 936.249 936.52
4813455 40.1337 40.1469
4893750 588.715 588.717
4902720 67.6888 67.7035
4903945 77.8348 77.846
4904280 492.428 492.43
4924735 988.971 988.981
4969375 910.19 910.218
5030260 693.75 693.753
5039645 25.9322 25.9447
5087045 892.147 892.157
5108480 615.292 615.297
5125400 969.817 969.827
5201645 869.141 869.167
5287755 456.249 456.25
5292100 981.312 981.377
5294375 893.801 893.81
5348690 994.956 994.965
5350850 53.9119 53.9224
5365305 913.452 913.461
5455935 571.347 571.35
5482950 12.4535 12.4642
5500260 102.154 102.166
5538805 61.6308 61.6421
5568200 647.559 647.561
5577540 171.615 171.618
5648900 613.323 613.325
5677270 119.413 119.423
5777165 858.934 858.943
5795365 957.939 957.949
5845805 857.651 857.666
5865280 939.08 939.09
5947520 104.993 105.001
5957570 165.408 165.411
5961260 224.044 224.046
5966390 584.916 584.919
5970485 115.508 115.525
5981585 229.842 229.844
6004380 516.761 516.762
6012355 112.074 112.088
6029450 968.036 968.045
6074030 946.462 946.569
6084425 104.046 104.054
6112015 490.825 490.826
6112665 778.775 778.776
6146430 440.477 440.478
6186510 445.696 445.698
6198465 868.751 868.793
6249060 886.767 886.782
6293900 992.521 992.537
6337400 357.107 357.109
6401030 672.916 672.918
6412230 877.998 878.008
6448095 108.505 108.513
6558585 820.875 820.883
6558705 81.0366 81.0475
6563130 567.966 567.969
6611730 851.577 851.585
6616790 67.306 67.3161
6643065 83.6422 83.6629
6737370 21.9098 21.919
6795865 952.86 952.871
6863170 804.2 804.211
6932235 856.144 856.287
6943590 46.9869 47.003
6982785 16.8304 16.8416
7008020 941.406 941.475
7077705 862.74 862.749
7116775 148.613 148.615
7146730 73.6593 73.6693
7198430 140.283 140.284
7256265 925.559 925.568
7270865 954.949 954.961
7284670 952.107 952.118
7305890 127.389 127.605
7329670 908.348 908.359
7333685 529.294 529.295
7352210 40.0531 40.0628
7375040 691.279 691.281
7396045 90.713 90.7366
7411140 975.842 975.853
7419305 56.9819 56.9922
7432745 882.771 882.781
7440130 890.338 890.348
7457955 855.136 855.145
7537150 60.9991 61.0099
7569845 655.872 655.873
7601345 816.743 816.751
7654055 71.913 71.9466
7690625 914.422 914.432
7705205 155.425 155.427
7798055 835.142 835.15
7812645 905.116 905.126
7848405 972.106 972.117
7901055 579.755 579.757
7914480 670.299 670.302
7941330 831.053 831.11
7944990 468.656 468.659
7983335 824.113 824.121
8001335 872.607 872.615
8046540 57.5162 57.5286
8058275 403.276 403.278
8108695 103.676 103.698
8118430 87.1653 87.2135
8143550 764.549 764.552
8156100 731.494 731.496
8177445 261.298 261.3
8203855 70.385 70.3942
8235470 49.8409 49.8569
8280570 970.564 970.575
8303420 272.122 272.124
8348320 575.241 575.242
8376250 154.263 154.266
8460105 560.532 560.534
8516800 29.4757 29.5072
8618460 530.541 530.542
8646740 936.176 936.227
8704430 236.211 236.213
8723005 128.165 128.171
8757485 916.275 916.765
8765995 167.103 167.105
8807415 89.2767 89.3504
8833895 346.577 346.58
8906525 37.6828 37.7148
8929075 133.148 133.15
8959420 563.997 563.999
8978985 298.224 298.226
8981285 698.063 698.065
9016080 37.8491 37.8619
9042905 769.434 769.436
9047720 945.476 945.486
9075260 604.674 604.677
9120055 899.635 899.646
9154540 40.1677 40.1915
9173645 667.09 667.094
9197740 635.046 635.049
9254390 63.3758 63.3959
9276960 296.465 296.467
9352585 495.105 495.107
9398575 544.949 544.951
9408145 863.736 863.745
9424855 35.9197 35.9284
9446195 623.644 623.645
9453610 600.875 600.877
9504200 31.3233 31.3344
9505020 564.444 564.446
9531055 53.2839 53.2972
9557350 707.739 707.741
9614995 608.325 608.328
9667200 686.754 686.756
9705965 996.196 996.249
9709180 717.655 717.657
9728795 698.017 698.019
9745015 423.625 423.627
9747570 57.6715 57.6861
9841750 307.671 307.673
9876300 941.321 941.386
9895605 301.492 301.495
9899710 512.852 512.854
9928855 455.997 456
9965365 506.467 506.469
9984765 464.176 464.179
10030365 182.123 182.124
10033200 946.204 946.476
10043700 972.792 972.8
10120345 841.539 841.554
10138995 410.224 410.226
10228855 870.023 870.03
10258395 128.109 128.119
10259745 882.632 882.646
10271875 41.3391 41.3513
10287455 968.857 968.868
10354300 916.501 916.617
10378095 626.055 626.057
10378115 943.827 943.838
10409150 38.0363 38.0506
10417985 112.011 112.025
10444445 477.719 477.722
10449855 999.844 999.853
10527250 138.962 138.964
10545840 844.096 844.101
10546825 670.112 670.115
10633475 956.882 956.892
10688075 690.818 690.819
10694715 561.678 561.68
10717540 92.2863 92.2941
10739495 81.7999 81.8095
10758770 327.121 327.122
10769460 975.957 975.968
10817995 740.405 740.407
10847530 933.082 933.093
10904505 89.7368 89.8199
10905290 550.299 550.301
10980850 269.392 269.394
11012290 124.949 124.96
11028760 36.0794 36.0942
11148160 564.295 564.298
11202970 480.961 480.963
11209335 873.209 873.217
11225530 162.075 162.076
11226450 232.305 232.307
11328205 96.535 96.9712
11332940 792.636 792.638
11394810 25.0128 25.0222
11446840 20.7703 20.7873
11449160 846.39 846.44
11450535 837.799 837.805
11500325 854.832 854.842
11522135 995.515 995.526
11530550 870.596 870.605
11543660 875.583 875.594
11553940 949.776 949.785
11574625 103.886 103.919
11583375 109.977 109.985
11603335 153.78 153.782
11656485 977.253 977.284
11665660 977.571 977.69
11685900 226.182 226.184
11691635 414.994 414.996
11721585 817.063 817.072
11765435 43.907 43.9267
11817490 95.3056 95.3184
11869670 627.494 627.496
11882945 83.6465 83.7039
11912090 206.19 206.193
11927230 757.548 757.55
11990140 340.525 340.526
12019215 924.306 924.319
12039305 688.814 688.817
12097520 157.07 157.072
12102125 56.3728 56.3831
12143025 858.716 858.725
12183970 747.276 747.277
12224410 947.17 947.18
12356390 860.569 860.579
12380565 828.276 828.283
12382005 803.241 803.247
12386280 34.3268 34.341
12388255 73.3314 73.3433
12444360 194.342 194.345
12450160 724.008 724.01
12476255 868.392 868.885
12480370 85.324 85.3332
12522970 459.891 459.894
12571370 944.274 944.306
12592610 92.1264 92.1403
12593210 834.531 834.539
12593590 873.028 873.041
12642975 83.8252 83.8373
12712770 781.849 781.85
12724405 947.965 947.976
12745810 930.892 930.901
12790700 91.7576 91.7656
12824630 28.489 28.4991
12959160 525.996 525.998
12967575 162.931 162.933
12981145 842.673 842.679
13035975 859.991 860.003
13039320 977.313 977.346
13066865 705.951 705.953
13147040 117.114 117.129
13201175 911.893 911.907
13220790 146.047 146.049
13242565 665.669 665.675
13333270 64.0544 64.0646
13352245 911.249 911.485
13365070 986.38 986.464
13377845 988.935 988.944
13390640 40.0339 40.046
13395520 246.912 246.915
13449840 90.6605 90.666
13454460 926.992 927.001
13463655 92.7466 92.7569
13473725 71.8997 71.9118
13555925 536.762 536.764
13575980 860.974 860.983
13630715 114.452 114.685
13633040 343.989 343.991
13665370 352.009 352.011
13705230 860.727 860.737
13726535 201.891 201.894
13734005 52.806 52.8178
13747100 822.71 822.718
13852105 697.361 697.364
13900570 873.716 873.725
13921460 691.225 691.226
13939965 908.959 908.969
13988060 903.879 903.889
14046415 91.4449 91.4652
14098235 995.472 995.489
14236180 967.317 967.33
14353285 969.601 969.61
14416380 321.249 321.251
14435700 104.304 104.315
14455435 30.3915 30.4026
14513740 837.516 837.526
14535430 51.2248 51.2371
14538120 398.784 398.787
14545010 953.242 953.25
14548315 59.1398 59.1541
14563930 894.993 895.003
14583470 48.3979 48.4078
14609840 927.721 927.731
14612845 991.241 991.33
14632830 39.7531 39.7657
14694420 891.893 891.918
14695760 997.959 997.968
14705325 82.9624 82.9722
14732300 559.088 559.091
14747320 230.262 230.264
14803145 898.575 898.586
14822610 953.264 953.273
14835540 933.958 933.968
14885820 187.389 187.391
14893830 95.5079 95.5168
14969445 459.312 459.314
15019600 763.614 763.617
15033015 103.96 103.965
15045015 957.283 957.293
15064375 951.753 951.768
15074665 907.619 907.628
15105880 186.534 186.536
15112135 977.597 977.634
15116405 908.847 908.858
15147665 831.639 831.646
15190415 484.736 484.737
15196445 63.3644 63.4033
15244145 91.0763 91.0819
15249250 427.717 427.719
15275965 930.939 930.949
15329755 49.3142 49.3252
15337535 38.9887 39.001
15352235 742.904 742.906
15369940 32.1191 32.1303
15433895 851.364 851.417
15444745 956.111 956.211
15447735 31.6877 31.7649
15468310 981.779 981.789
15581880 170.243 170.245
15588290 550.685 550.687
15602985 900.471 900.481
15630810 922.481 922.492
15779760 80.8518 80.8893
15981385 59.6706 59.6842
15996715 72.1063 72.1163
15997980 33.2745 33.2878
16006140 50.4819 50.4996
16061410 55.0462 55.0563
16177210 30.6227 30.6431
16181940 139.609 139.61
16205840 920.372 920.382
16214490 617.053 617.055
16235920 768.68 768.681
16236220 191.225 191.227
16344870 93.3888 93.3988
16393620 242.04 242.042
16399210 50.3095 50.3229
16407210 956.313 956.603
16422925 34.3981 34.4105
16439245 11.6107 11.6241
16442065 870.883 870.893
16509840 918.307 918.317
16513765 955.692 955.701
16530115 864.308 864.319
16556370 590.678 590.68
16565735 595.72 595.721
16570210 239.027 239.029
16645745 975.903 975.912
16653270 351.246 351.248
16660640 902.789 902.798
16663860 915.687 915.699
16676720 488.049 488.05
16688150 980.993 981.025
16702620 858.872 858.882
16710815 691.174 691.176
16737570 42.1006 42.1122
16753090 25.3038 25.3138
16774725 84.9388 84.9501
