#BlockHash TimeSend TimeReceve
72657 223 223.405
307488 146.5 147.693
447400 187 187.479
959966 373 373.405
1632903 524.5 526.391
1811052 41.5 42.6929
3609048 77.5 78.693
3765899 511.003 511.208
3783430 521.001 521.286
3895847 569.5 571.396
4792831 511 513.384
4859321 25 26.6932
4902680 596.008 586.468
5166767 596.009 581.441
5690375 506.032 506.417
5693245 553 554.384
5761421 109 110.693
5883073 436 436.409
7650092 489.401 491.384
7748968 496.048 496.976
9660521 61 62.693
11042914 596.005 596.421
11051267 496.012 496.506
11222674 127 128.693
11514038 346 346.41
11668377 254.5 255.402
11883272 92.5 93.693
12397339 400 400.4
13366516 596.006 586.37
13384228 11.7192 13.693
14277075 317.5 318.405
14401667 500.5 502.383
14620159 501.005 501.461
14643546 284.5 285.401
15361205 584.5 586.393
16433386 539.5 541.397
