#TxHash TimeSend TimeReceve
10515 17.6012 17.604
20535 270.04 270.042
53760 965.747 965.75
75660 965.004 965.007
83975 879.868 879.869
110375 543.317 543.318
127195 644.12 644.122
166290 513.408 513.41
342330 940.693 940.695
414105 241.482 241.483
455950 907.021 907.024
573660 529.889 529.892
609280 224.176 224.178
611625 988.917 988.92
646105 515.24 515.243
652200 837.366 837.369
662400 210.75 210.752
663160 190.63 190.631
715235 913.428 913.43
780170 669.068 669.07
829680 850.007 850.009
846315 104.462 104.466
854265 372.421 372.423
874555 785.773 785.775
935480 903.103 903.106
965870 958.119 958.123
971775 71.9065 71.9127
979830 646.062 646.064
1000130 891 891.577
1003205 961.185 961.684
1021605 61.8121 61.8145
1036485 795.532 795.535
1060665 977.821 977.823
1075700 93.4539 93.4611
1137705 486.047 486.05
1150115 72.0202 72.0269
1158290 942.916 942.919
1195870 74.0355 74.0371
1198305 13.4416 13.4445
1243770 91.0924 91.097
1257995 907.427 907.429
1395825 921.361 921.789
1447670 64.6478 64.6499
1450400 859.683 859.686
1468395 790.751 790.753
1474435 688.849 688.852
1481825 116.233 116.236
1570725 943.685 943.688
1611435 656.256 656.259
1664365 881.099 881.537
1711850 40.2016 40.2082
1810280 65.6914 65.6927
1819495 113.176 113.191
1914395 230.527 230.529
1965610 477.658 477.661
2008490 240.629 240.63
2014080 148.183 148.185
2028080 233.982 233.984
2033655 497.33 497.331
2084265 989.499 989.502
2093945 906.508 906.568
2109870 371.98 371.983
2140830 915.829 915.83
2149400 997.184 997.189
2162930 914.293 914.296
2178510 849.68 849.684
2208515 981.156 981.653
2257920 836.761 836.763
2314325 952.36 952.363
2321725 104.583 104.591
2413265 268.012 268.013
2423265 850.931 850.932
2427345 549.164 549.166
2462550 674.422 674.425
2473340 919.95 919.952
2503090 286.025 286.028
2549675 984.135 984.137
2557230 643.273 643.275
2579585 607.983 607.985
2593710 515.056 515.057
2656200 855.337 855.34
2724260 31.9378 31.9395
2752690 303.496 303.497
2792815 774.632 774.633
2806475 777.361 777.363
2814635 34.6389 34.6413
2840745 119.491 119.495
2866030 949.361 949.364
2885025 107.997 108.002
2895020 63.0604 63.0631
2898275 51.6816 51.6832
2906520 990.592 990.595
2912835 105.759 105.768
2944105 810.849 810.891
2999835 82.6969 82.6997
3013115 109.137 109.183
3022595 256.54 256.544
3051490 121.922 121.978
3088030 81.5196 81.5991
3127700 273.168 273.17
3133005 887.626 887.652
3141040 707.959 707.961
3176005 314.174 314.176
3229390 59.2299 59.2365
3251655 40.1693 40.1743
3261305 525.673 525.675
3287775 502.589 502.591
3307275 732.939 732.94
3309030 12.9564 12.9587
3362130 272.82 272.822
3382800 108.53 108.537
3416890 464.204 464.206
3436300 759.932 759.934
3447080 124.259 124.261
3478980 775.133 775.135
3524455 949.791 949.797
3540375 704.264 704.266
3580860 91.8546 91.8576
3609820 123.811 123.819
3624175 361.489 361.49
3632700 854.07 854.073
3643180 840.94 840.944
3720460 697.277 697.279
3745600 414.912 414.915
3824850 973.041 973.044
3828480 28.544 28.5491
3846015 472.075 472.076
3891415 93.5823 93.5875
3965785 27.8613 27.864
4017960 581.948 581.95
4024530 962.6 962.601
4067600 27.8121 27.8135
4088615 86.8945 86.897
4157230 642.771 642.773
4200730 107.268 107.273
4213070 99.5178 99.5203
4227040 900.352 900.356
4260835 34.6479 34.6511
4291055 283.616 283.618
4334480 969.713 969.716
4444300 740.674 740.675
4481980 80.418 80.4203
4515245 291.743 291.744
4561045 648.823 648.825
4572900 857.91 857.912
4617800 992.009 992.011
4624515 47.8761 47.9174
4626275 969.129 969.131
4633025 160.149 160.151
4638040 29.6709 29.6727
4712620 181.774 181.776
4720150 960.066 960.069
4741315 826.893 826.896
4752775 959.862 959.865
4773140 936.249 936.632
4813455 40.1337 40.1402
4859625 862.436 862.439
4880180 697.574 697.577
4902720 67.6888 67.6952
4903945 77.8348 77.8366
4924735 988.971 988.974
4969375 910.19 910.199
4995965 108.825 108.828
5039645 25.9322 25.9351
5050285 667.339 667.341
5073045 553.566 553.568
5087045 892.147 892.15
5122255 983.735 983.738
5125400 969.817 969.819
5201645 869.141 869.148
5261010 411.091 411.093
5292100 981.312 981.333
5294375 893.801 893.804
5334250 405.01 405.013
5348690 994.956 994.958
5350850 53.9119 53.9136
5365305 913.452 913.454
5408095 788.478 788.479
5486460 544.843 544.845
5500260 102.154 102.156
5538805 61.6308 61.6334
5661040 490.227 490.228
5677270 119.413 119.415
5707970 759.121 759.123
5777165 858.934 858.936
5795365 957.939 957.94
5845805 857.651 857.653
5947520 104.993 105
5970485 115.508 115.511
6012355 112.074 112.078
6029450 968.036 968.037
6074030 946.462 946.511
6084425 104.046 104.053
6097680 719.659 719.662
6122500 351.391 351.393
6123730 824.673 824.675
6151320 556.134 556.136
6198465 868.751 868.769
6249060 886.767 886.771
6274365 651.727 651.729
6293900 992.521 992.539
6307185 768.659 768.661
6412230 877.998 878.001
6421020 499.071 499.074
6427760 306.488 306.49
6440035 402.908 402.91
6444990 34.3102 34.3116
6448095 108.505 108.512
6488000 566.795 566.796
6500505 171.102 171.103
6558585 820.875 820.877
6558705 81.0366 81.0408
6611730 851.577 851.578
6612600 14.604 14.6056
6616790 67.306 67.3077
6643065 83.6422 83.6452
6708225 845.362 845.365
6720040 492.866 492.869
6726460 128.009 128.011
6737370 21.9098 21.9113
6862385 670.865 670.866
6863170 804.2 804.206
6932235 856.144 856.251
6943590 46.9869 46.9948
6982785 16.8304 16.8359
7022935 371.214 371.216
7077705 862.74 862.743
7146730 73.6593 73.6606
7204620 472.383 472.386
7225460 176.855 176.856
7255945 571.505 571.507
7256265 925.559 925.562
7270865 954.949 954.952
7284670 952.107 952.11
7303700 160.502 160.504
7329670 908.348 908.351
7352210 40.0531 40.0558
7396045 90.713 90.7176
7411140 975.842 975.845
7419305 56.9819 56.9845
7432745 882.771 882.774
7440130 890.338 890.341
7457955 855.136 855.138
7468320 701.29 701.291
7506705 191.258 191.26
7537150 60.9991 61.0008
7654055 71.913 71.9165
7690625 914.422 914.423
7839710 251.726 251.728
7848405 972.106 972.109
7941330 831.053 831.092
7947315 612.907 612.91
7956480 381.857 381.859
7983335 824.113 824.114
8001335 872.607 872.609
8033695 605.566 605.568
8036860 92.2048 92.2073
8048960 494.8 494.801
8082975 277.544 277.546
8108695 103.676 103.697
8203855 70.385 70.3873
8235470 49.8409 49.8492
8256000 335.192 335.194
8257105 508.849 508.85
8280570 970.564 970.567
8281945 32.7466 32.7845
8441610 517.482 517.484
8475230 365.349 365.351
8516800 29.4757 29.4997
8633635 181.198 181.199
8646740 936.176 936.184
8785610 557.822 557.826
8880005 315.279 315.282
8906525 37.6828 37.7085
8969735 117.411 117.416
8980520 164.881 164.883
9016080 37.8491 37.852
9016790 638.19 638.192
9047720 945.476 945.477
9049670 36.5851 36.5864
9120055 899.635 899.638
9154540 40.1677 40.1836
9211465 410.356 410.358
9254390 63.3758 63.4002
9323200 194.042 194.044
9328320 804.889 804.892
9408145 863.736 863.739
9408610 581.081 581.083
9424855 35.9197 35.9222
9430175 340.316 340.317
9472545 430.101 430.103
9504200 31.3233 31.3256
9510795 576.362 576.364
9531055 53.2839 53.2897
9705965 996.196 996.202
9747570 57.6715 57.6783
9800060 541.743 541.745
9811920 126.612 126.615
9876300 941.321 941.356
9903790 917.216 917.219
9942320 379.153 379.155
10018090 333.729 333.731
10033200 946.204 946.225
10043700 972.792 972.794
10091315 675.727 675.73
10120345 841.539 841.542
10209270 632.026 632.029
10214680 941.117 941.129
10228855 870.023 870.025
10271875 41.3391 41.341
10281535 584.805 584.807
10287455 968.857 968.861
10307825 136.388 136.39
10338900 447.472 447.475
10341135 413.061 413.063
10354300 916.501 916.514
10378115 943.827 943.83
10409150 38.0363 38.0432
10416770 499.83 499.833
10417985 112.011 112.022
10449855 999.844 999.846
10490945 41.0479 41.0537
10511375 115.207 115.214
10545840 844.096 844.097
10605230 324.469 324.472
10633475 956.882 956.884
10638140 185.4 185.402
10717540 92.2863 92.293
10739495 81.7999 81.8023
10769460 975.957 975.96
10780605 549.68 549.682
10834620 919.237 919.239
10904505 89.7368 89.8187
10986230 319.809 319.81
11012290 124.949 124.955
11028760 36.0794 36.0859
11034985 686.352 686.354
11084525 496.773 496.774
11097545 220.737 220.739
11161610 380.681 380.683
11198920 677.706 677.709
11243545 701.727 701.729
11271475 198.626 198.629
11328205 96.535 96.5652
11387675 197.096 197.099
11394810 25.0128 25.0155
11445105 223.356 223.359
11446840 20.7703 20.7732
11449160 846.39 846.397
11450070 427.526 427.528
11450535 837.799 837.802
11463640 422.177 422.179
11500325 854.832 854.834
11522135 995.515 995.518
11530550 870.596 870.599
11543660 875.583 875.586
11553940 949.776 949.778
11574625 103.886 103.91
11583375 109.977 109.984
11583735 310.31 310.312
11656485 977.253 977.682
11658345 195.462 195.465
11663495 712.452 712.453
11665660 977.571 977.692
11721585 817.063 817.068
11722990 203.488 203.489
11765435 43.907 43.9178
11781515 141.524 141.525
11790850 481.526 481.528
11809565 735.853 735.855
11882945 83.6465 83.6976
11917415 246 246.011
12007540 217.078 217.08
12007995 616.167 616.168
12019215 924.306 924.311
12078430 851.306 851.316
12099140 202.969 202.971
12102125 56.3728 56.3757
12143025 858.716 858.717
12224410 947.17 947.173
12233645 565.572 565.573
12313985 405.314 405.317
12334905 174.568 174.57
12344125 625.402 625.404
12356390 860.569 860.572
12380565 828.276 828.278
12381550 308.17 308.172
12382005 803.241 803.243
12388255 73.3314 73.337
12426135 792.951 792.954
12441185 74.109 74.1105
12476255 868.392 868.868
12480370 85.324 85.3264
12486620 122.285 122.287
12493340 438.412 438.415
12571370 944.274 944.29
12592610 92.1264 92.1295
12593210 834.531 834.534
12593590 873.028 873.031
12642975 83.8252 83.8311
12655940 599.563 599.565
12680605 419.517 419.518
12724405 947.965 947.968
12745520 234.847 234.848
12745810 930.892 930.895
12790700 91.7576 91.7647
12824630 28.489 28.4904
12981145 842.673 842.675
12996990 186.732 186.733
13035975 859.991 859.994
13039320 977.313 977.321
13074355 808.089 808.092
13147040 117.114 117.117
13201175 911.893 911.895
13325600 670.253 670.255
13333270 64.0544 64.0592
13343445 121.018 121.019
13352245 911.249 911.267
13365070 986.38 986.426
13375305 476.171 476.172
13377845 988.935 988.937
13389460 794.49 794.493
13390640 40.0339 40.0396
13449840 90.6605 90.664
13454460 926.992 926.995
13463655 92.7466 92.7501
13473725 71.8997 71.9024
13525180 688.171 688.173
13575980 860.974 860.977
13655520 319.353 319.355
13705230 860.727 860.73
13734005 52.806 52.8086
13747100 822.71 822.713
13894080 324.438 324.439
13900570 873.716 873.718
13939965 908.959 908.962
13983915 257.19 257.192
13988060 903.879 903.881
14020640 367.991 367.993
14046415 91.4449 91.4528
14062345 924.51 924.513
14098235 995.472 995.475
14120275 303.862 303.864
14175210 744.783 744.786
14219500 371.482 371.484
14236180 967.317 967.322
14236650 492.79 492.793
14353285 969.601 969.603
14382195 280.688 280.69
14435055 643.094 643.095
14435700 104.304 104.308
14439135 126.883 126.886
14455435 30.3915 30.3933
14513740 837.516 837.522
14535430 51.2248 51.2294
14545010 953.242 953.244
14548315 59.1398 59.1462
14563930 894.993 894.996
14583470 48.3979 48.3993
14583755 196.044 196.047
14589550 731.551 731.552
14609840 927.721 927.723
14612845 991.241 991.263
14632830 39.7531 39.7559
14647315 555.294 555.296
14678500 533.322 533.324
14694420 891.893 891.901
14695760 997.959 997.961
14763155 516.177 516.179
14803145 898.575 898.577
14805270 775.58 775.582
14812515 377.361 377.363
14822610 953.264 953.267
14835540 933.958 933.96
14883075 146.67 146.673
14893830 95.5079 95.5158
14962780 739.437 739.44
15028165 719.274 719.277
15033015 103.96 103.963
15045015 957.283 957.286
15056085 439.682 439.691
15064375 951.753 951.758
15112135 977.597 977.608
15116405 908.847 908.849
15133665 639.422 639.423
15147665 831.639 831.642
15164340 704.31 704.311
15196030 601.045 601.047
15196445 63.3644 63.3755
15244145 91.0763 91.08
15256615 452.942 452.945
15264185 240.272 240.274
15272435 717.474 717.476
15275965 930.939 930.941
15278160 657.618 657.619
15329755 49.3142 49.3159
15331890 855.511 855.514
15337535 38.9887 38.9947
15363110 403.468 403.47
15433895 851.364 852.368
15444745 956.111 956.165
15447735 31.6877 31.7579
15450975 737.328 737.331
15455080 700.347 700.349
15468310 981.779 981.781
15622715 505.016 505.017
15650530 597.439 597.441
15653185 204.212 204.213
15774945 788.127 788.129
15779760 80.8518 80.8656
15852405 266.577 266.579
15950810 58.4092 58.4106
15950890 531.023 531.025
15969160 276.194 276.197
15981385 59.6706 59.6722
15996715 72.1063 72.1091
15997980 33.2745 33.2772
16006140 50.4819 50.4887
16029175 704.289 704.291
16061410 55.0462 55.0489
16103865 504.414 504.416
16177210 30.6227 30.6265
16193585 624.806 624.808
16205840 920.372 920.374
16229140 241.847 241.85
16337665 402.285 402.286
16344870 93.3888 93.3975
16399210 50.3095 50.3158
16407210 956.313 956.609
16410065 128.678 128.68
16422925 34.3981 34.4044
16439245 11.6107 11.6112
16442065 870.883 870.886
16509840 918.307 918.31
16513765 955.692 955.694
16523910 705.61 705.611
16530115 864.308 864.311
16542830 853.965 853.968
16645745 975.903 975.905
16660640 902.789 902.792
16663860 915.687 915.691
16687975 160.371 160.373
16688150 980.993 980.996
16702620 858.872 858.875
16737570 42.1006 42.1062
16745045 502.412 502.414
16753090 25.3038 25.3065
16774725 84.9388 84.9426
