#TxHash TimeSend TimeReceve
7960 517.016 517.017
45485 509.119 509.12
110150 212.516 212.517
213250 103.069 103.069
239050 273.27 273.271
251415 347.144 347.144
318320 461.499 461.5
322170 575.563 575.564
341460 510.253 510.253
392680 288.242 288.243
419340 594.676 594.677
481215 351.201 351.202
550160 580.44 580.441
636840 221.235 221.236
645860 21.6512 21.6518
663715 229.76 229.761
698460 577.935 577.94
716340 563.75 563.751
780035 66.7942 66.7948
808160 67.9363 67.937
855995 296.979 296.98
858170 160.553 160.553
924415 528.478 528.479
940125 374.123 374.124
948030 175.054 175.054
993710 353.529 353.53
1013885 318.37 318.373
1029640 475.121 475.121
1042405 564.654 564.655
1153630 556.313 556.316
1162045 541.371 541.604
1181585 296.542 296.542
1190930 296.555 296.555
1210420 312.901 312.902
1285035 552.179 552.179
1306870 557.786 557.787
1359840 149.794 149.795
1534500 358.194 358.195
1548575 82.2606 82.2613
1578830 78.0146 78.0194
1589170 526.479 526.481
1593965 255.747 255.747
1639100 492.333 492.341
1669050 556.005 556.01
1728825 70.754 70.7546
1767005 37.387 37.3876
1841430 151.129 151.13
2011175 441.317 441.318
2044920 274.783 274.784
2048185 535.747 535.748
2085275 28.7995 28.8
2104100 547.068 547.068
2152815 172.903 172.904
2166750 53.5921 53.5927
2196150 587.535 587.535
2212165 520.792 520.793
2260220 72.8931 72.8936
2290330 380.19 380.191
2297235 175.587 175.588
2387795 404.3 404.3
2407810 556.101 556.432
2421770 358.783 358.783
2458240 254.63 254.631
2554250 379.653 379.654
2606850 105.002 105.002
2637205 190.458 190.458
2700860 59.6299 59.6305
2734150 539.871 539.872
2745160 518.293 518.294
2776175 278.045 278.045
2882605 500.672 500.672
2897465 565.675 565.676
2942460 203.43 203.431
2977090 105.203 105.204
2989695 318.306 318.307
3042545 548.158 548.158
3076715 473.905 473.905
3085625 553.521 553.525
3098075 166.035 166.035
3144360 223.634 223.635
3155235 559.851 559.851
3160100 217.954 217.955
3237635 64.8494 64.8502
3270555 538.26 538.26
3548320 467.689 467.69
3601725 542.381 542.381
3680120 139.447 139.448
3753220 52.1759 52.1765
3766520 357.912 357.913
3816605 507.661 507.662
3915140 246.239 246.239
3915880 106.621 106.621
4021590 565.504 565.504
4067320 528.041 528.042
4179860 64.5533 64.554
4266925 546.765 546.766
4288250 487.837 487.837
4290270 108.908 108.909
4404320 490.971 490.983
4408340 206.95 206.951
4414905 63.1094 63.1101
4423485 335.296 335.296
4452265 353.989 353.99
4452860 303.247 303.247
4567485 548.534 548.535
4602915 39.9173 39.9181
4615530 598.407 598.407
4620845 260.617 260.618
4669800 89.1442 89.1449
4718875 596.728 596.728
4771975 97.6314 97.6321
4776425 60.0058 60.0064
4781550 581.9 581.901
4787840 407.44 407.441
4883075 375.973 375.974
4901135 547.186 547.187
4942805 538.956 538.956
4989715 283.542 283.543
5010355 88.9712 88.9718
5025075 96.6957 96.6992
5050600 385.943 385.944
5145895 46.2469 46.2476
5185210 514.295 514.295
5230220 426.052 426.052
5269255 475.235 475.236
5308905 321.418 321.418
5324035 272.334 272.335
5352010 59.1189 59.1195
5383740 582.705 582.706
5496990 46.6837 46.6844
5618680 210.108 210.108
5632645 473.796 473.796
5682525 581.015 581.513
5780775 472.437 472.438
5801390 258.281 258.282
5851620 552.402 552.403
5888270 113.418 113.419
6017090 384.504 384.504
6056235 450.609 450.61
6074700 327.743 327.743
6090740 259.608 259.609
6123455 468.488 468.488
6201745 46.8157 46.8163
6211570 447.043 447.044
6222000 285.318 285.319
6278335 568.651 568.652
6337595 523.019 523.02
6381635 90.7634 90.7639
6386770 207.325 207.326
6476005 79.7323 79.7328
6519330 83.6223 83.6229
6579620 524.134 524.134
6589495 81.7725 81.7733
6623890 404.087 404.088
6660745 326.582 326.583
6725840 581.417 581.421
6735135 80.1789 80.1795
6791880 100.745 100.746
6830805 551.845 551.846
6916550 40.2394 40.24
6948655 15.0062 15.0067
7059405 130.418 130.419
7098765 484.926 484.927
7116390 324.964 324.965
7129370 188.523 188.524
7233205 65.9239 65.9245
7264575 393.134 393.135
7302965 323.718 323.718
7316275 293.168 293.169
7449520 150.611 150.611
7534965 106.66 106.661
7593255 347.399 347.4
7650790 598.729 598.73
7725705 371.91 371.911
7746845 463.065 463.065
7755365 305.385 305.385
7859410 16.311 16.3117
7889720 43.3578 43.3585
7895740 278.699 278.699
7911250 296.041 296.041
7974835 51.147 51.1476
8033335 550.19 550.19
8085395 494.278 494.282
8113715 118.503 118.504
8143040 291.908 291.909
8235725 515.46 515.46
8308625 358.414 358.415
8320600 545.125 545.126
8414500 81.8922 81.8928
8540205 496.452 496.455
8546510 93.3571 93.3578
8557635 511.889 511.892
8598585 21.4209 21.4216
8603635 93.0998 93.1005
8607780 361.245 361.245
8683570 87.9572 87.9578
8699705 553.802 553.802
8791400 566.982 566.983
8799340 596.222 596.23
8843465 93.6079 93.6085
8989255 139.987 139.988
9014595 69.7204 69.7211
9041635 53.6071 53.6076
9064110 539.275 539.276
9164680 561.77 561.771
9250825 315.611 315.611
9283300 104.36 104.36
9303960 214.684 214.685
9350870 341.547 341.548
9443085 530.882 530.882
9527590 447.587 447.588
9542930 12.2181 12.2188
9577930 19.3801 19.3807
9587995 293.23 293.231
9667250 537.588 537.588
9710270 531.02 531.505
9720375 86.7903 86.791
9762190 23.2007 23.2014
9844880 306.857 306.857
9848580 95.5548 95.5553
9921080 573.817 573.818
9935210 556.532 556.773
9945075 157.874 157.875
9962685 551.073 551.075
9964010 270.752 270.752
10003440 501 501.133
10227765 363.975 363.975
10242400 76.8448 76.8454
10296520 317.604 317.604
10364200 358.826 358.827
10409605 56.2302 56.2308
10415275 435.686 435.687
10427980 570.933 570.934
10511620 304.557 304.558
10533140 428.185 428.186
10568430 352.315 352.316
10619660 185.56 185.561
10627385 488.476 488.477
10681090 127.259 127.259
10729370 404.833 404.834
10747330 583.369 583.371
10788290 132.944 132.945
10825525 75.7852 75.7858
10905910 266.772 266.773
11039300 306.037 306.038
11046035 247.052 247.053
11057025 596.247 596.254
11103555 478.775 478.775
11131195 495.833 495.836
11292645 87.5144 87.5151
11293210 550.377 550.378
11305425 434.706 434.707
11364160 531 531.149
11411725 581.054 581.518
11443690 265.855 265.855
11463920 483.203 483.204
11554455 585.527 585.531
11560070 225.976 225.977
11622480 73.6691 73.6697
11691220 349.362 349.363
11694030 112.644 112.645
11786075 134.105 134.105
11807560 99.2874 99.2881
11830095 309.811 309.811
11864035 106.149 106.15
11884735 397.522 397.523
12032250 530.057 530.057
12133255 138.305 138.305
12154605 91.023 91.0236
12187920 529.262 529.263
12211415 408.204 408.205
12277450 57.105 57.1057
12457340 593.456 593.456
12481370 39.5268 39.5276
12549305 81.5936 81.5941
12581075 513.605 513.605
12586425 48.3606 48.3611
12595980 286.75 286.751
12598150 184.051 184.052
12684085 24.6317 24.6324
12912510 256.193 256.193
12979420 221.479 221.48
13024890 23.5667 23.5673
13140675 456.757 456.758
13143515 505.534 505.535
13165805 477.667 477.668
13175835 352.978 352.979
13312315 135.24 135.241
13384600 311.891 311.892
13431770 372.378 372.379
13480705 407.97 407.97
13547655 521.614 521.614
13548485 538.188 538.189
13579370 30.1654 30.166
13626875 574.177 574.177
13653265 578.715 578.715
13653910 558.239 558.239
13654630 406.368 406.368
13691525 492.408 492.408
13818085 560.775 560.776
13958950 516.274 516.646
13971945 68.3025 68.3032
14092935 326.98 326.981
14105635 201.49 201.49
14217060 485.747 485.748
14232530 61.2478 61.2485
14340775 493.546 493.926
14340825 524.684 524.685
14373295 447.617 447.618
14430340 37.0967 37.0974
14446415 53.8703 53.871
14463400 49.3452 49.3459
14468595 361.664 361.665
14549740 142.754 142.754
14563055 97.514 97.5146
14599210 499.811 499.811
14627825 543.496 543.496
14643820 539.403 539.404
14714620 205.442 205.443
14718510 73.2169 73.2176
14801595 485.311 485.312
14832550 499.397 499.398
14876690 569.391 569.392
14899710 460.934 460.935
14929365 393.491 393.492
14939820 586.331 586.34
14952140 86.4661 86.4667
14987325 381.814 381.815
15031930 305.659 305.66
15032120 72.805 72.8057
15049625 490.667 490.669
15087350 344.893 344.893
15140580 542.534 542.535
15184645 588.233 588.234
15251315 22.7488 22.7494
15281530 238.608 238.609
15294425 500.665 500.666
15312890 81.6211 81.6217
15438095 550.409 550.409
15463275 156.858 156.858
15493455 577.155 577.156
15525015 576.789 576.79
15545820 527.999 528
15586360 552.461 552.463
15654600 322.245 322.245
15671120 229.631 229.631
15688030 40.3368 40.3375
15693310 523.829 523.83
15700230 529.019 529.02
15774050 52.8006 52.8013
15807605 245.949 245.95
15832835 21.7904 21.7911
15948755 290.746 290.746
15965235 225.565 225.566
16077435 484.144 484.145
16084655 475.457 475.459
16113400 218.39 218.391
16142140 550.627 550.628
16255160 76.2114 76.212
16308285 419.672 419.673
16318485 197.067 197.067
16339570 157.205 157.206
16359465 20.0517 20.0524
16427565 239.433 239.434
16521035 482.281 482.282
16551575 105.329 105.329
16619960 583.112 583.113
16638010 66.2606 66.2613
16661205 344.023 344.024
16726445 25.6857 25.6864
