#TxHash TimeSend TimeReceve
7960 517.016 517.023
45485 509.119 509.126
124260 226.078 226.08
213250 103.069 103.077
258050 549.343 549.35
322170 575.563 575.572
341460 510.253 510.26
419340 594.676 594.683
485125 409.53 409.533
489145 127.172 127.178
550160 580.44 580.447
565090 164.043 164.045
662805 386.129 386.131
716340 563.75 563.757
780035 66.7942 66.8005
808160 67.9363 67.9436
867765 136.368 136.378
910810 465.56 465.562
920020 361.334 361.337
924415 528.478 528.485
986985 401.132 401.133
1013645 338.783 338.785
1029640 475.121 475.128
1042405 564.654 564.661
1047420 264.362 264.365
1110790 299.454 299.456
1153630 556.313 556.374
1162045 541.371 541.611
1193735 164.603 164.606
1261440 299.855 299.858
1285035 552.179 552.186
1306870 557.786 557.792
1307385 180.708 180.71
1457465 146.043 146.059
1468225 433.491 433.494
1469925 209.067 209.068
1548575 82.2606 82.2679
1578830 78.0146 78.043
1639100 492.333 492.365
1669050 556.005 556.242
1728825 70.754 70.7606
1767005 37.387 37.3935
1801565 187.833 187.835
1877285 265.441 265.443
1978910 475.071 475.079
2048185 535.747 535.754
2085275 28.7995 28.8062
2092440 440.823 440.825
2104100 547.068 547.075
2166750 53.5921 53.5988
2205130 324.138 324.14
2211420 212.644 212.646
2212165 520.792 520.798
2260220 72.8931 72.8991
2407810 556.101 556.445
2439675 378.027 378.029
2477550 424.797 424.8
2604570 218.855 218.857
2606850 105.002 105.008
2700860 59.6299 59.6365
2734150 539.871 539.879
2745160 518.293 518.3
2835330 173.688 173.691
2882605 500.672 500.681
2891440 454.108 454.11
2897465 565.675 565.682
2902430 248.202 248.204
2903060 588.137 588.144
2977090 105.203 105.209
3042545 548.158 548.165
3057675 551.171 551.263
3076715 473.905 473.913
3085625 553.521 553.543
3113945 327.104 327.106
3155235 559.851 559.858
3166765 263.644 263.647
3237635 64.8494 64.8584
3239955 141.74 141.896
3270555 538.26 538.266
3325990 143.159 143.33
3407810 445.165 445.168
3518640 185.852 185.856
3594550 328.364 328.365
3753220 52.1759 52.182
3816605 507.661 507.668
3837785 210.069 210.073
3915880 106.621 106.627
3955200 322.513 322.515
3961240 396.12 396.122
4021590 565.504 565.51
4029250 232.121 232.123
4067320 528.041 528.049
4115525 272.312 272.315
4179860 64.5533 64.5598
4210060 237.9 237.903
4288250 487.837 487.844
4404320 490.971 491.022
4414905 63.1094 63.1161
4567485 548.534 548.541
4615530 598.407 598.415
4669800 89.1442 89.1517
4718875 596.728 596.734
4771975 97.6314 97.6383
4776425 60.0058 60.0125
4781550 581.9 581.907
4802650 41.4152 41.4219
4822450 368.738 368.741
4825010 276.061 276.063
4901135 547.186 547.194
4942805 538.956 538.962
5010355 88.9712 88.9771
5025075 96.6957 96.7086
5145895 46.2469 46.2543
5185210 514.295 514.302
5269255 475.235 475.241
5352010 59.1189 59.1256
5383740 582.705 582.712
5414365 202.106 202.108
5496990 46.6837 46.6932
5509480 396.589 396.592
5555175 397.991 397.993
5632645 473.796 473.802
5642590 156.073 156.075
5643195 214.41 214.411
5651180 244.041 244.042
5658625 422.694 422.696
5742110 469.594 469.601
5742460 237.793 237.795
5780775 472.437 472.444
5842350 142.967 142.973
5888270 113.418 113.425
6094485 257.11 257.113
6123455 468.488 468.494
6167925 307.371 307.374
6174605 322.861 322.864
6201745 46.8157 46.8231
6232575 464.548 464.55
6237675 414.958 414.959
6254665 289.613 289.616
6278335 568.651 568.661
6380190 360.4 360.402
6381635 90.7634 90.7694
6398995 285 285.002
6476005 79.7323 79.7384
6519330 83.6223 83.6297
6579620 524.134 524.141
6586460 205.846 205.849
6589495 81.7725 81.7809
6725840 581.417 581.468
6735135 80.1789 80.1861
6791880 100.745 100.753
6830805 551.845 551.852
6860330 402.989 402.992
6867325 361.04 361.042
6916550 40.2394 40.2459
6948655 15.0062 15.0132
6974635 368.915 368.917
6988435 476.804 476.812
7098765 484.926 484.933
7146245 17.9638 17.9744
7224200 264.855 264.858
7250600 151.247 151.249
7316700 248.077 248.08
7534965 106.66 106.667
7650790 598.729 598.736
7738615 230.57 230.572
7746050 401.081 401.084
7762290 351.141 351.144
7807910 350.533 350.536
7859410 16.311 16.3189
7889720 43.3578 43.3648
7927125 351.732 351.733
7930885 321.863 321.864
7957155 345.883 345.885
7974835 51.147 51.1535
8003730 311.015 311.017
8033335 550.19 550.198
8085395 494.278 494.327
8113715 118.503 118.511
8220935 196.109 196.11
8235725 515.46 515.467
8297690 288.066 288.072
8320600 545.125 545.131
8340680 405.711 405.713
8414500 81.8922 81.8982
8532235 374.783 374.785
8535090 154.303 154.306
8540205 496.452 496.555
8546510 93.3571 93.3636
8557635 511.889 511.899
8598585 21.4209 21.4284
8603635 93.0998 93.1072
8613585 338.33 338.333
8683570 87.9572 87.9636
8686830 295.166 295.168
8699705 553.802 553.808
8724490 178.07 178.072
8748465 406.615 406.617
8791400 566.982 566.989
8799340 596.222 596.294
8843465 93.6079 93.6149
8919530 158.127 158.128
8989255 139.987 139.996
9012240 306.084 306.086
9014595 69.7204 69.7277
9041635 53.6071 53.6132
9064110 539.275 539.281
9164680 561.77 561.778
9236510 130.958 131.109
9283300 104.36 104.366
9310925 216.991 216.993
9443085 530.882 530.888
9475445 267.302 267.304
9542930 12.2181 12.2255
9577930 19.3801 19.3876
9667250 537.588 537.595
9670425 316.5 316.502
9720375 86.7903 86.7971
9735135 533.521 533.527
9804985 141.671 141.68
9829575 350.068 350.071
9848580 95.5548 95.5619
9917710 417.582 417.583
9921080 573.817 573.825
9935210 556.532 556.777
9962685 551.073 551.107
10003440 501 501.195
10141765 36.2695 36.2755
10242400 76.8448 76.8513
10300035 199.059 199.062
10427980 570.933 570.94
10468965 585.387 585.404
10627385 488.476 488.483
10648060 360.862 360.865
10681090 127.259 127.266
10712545 192.995 192.998
10734305 11.534 11.5522
10747330 583.369 583.381
10757450 277.486 277.488
10825525 75.7852 75.7922
10978500 246.52 246.523
10981075 297.684 297.686
10990405 506.408 506.483
11103555 478.775 478.782
11131195 495.833 495.898
11293210 550.377 550.387
11345735 305.35 305.352
11364160 531 531.234
11411725 581.054 581.534
11463920 483.203 483.21
11498550 170.801 170.803
11519360 206.282 206.284
11554455 585.527 585.552
11590005 38.7142 38.7213
11608800 397.491 397.493
11622480 73.6691 73.6752
11659040 192.321 192.324
11745610 291.07 291.071
11807560 99.2874 99.2944
11864035 106.149 106.156
11942375 375.269 375.27
12028650 176.302 176.303
12032250 530.057 530.064
12106635 213.557 213.558
12133255 138.305 138.311
12154605 91.023 91.0292
12187920 529.262 529.269
12277450 57.105 57.112
12382220 316.878 316.881
12432880 168.94 168.942
12457340 593.456 593.464
12481370 39.5268 39.5343
12549305 81.5936 81.5997
12581075 513.605 513.611
12586425 48.3606 48.3661
12587730 203.538 203.54
12684085 24.6317 24.6399
12718870 399.696 399.698
12720035 22.239 22.245
12982915 419.575 419.577
13024890 23.5667 23.5733
13033980 317.588 317.591
13082015 241.388 241.391
13143515 505.534 505.543
13165805 477.667 477.674
13305480 311.141 311.144
13399510 531.006 531.167
13548485 538.188 538.199
13549725 264.73 264.731
13579370 30.1654 30.1718
13582490 435.563 435.565
13585150 473.649 473.655
13626875 574.177 574.183
13633480 163.303 163.304
13653265 578.715 578.721
13653910 558.239 558.246
13691525 492.408 492.462
13750095 199.409 199.412
13779590 269.452 269.454
13818085 560.775 560.783
13958950 516.274 516.651
13971945 68.3025 68.3095
14041495 379.952 379.953
14214260 463.867 463.87
14250715 325.456 325.458
14299020 208.588 208.591
14308590 69.0977 69.1051
14340775 493.546 493.911
14340825 524.684 524.691
14430340 37.0967 37.1044
14446415 53.8703 53.8767
14463400 49.3452 49.3527
14563055 97.514 97.5214
14599210 499.811 499.817
14627825 543.496 543.502
14643820 539.403 539.41
14675085 369.423 369.425
14718510 73.2169 73.2245
14750525 400.168 400.171
14801595 485.311 485.318
14832550 499.397 499.405
14859725 197.698 197.699
14876690 569.391 569.401
14883620 286 286.004
14939820 586.331 586.353
14975340 428.33 428.333
15016745 223.996 223.997
15032120 72.805 72.8129
15049625 490.667 490.68
15140580 542.534 542.541
15165240 194.301 194.303
15184645 588.233 588.24
15247875 388.018 388.02
15251315 22.7488 22.7553
15294425 500.665 500.672
15426960 254.989 254.991
15438095 550.409 550.415
15493455 577.155 577.161
15512175 401.244 401.246
15525015 576.789 576.797
15586360 552.461 552.47
15620310 71.7757 71.7818
15688030 40.3368 40.3438
15700230 529.019 529.026
15774050 52.8006 52.8077
15832835 21.7904 21.7973
15888305 347.443 347.446
15906795 186.592 186.594
16021130 354.561 354.564
16031650 158.086 158.089
16077435 484.144 484.151
16084655 475.457 475.48
16105050 377.326 377.328
16142140 550.627 550.634
16240235 153.592 153.593
16252870 537.605 537.612
16255160 76.2114 76.219
16359465 20.0517 20.059
16372600 528.956 528.965
16384135 313.335 313.336
16460390 489.572 489.58
16521035 482.281 482.288
16551575 105.329 105.336
16619960 583.112 583.119
16638010 66.2606 66.2697
16670240 291.956 291.959
16726445 25.6857 25.6949
16733485 471.505 471.511
