#TxHash TimeSend TimeReceve
10515 17.6012 17.6122
53760 965.747 965.758
75660 965.004 965.014
83975 879.868 879.878
99170 610.185 610.188
138385 682.351 682.354
157600 482.24 482.243
234270 269.548 269.55
342330 940.693 940.704
418675 365.283 365.286
557940 662.865 662.868
567380 616.334 616.337
607615 554.173 554.176
611625 988.917 988.928
640530 141.529 141.533
652200 837.366 837.373
715235 913.428 913.437
846315 104.462 104.478
935480 903.103 903.115
965870 958.119 958.132
971775 71.9065 71.9307
1000130 891 891.408
1021605 61.8121 61.822
1060665 977.821 977.83
1075700 93.4539 93.4649
1125625 192.52 192.523
1150115 72.0202 72.0344
1158290 942.916 942.928
1195870 74.0355 74.0439
1198305 13.4416 13.4568
1243770 91.0924 91.1056
1250340 233.862 233.864
1257995 907.427 907.438
1276385 788.568 788.571
1293375 354.28 354.282
1357510 877.742 877.754
1395825 921.361 921.779
1420015 266.154 266.157
1447670 64.6478 64.845
1450400 859.683 859.695
1562380 200.968 200.97
1570725 943.685 943.697
1601605 676.551 676.553
1642720 917.159 917.17
1667370 316.156 316.158
1711850 40.2016 40.2165
1758305 446.222 446.224
1810280 65.6914 65.7053
1819495 113.176 113.306
1886050 223.451 223.454
1970680 69.485 69.5031
2081650 254.872 254.874
2084265 989.499 989.516
2093945 906.508 906.619
2140830 915.829 915.84
2149400 997.184 997.203
2162930 914.293 914.305
2172755 237.472 237.474
2178510 849.68 849.699
2200535 398.614 398.616
2204095 706.279 706.281
2208515 981.156 981.403
2257920 836.761 836.768
2314325 952.36 952.37
2331050 722.065 722.068
2423265 850.931 850.941
2473340 919.95 919.96
2549675 984.135 984.146
2589420 189.436 189.439
2594105 743.244 743.247
2656200 855.337 855.35
2680095 348.055 348.057
2695345 565.261 565.264
2724260 31.9378 31.9548
2765205 121.591 122.068
2766030 647.001 647.003
2814635 34.6389 34.6484
2827300 505.615 505.618
2869945 287.005 287.007
2885025 107.997 108.039
2895020 63.0604 63.0713
2898275 51.6816 51.6946
2906520 990.592 990.607
2912835 105.759 105.772
2944105 810.849 810.898
2995560 449.898 449.9
2999835 82.6969 82.7078
3013115 109.137 109.168
3081480 142.109 142.112
3087645 360.222 360.224
3133005 887.626 887.731
3164905 173.976 173.979
3175880 346.41 346.413
3229390 59.2299 59.2452
3242560 781.413 781.416
3251655 40.1693 40.1895
3257325 616.887 616.89
3309030 12.9564 12.9666
3311985 270.79 270.792
3353455 367.06 367.063
3382800 108.53 108.541
3447080 124.259 124.275
3452410 615.128 615.13
3524455 949.791 949.806
3580860 91.8546 91.8652
3609820 123.811 123.828
3632700 854.07 854.08
3641220 131.311 131.314
3642120 221.672 221.675
3643180 840.94 840.948
3719690 688.441 688.443
3824850 973.041 973.053
3828480 28.544 28.5557
3891415 93.5823 93.6009
3965785 27.8613 27.8719
3993275 196.048 196.051
4024530 962.6 962.608
4067600 27.8121 27.8195
4088615 86.8945 86.9049
4105780 353.385 353.388
4135310 578.528 578.531
4143935 365.937 365.94
4173625 671.898 671.9
4180590 206.981 206.983
4200730 107.268 107.325
4207515 528.648 528.651
4213070 99.5178 99.6581
4227040 900.352 900.364
4260835 34.6479 34.6587
4354035 281.891 281.894
4481980 80.418 80.4271
4500905 582.711 582.714
4565340 323.082 323.084
4572900 857.91 857.922
4617800 992.009 992.018
4624515 47.8761 47.9269
4626275 969.129 969.14
4638040 29.6709 29.6867
4720150 960.066 960.079
4741315 826.893 826.9
4773140 936.249 936.52
4813455 40.1337 40.1479
4823660 530.062 530.064
4859625 862.436 862.447
4893750 588.715 588.718
4903945 77.8348 77.8514
4904280 492.428 492.431
4924735 988.971 988.982
4945010 372.279 372.282
4969375 910.19 910.22
4995965 108.825 108.837
5039645 25.9322 25.9426
5108480 615.292 615.298
5122255 983.735 983.746
5201645 869.141 869.17
5287755 456.249 456.251
5294375 893.801 893.811
5348690 994.956 994.966
5350850 53.9119 53.9276
5365305 913.452 913.463
5482950 12.4535 12.4667
5500260 102.154 102.164
5538805 61.6308 61.6402
5568200 647.559 647.562
5648900 613.323 613.326
5677270 119.413 119.421
5764730 675.557 675.559
5768500 631.082 631.085
5777165 858.934 858.944
5795365 957.939 957.95
5845805 857.651 857.668
5865280 939.08 939.091
5961260 224.044 224.047
5970485 115.508 115.519
5981585 229.842 229.845
6004380 516.761 516.763
6012355 112.074 112.086
6020325 467.738 467.74
6029450 968.036 968.046
6045605 400.415 400.418
6074030 946.462 946.611
6112015 490.825 490.828
6112665 778.775 778.777
6123730 824.673 824.679
6146430 440.477 440.479
6228215 261.763 261.766
6249060 886.767 886.784
6293900 992.521 992.538
6401030 672.916 672.919
6412230 877.998 878.01
6444990 34.3102 34.3181
6558585 820.875 820.881
6558705 81.0366 81.0486
6559085 435.74 435.743
6591855 517.725 517.728
6611730 851.577 851.586
6612600 14.604 14.6132
6616790 67.306 67.3209
6643065 83.6422 83.6579
6693405 547.083 547.085
6708225 845.362 845.369
6737370 21.9098 21.9234
6795865 952.86 952.872
6818130 226.738 226.742
6863170 804.2 804.209
6932235 856.144 856.295
6982785 16.8304 16.8425
7008020 941.406 941.489
7077705 862.74 862.75
7116775 148.613 148.616
7146730 73.6593 73.6787
7148230 143.712 143.714
7198430 140.283 140.285
7256265 925.559 925.569
7257640 223.52 223.522
7270865 954.949 954.962
7305890 127.389 127.606
7329670 908.348 908.36
7333685 529.294 529.296
7352210 40.0531 40.0637
7396045 90.713 90.7304
7411140 975.842 975.854
7419305 56.9819 56.9934
7440130 890.338 890.349
7457955 855.136 855.146
7471830 342.841 342.844
7537150 60.9991 61.0153
7569845 655.872 655.874
7601345 816.743 816.75
7654055 71.913 71.9423
7690625 914.422 914.433
7703165 720.359 720.362
7705205 155.425 155.428
7714190 534.161 534.164
7798055 835.142 835.149
7812645 905.116 905.127
7825150 606.34 606.342
7848405 972.106 972.118
7938905 149.195 149.198
7941330 831.053 831.113
7983335 824.113 824.119
8001335 872.607 872.616
8036860 92.2048 92.217
8046540 57.5162 57.5307
8108695 103.676 103.701
8110630 406.316 406.318
8118430 87.1653 87.2153
8144470 648.54 648.542
8156100 731.494 731.497
8203855 70.385 70.3952
8235470 49.8409 49.858
8280570 970.564 970.576
8281945 32.7466 32.7801
8303420 272.122 272.125
8341155 594.735 594.738
8348320 575.241 575.243
8460105 560.532 560.535
8618460 530.541 530.544
8646740 936.176 936.239
8704430 236.211 236.214
8757485 916.275 916.77
8765995 167.103 167.106
8807415 89.2767 89.3013
8817105 783.433 783.436
8906525 37.6828 37.7158
8929075 133.148 133.151
8940840 226.258 226.26
8959420 563.997 564
8978985 298.224 298.227
8981285 698.063 698.066
9016080 37.8491 37.8601
9042905 769.434 769.437
9047720 945.476 945.487
9049670 36.5851 36.5929
9120055 899.635 899.647
9171690 747.65 747.652
9254390 63.3758 63.398
9276960 296.465 296.468
9328320 804.889 804.894
9398575 544.949 544.952
9408145 863.736 863.746
9424855 35.9197 35.9292
9446195 623.644 623.646
9453610 600.875 600.878
9500215 750.718 750.721
9504200 31.3233 31.3328
9505020 564.444 564.447
9557350 707.739 707.742
9594170 666.018 666.02
9667200 686.754 686.757
9709180 717.655 717.659
9728795 698.017 698.02
9745015 423.625 423.628
9747570 57.6715 57.6872
9841750 307.671 307.674
9876300 941.321 941.389
9899710 512.852 512.855
9903790 917.216 917.227
9965365 506.467 506.47
9977980 537.876 537.878
10030365 182.123 182.125
10033200 946.204 946.488
10043700 972.792 972.801
10120345 841.539 841.56
10138995 410.224 410.227
10167065 284.609 284.611
10214680 941.117 941.22
10228855 870.023 870.031
10240315 698.015 698.018
10259745 882.632 882.647
10271875 41.3391 41.3555
10287455 968.857 968.869
10354300 916.501 916.628
10362885 170.597 170.6
10378095 626.055 626.058
10378115 943.827 943.839
10409150 38.0363 38.0515
10417985 112.011 112.042
10449855 999.844 999.854
10490945 41.0479 41.0583
10545840 844.096 844.103
10633475 956.882 956.893
10688075 690.818 690.821
10739495 81.7999 81.8105
10758770 327.121 327.124
10769460 975.957 975.969
10834620 919.237 919.248
10847530 933.082 933.094
10904505 89.7368 89.8255
10905290 550.299 550.302
10934090 437.803 437.806
10980850 269.392 269.395
11012290 124.949 124.968
11202970 480.961 480.964
11209335 873.209 873.218
11225530 162.075 162.077
11226450 232.305 232.309
11226945 407.134 407.136
11328205 96.535 96.58
11394810 25.0128 25.0233
11446840 20.7703 20.7833
11449160 846.39 846.444
11450535 837.799 837.806
11500325 854.832 854.844
11522135 995.515 995.527
11530550 870.596 870.606
11543660 875.583 875.594
11553940 949.776 949.787
11558325 436.321 436.324
11574625 103.886 103.916
11583375 109.977 109.988
11603335 153.78 153.783
11656485 977.253 977.288
11665660 977.571 977.691
11685900 226.182 226.185
11691635 414.994 414.997
11721585 817.063 817.073
11765435 43.907 43.9278
11796495 656.914 656.917
11817490 95.3056 95.3102
11869670 627.494 627.497
11882945 83.6465 83.705
11927230 757.548 757.551
11972950 801.951 801.955
11990140 340.525 340.527
12019215 924.306 924.32
12078430 851.306 851.349
12097520 157.07 157.073
12102125 56.3728 56.3842
12138355 408.373 408.377
12143025 858.716 858.726
12183970 747.276 747.278
12224410 947.17 947.189
12356390 860.569 860.58
12380565 828.276 828.281
12382005 803.241 803.249
12386280 34.3268 34.3431
12388255 73.3314 73.3442
12441185 74.109 74.1177
12450160 724.008 724.011
12476255 868.392 868.893
12480370 85.324 85.3342
12571370 944.274 944.307
12592610 92.1264 92.1371
12593210 834.531 834.536
12593590 873.028 873.044
12642975 83.8252 83.8383
12659045 216.911 216.914
12712770 781.849 781.851
12724405 947.965 947.977
12745810 930.892 930.902
12790700 91.7576 91.7705
12824630 28.489 28.5024
12836395 674.668 674.67
12967575 162.931 162.934
12981145 842.673 842.68
13035975 859.991 860.004
13074355 808.089 808.095
13147040 117.114 117.125
13152245 411.349 411.351
13201175 911.893 911.908
13220790 146.047 146.05
13242565 665.669 665.676
13333270 64.0544 64.0657
13352245 911.249 911.488
13365070 986.38 986.491
13377845 988.935 988.945
13390640 40.0339 40.0471
13449840 90.6605 90.6781
13454460 926.992 927.002
13463655 92.7466 92.7579
13473725 71.8997 71.9155
13555925 536.762 536.765
13575980 860.974 860.984
13630715 114.452 114.68
13633040 343.989 343.992
13658900 296.345 296.348
13665370 352.009 352.012
13705230 860.727 860.738
13708475 189.522 189.525
13734005 52.806 52.8158
13747100 822.71 822.716
13757455 293.955 293.958
13900570 873.716 873.726
13921460 691.225 691.227
13939965 908.959 908.97
13988060 903.879 903.89
14046415 91.4449 91.4663
14062345 924.51 924.521
14134480 197.644 197.647
14215190 423.7 423.703
14236180 967.317 967.331
14350450 580.419 580.421
14353285 969.601 969.611
14416380 321.249 321.252
14435700 104.304 104.316
14455435 30.3915 30.4079
14513740 837.516 837.527
14535430 51.2248 51.2382
14545010 953.242 953.251
14553760 186.962 186.965
14563930 894.993 895.004
14583470 48.3979 48.4127
14609840 927.721 927.732
14612845 991.241 991.342
14632830 39.7531 39.7637
14694420 891.893 891.919
14695760 997.959 997.969
14705325 82.9624 82.9742
14747320 230.262 230.265
14756175 584.657 584.66
14822610 953.264 953.274
14885820 187.389 187.392
14893830 95.5079 95.5583
14917895 657.552 657.555
14969445 459.312 459.315
15033015 103.96 103.969
15045015 957.283 957.293
15064375 951.753 951.769
15074665 907.619 907.629
15105880 186.534 186.537
15112135 977.597 977.635
15116405 908.847 908.859
15138815 470.753 470.755
15190415 484.736 484.738
15244145 91.0763 91.09
15249250 427.717 427.72
15251190 223.3 223.303
15275965 930.939 930.95
15284435 784.465 784.467
15329755 49.3142 49.3289
15331890 855.511 855.521
15337535 38.9887 39.0018
15339460 494.057 494.06
15352235 742.904 742.907
15369940 32.1191 32.133
15433895 851.364 851.418
15444745 956.111 956.218
15468310 981.779 981.79
15588290 550.685 550.687
15602985 900.471 900.482
15630810 922.481 922.493
15779760 80.8518 80.8947
15837950 736.658 736.66
15846910 735.145 735.147
15932125 302.478 302.481
15950810 58.4092 58.4175
15970640 802.552 802.555
15981385 59.6706 59.6861
15996715 72.1063 72.1173
15997980 33.2745 33.2858
16006140 50.4819 50.4977
16061410 55.0462 55.0573
16099060 179.501 179.504
16177210 30.6227 30.6462
16181940 139.609 139.611
16205840 920.372 920.383
16214490 617.053 617.056
16235920 768.68 768.682
16344870 93.3888 93.4019
16407210 956.313 956.605
16422925 34.3981 34.4116
16439245 11.6107 11.6261
16442065 870.883 870.894
16509840 918.307 918.318
16513765 955.692 955.701
16530115 864.308 864.32
16542830 853.965 853.975
16556370 590.678 590.681
16565735 595.72 595.722
16570210 239.027 239.03
16645745 975.903 975.912
16653270 351.246 351.248
16660640 902.789 902.799
16663860 915.687 915.7
16676720 488.049 488.051
16710815 691.174 691.177
16721370 747.642 747.645
16737570 42.1006 42.1131
16753090 25.3038 25.3149
16774725 84.9388 84.9529
