#TxHash TimeSend TimeReceve
198515 346.309 346.311
282275 331.851 331.853
286160 579.641 579.643
368680 263.982 263.983
484090 557.379 557.381
503015 93.6968 93.6978
680250 96.3324 96.3341
718930 79.9072 79.9088
728695 114.115 114.117
758810 510.394 510.395
761545 74.5589 74.5607
831065 120.639 120.64
832345 397.395 397.396
838780 494.922 494.924
906810 36.9711 36.9726
941640 561.154 561.156
960275 196.567 196.568
1103905 414.253 414.255
1187790 509.823 509.825
1192640 328.122 328.123
1229885 502.497 502.499
1329060 215.913 215.914
1339070 346.496 346.497
1344165 18.2214 18.2231
1407630 455.189 455.19
1441460 538.413 538.415
1447155 533.896 533.898
1497480 496.126 496.137
1506050 81.2202 81.2219
1526750 531.314 531.316
1537855 504.906 504.907
1556980 130.851 130.853
1649605 327.926 327.928
1653590 165.402 165.403
1747805 18.0865 18.0881
1798985 89.7296 89.7311
1813175 477.002 477.002
1926775 557.675 557.676
1945720 137.897 137.898
1959800 481.918 481.932
1960045 577.592 577.593
2199400 528.824 528.826
2214550 548.53 548.532
2329745 313.316 313.318
2338515 341.986 341.987
2377455 180.602 180.604
2445965 89.2441 89.2455
2475670 498.399 498.4
2597575 364.045 364.046
2633800 398.44 398.44
2659245 544.251 544.253
2793205 434.82 434.822
2813970 505.47 505.471
2817195 382.521 382.522
2827585 483.874 483.875
2869275 57.6248 57.6266
2908165 341.903 341.904
2909870 102.413 102.414
2911875 32.8521 32.8535
3124520 161.398 161.399
3129360 238.077 238.079
3136255 359.724 359.724
3145470 60.2264 60.2281
3209850 385.088 385.089
3219315 126.189 126.191
3228735 507.837 507.838
3282505 524.783 524.784
3472450 206.351 206.353
3722585 226.685 226.687
3725800 272.448 272.45
3789640 507.597 507.598
3808155 373.016 373.018
3848915 70.7072 70.709
3854470 590.311 590.312
3879705 477.297 477.298
3886800 356 356.004
3946700 287.909 287.911
3967200 321.734 321.735
3983465 109.305 109.306
3992900 354.823 354.825
4025420 325.142 325.143
4103910 282.827 282.829
4176680 125.973 125.975
4219185 377.29 377.291
4229260 579.87 579.872
4281280 473.298 473.3
4309805 132.939 132.939
4357295 487.359 487.361
4363295 348.935 348.935
4385090 25.8054 25.806
4386660 490.589 490.59
4418885 24.5471 24.5484
4464055 481.884 481.891
4554755 374.654 374.655
4561340 81.8225 81.8239
4624345 115.478 115.48
4749755 159.56 159.562
4762710 363.428 363.43
4763885 65.1651 65.1669
4799635 107.363 107.365
4831790 265.022 265.023
4936605 501.746 501.748
4966765 466.773 466.775
5067000 30.4408 30.4427
5078090 42.0623 42.0643
5122935 479.995 479.997
5129335 131.676 131.678
5211665 498.857 498.858
5233110 539.137 539.139
5238525 476.658 476.66
5267470 137.644 137.645
5281030 306.075 306.077
5300775 16.1835 16.1849
5305355 436.693 436.695
5339005 464.252 464.254
5351300 455.228 455.23
5391010 276.403 276.404
5396575 98.4179 98.4194
5446335 213.168 213.169
5518245 596.169 596.17
5543100 106.774 106.776
5545610 541.919 541.921
5628030 137.326 137.328
5683125 522.674 522.676
5709975 287.551 287.552
5813135 32.5212 32.5229
5826035 63.9372 63.9388
5856860 132.319 132.321
5881390 130.205 130.207
5944120 478.558 478.559
6015760 587.371 587.373
6060680 599.528 599.53
6232260 534.182 534.184
6257060 378.981 378.983
6285650 595.333 595.337
6316510 85.8612 85.8628
6316900 138.775 138.777
6429455 69.6834 69.685
6523105 120.641 120.649
6549220 511.229 511.238
6555930 528.456 528.457
6560340 569.338 569.339
6576465 257.581 257.582
6599605 82.682 82.6832
6746500 529.427 529.429
6813385 54.6131 54.6147
6900315 488.185 488.186
7036890 323.157 323.158
7065530 587.302 587.304
7067525 394.907 394.909
7173115 482.989 482.991
7186865 545.407 545.408
7194700 559.502 559.504
7241575 532.707 532.709
7286005 354.052 354.053
7287085 293.188 293.189
7371520 75.6765 75.678
7395895 566.67 566.672
7401725 121.597 121.599
7486220 130.065 130.079
7499810 499.936 499.937
7550255 112.426 112.429
7747880 530.906 530.907
7839400 578.397 578.4
7840260 560.112 560.113
7867325 493.224 493.225
7915080 36.2812 36.2819
7944370 524.139 524.14
7967535 580.789 580.79
8035800 496.713 496.715
8103915 578.157 578.158
8127310 576.362 576.364
8236435 279.443 279.445
8259830 590.035 590.042
8297900 448.015 448.016
8440145 84.2591 84.2607
8451990 467.662 467.662
8531055 47.1091 47.111
8545420 81.1229 81.1246
8591950 49.6168 49.6184
8620305 500.086 500.087
8644565 548.584 548.586
8658280 553.164 553.166
8719370 521.353 521.355
8759770 219.547 219.548
8759985 401.507 401.509
8852830 19.3379 19.3385
8866325 302.53 302.531
8916990 184.109 184.111
9031870 243.231 243.232
9100285 34.1419 34.1434
9121040 152.154 152.156
9175380 317.933 317.935
9213425 360.107 360.108
9263340 384.664 384.665
9284220 19.7758 19.7766
9315785 117.399 117.399
9351090 391.086 391.088
9376000 17.5662 17.5677
9380895 215.532 215.533
9446780 159.093 159.095
9515335 124.016 124.016
9538865 485.373 485.375
9562730 203.107 203.108
9570830 494.92 494.921
9607480 337.576 337.576
9663465 483.859 483.861
9678115 359.124 359.126
9743560 548.138 548.139
9800905 87.6698 87.6713
9842565 290.037 290.039
9898195 57.7582 57.76
9948950 132.644 132.646
10007635 203.425 203.427
10015865 334.484 334.485
10053460 354.281 354.283
10074495 98.0903 98.0919
10090150 29.5586 29.5605
10111230 89.5272 89.5288
10192695 18.3873 18.3891
10209980 598.583 598.585
10247955 543.522 543.523
10254880 60.1367 60.1384
10291135 476.355 476.356
10450585 418.868 418.87
10496290 51.3768 51.3786
10510245 34.4868 34.4883
10510455 80.4291 80.4309
10514400 129.289 129.291
10698345 136.629 136.63
10734305 11.534 11.5407
10785430 584.669 584.671
10798265 261.466 261.468
10868825 85.9446 85.9465
10890220 466.804 466.806
10922555 176.405 176.406
10976240 483.513 483.514
10998460 316.028 316.029
11037910 208.656 208.658
11078045 90.46 90.4616
11292695 252.935 252.936
11317915 76.5253 76.5268
11351190 329.44 329.442
11440090 190.445 190.446
11448605 338.925 338.927
11455250 28.1067 28.1081
11463060 335.733 335.734
11526515 228.111 228.113
11546980 60.6606 60.6621
11563835 153.932 153.933
11569680 306.627 306.628
11640365 24.4279 24.4299
11660990 581.107 581.107
11685810 533.304 533.306
11692755 317.697 317.698
11764890 377.024 377.026
11773550 50.176 50.1775
11800395 496.285 496.3
11892335 593.773 593.775
11920750 120.476 120.477
11924745 141.038 141.04
12012050 79.9694 79.9712
12099715 513.341 513.342
12106680 189.386 189.387
12108240 27.1587 27.1605
12116990 438.343 438.344
12143020 72.5654 72.567
12215470 525.883 525.884
12222065 367.843 367.844
12256080 129.363 129.365
12359300 64.0227 64.0245
12374920 427.21 427.212
12375765 148.813 148.814
12380150 142.188 142.19
12409100 258.342 258.344
12417500 111.007 111.009
12427105 137.955 137.957
12534815 211.891 211.893
12610965 511.924 511.924
12621410 402.955 402.956
12652695 548.082 548.083
12693825 434.319 434.321
12704365 221.559 221.56
12958925 53.2287 53.2301
13075175 15.7839 15.7858
13200545 177.744 177.745
13230635 450.303 450.305
13247005 479.26 479.262
13276250 551.526 551.527
13315705 158.814 158.816
13346345 23.0129 23.0142
13379490 74.4584 74.4599
13403020 292.762 292.762
13441265 21.1128 21.1146
13483150 577.657 577.659
13496450 370.157 370.159
13540340 411.787 411.789
13565405 173.011 173.012
13762350 130.686 130.687
13764470 48.924 48.9256
13838540 438.269 438.271
13943990 540.67 540.672
14002585 78.9856 78.9871
14045830 572.808 572.81
14051765 43.6921 43.6932
14079510 543.667 543.668
14083290 558.222 558.223
14095945 449.028 449.029
14174225 128.049 128.05
14229845 84.0406 84.0422
14292840 486.247 486.259
14324800 564.872 564.874
14351080 537.033 537.036
14400715 564.92 564.922
14500995 123.119 123.12
14548510 589.375 589.377
14582560 532.185 532.191
14619210 319.628 319.628
14647725 441.907 441.909
14695430 307.425 307.426
14715730 54.7395 54.7411
14794005 435.889 435.891
14846270 239.769 239.769
14874485 463.297 463.297
14883620 96 96.0049
14902515 133.675 133.676
14972455 511.334 511.343
15010310 475.97 475.971
15021315 277.372 277.374
15128120 23.7202 23.7218
15214445 554.673 554.675
15282350 78.0899 78.0916
15357120 558.522 558.523
15366375 555.797 555.799
15385465 238.453 238.454
15416445 13.3609 13.3615
15431875 333.271 333.273
15484920 28.1374 28.139
15515070 87.175 87.1766
15530885 110.691 110.697
15542240 249.463 249.464
15569135 280.087 280.088
15576870 422.633 422.634
15665550 110.838 110.84
15671070 233.608 233.61
15761005 517.976 517.978
15815750 295.276 295.276
15916450 77.7468 77.7484
15946460 459.966 459.967
15964915 393.98 393.981
15988105 556.227 556.229
15992555 33.31 33.3114
16012080 581.256 581.257
16097965 453.419 453.42
16147420 571.46 571.461
16148640 54.441 54.4426
16158140 171.243 171.244
16269770 281.799 281.8
16299060 301.888 301.889
16358170 81.4971 81.4977
16423430 517.274 517.275
16448700 182.143 182.145
16513940 228.711 228.712
16595170 423.293 423.295
16609855 561.58 561.582
16693105 341.42 341.422
16770700 118.921 118.922
