#TxHash TimeSend TimeReceve
5905 114.399 114.516
32065 617.315 617.318
42245 23.7882 23.7999
73405 349.162 349.165
102635 30.9226 30.9341
111650 845.962 846.305
114665 189.139 189.142
118170 655.767 655.768
149860 856.477 856.633
168660 138.025 138.033
170480 86.9107 86.9217
188965 890.319 890.806
190310 596.63 596.633
234585 605.858 605.86
260185 223.004 223.005
318970 888.439 888.636
385495 284.895 284.898
386885 650.333 650.336
414170 667.483 667.486
467755 142.775 142.783
473355 882.3 882.323
486070 286.079 286.082
489475 55.8708 55.8826
546800 250.254 250.256
558355 812.422 812.434
643565 486.761 486.762
645320 17.5609 17.5728
660350 114.863 114.945
741005 736.877 736.88
741875 836.596 836.609
906870 522.47 522.472
922805 794.956 794.968
954955 775.82 775.842
965880 114.988 115.024
974280 821.79 821.802
1023900 63.806 63.8171
1032400 872.45 872.466
1033445 84.6805 84.6914
1044530 859.516 859.527
1061335 814.685 814.711
1064570 423.124 423.127
1113845 41.5588 41.5738
1163820 655.669 655.671
1188775 872.1 872.111
1272350 840.833 840.846
1290780 90.0645 90.1068
1352265 547.578 547.581
1360520 876.026 876.079
1437075 521.119 521.12
1449700 82.3779 82.3888
1496440 19.9073 19.9182
1523445 223.693 223.695
1573980 825.013 825.025
1579190 55.7487 55.7609
1579480 90.7966 90.8409
1589195 717.256 717.259
1686835 204.608 204.611
1806030 432.143 432.144
1909990 13.5088 13.5217
1910105 793.36 793.373
1926955 548.533 548.536
2001520 127.834 128.048
2017705 21.0178 21.0289
2053375 838.258 838.272
2066080 882.969 883.405
2073915 146.1 146.206
2112325 71.2755 71.2864
2171795 557.683 557.686
2184455 155.329 155.333
2185210 849.701 849.712
2189385 115.835 115.902
2207115 301.394 301.397
2247540 67.0163 67.0283
2310625 27.5015 27.515
2318755 809.501 809.513
2328775 766.758 766.765
2333020 18.1201 18.1305
2357160 308.337 308.338
2379775 325.843 325.844
2385725 57.3043 57.3174
2516835 82.9681 82.9797
2517350 364.354 364.356
2576590 528.503 528.505
2597890 879.718 879.73
2599025 661.714 661.716
2603120 343.976 343.978
2616905 432.807 432.809
2636595 245.348 245.35
2650755 849.496 849.513
2687615 474.195 474.198
2692670 16.5284 16.5406
2717405 128.524 128.533
2724250 84.1261 84.1403
2770315 780.036 780.057
2774395 843.126 843.137
2800885 98.956 98.9721
2831955 632.253 632.257
2845050 16.8089 16.8197
2886170 610.867 610.868
2908060 685.054 685.056
2937685 298.861 298.863
2983370 86.4396 86.4512
2987755 123.6 123.78
3039825 62.1043 62.1198
3055955 650.325 650.328
3064435 125.569 125.583
3064445 132.772 132.782
3066830 669.447 669.448
3098390 898.773 899.341
3129315 58.1852 58.2036
3161930 291.602 291.604
3200090 90.5083 90.537
3206355 148.765 148.912
3233405 282.719 282.721
3365480 62.532 62.5655
3399190 731.203 731.204
3420250 866.935 867.421
3430225 635.843 635.845
3447565 391.973 391.976
3448185 123.598 123.655
3505805 37.6906 37.7036
3531495 881.177 881.584
3536875 276.674 276.677
3573035 49.9765 49.9874
3582770 219.909 219.91
3585840 95.4266 95.4995
3610245 838.501 838.514
3642650 206.91 206.912
3677635 856.502 856.592
3718325 887.252 887.527
3754645 88.642 88.7577
3771795 497.459 497.461
3778740 222.404 222.406
3796875 853.692 853.705
3809940 368.621 368.624
3912435 52.3573 52.3698
3933470 762.155 762.162
3941450 360.833 360.835
3964045 34.4485 34.4627
3974685 374.272 374.273
4021535 530.838 530.841
4051850 61.991 62.0014
4072355 50.5235 50.5365
4078420 66.2958 66.3066
4142205 497.089 497.092
4163065 506.061 506.064
4188405 479.528 479.531
4190365 889.751 889.86
4201095 796.663 796.676
4204505 21.7221 21.7323
4219930 31.5424 31.555
4244760 527.181 527.183
4269095 42.2462 42.2569
4294460 336.049 336.05
4351360 560.694 560.696
4469485 803.202 803.215
4477810 575.382 575.383
4505775 870.195 870.207
4521580 383.01 383.013
4524975 450.467 450.469
4544550 120.161 120.287
4583075 818.938 818.949
4631725 107.878 108.022
4740075 843.683 843.696
4751360 457.586 457.588
4814655 422.364 422.367
4867695 117.423 117.604
4935525 753.05 753.053
4990655 359.578 359.58
5006095 862.72 862.731
5013200 98.9297 98.9424
5024355 711.356 711.359
5027565 874.293 874.306
5133520 630.508 630.511
5134235 251.433 251.434
5173480 760.224 760.231
5236870 418.847 418.848
5238060 52.7578 52.7683
5255020 58.2147 58.2271
5301090 133.099 133.11
5337610 707.403 707.404
5381090 292.144 292.146
5397615 784.829 784.844
5452560 66.1981 66.2104
5493885 525.969 525.971
5536450 330.149 330.151
5539530 109.207 109.421
5568730 750.501 750.503
5603285 882.847 882.929
5609840 434.072 434.075
5625510 292.248 292.251
5687025 453.9 453.901
5699515 241.589 241.591
5729860 167.7 167.702
5793395 255.421 255.422
5848840 366.439 366.442
5854775 114.132 114.191
5890310 828.675 828.686
5925945 44.3695 44.3825
5926380 187.993 187.996
6004710 481.702 481.705
6010855 52.9376 52.9485
6068460 879.121 879.134
6168935 801.697 801.712
6199120 350.954 350.957
6232335 788.765 788.778
6439615 128.081 128.128
6439780 553.895 553.897
6486030 61.1909 61.2038
6509220 636.975 636.977
6567265 42.7943 42.8106
6594560 82.7379 82.7498
6609340 876.934 877.05
6633950 106.553 106.738
6655580 859.456 859.47
6660510 128.553 128.562
6682000 106.225 106.243
6688935 795.144 795.16
6731780 561.571 561.573
6749530 801.503 801.52
6832555 600.063 600.065
6835350 876.809 876.927
6851060 347.346 347.349
6924765 58.3033 58.3158
6945150 405.86 405.863
6953865 775.346 775.365
7012570 648.192 648.195
7041660 833.975 833.988
7048020 803.179 803.195
7049340 87.9444 87.9573
7052545 137.239 137.249
7095710 44.5486 44.5595
7121610 482.17 482.172
7122740 36.9223 36.9378
7148820 54.3256 54.3404
7318235 105.669 105.883
7340645 644.728 644.73
7370210 870.801 870.845
7371590 539.233 539.234
7386005 164.865 164.867
7391800 588.449 588.452
7394660 380.592 380.595
7409905 779.151 779.172
7450050 775.493 775.513
7464195 870.669 870.686
7477890 819.028 819.042
7545450 191.786 191.788
7553070 67.1888 67.2013
7554470 605.267 605.27
7558605 126.793 127.084
7566540 257.84 257.841
7578685 842.852 842.865
7607865 376.789 376.79
7629060 881.328 881.397
7656770 799.671 799.682
7664030 756.745 756.751
7664330 20.4218 20.4326
7665235 90.6527 90.6636
7679080 165.074 165.077
7682645 83.7518 83.7717
7685370 635.094 635.095
7700705 58.1894 58.2107
7740100 553.125 553.144
7760730 795.893 795.909
7787370 588.48 588.482
7799535 831.44 831.451
7842795 110.043 110.191
7852630 758.877 758.885
7858520 304.256 304.258
7868100 177.249 177.251
7874680 787.736 787.752
7881835 47.8505 47.8628
7935980 837.581 837.592
8041765 262.567 262.569
8057810 817.783 817.796
8075600 833.314 833.326
8096645 113.32 113.383
8103740 29.7391 29.7566
8144890 799.767 799.78
8152860 115.91 115.926
8170525 807.174 807.197
8274395 67.5674 67.5792
8277305 869.386 869.437
8284215 841.656 841.667
8287365 695.746 695.749
8306245 30.4899 30.5069
8316545 606.12 606.123
8322220 527.156 527.158
8380655 366.552 366.556
8451085 136.255 136.464
8462315 890.536 890.596
8530770 146.705 146.784
8586280 858.651 858.662
8591965 797.484 797.503
8615235 210.562 210.565
8631300 295.603 295.604
8699630 98.7989 98.8803
8715405 847.876 847.972
8742145 850.233 850.244
8770885 257.524 257.527
8781925 406.221 406.224
8804685 88.5961 88.6071
8825780 530.871 530.873
8865325 74.4824 74.4931
8906750 785.673 785.681
8963490 631.476 631.478
8966435 17.7009 17.7212
8975140 856.366 856.447
8992035 835.62 835.632
9008580 710.086 710.088
9009915 102.518 102.53
9026415 392.026 392.029
9046495 429.52 429.522
9064330 804.332 804.343
9116995 823.279 823.292
9193090 136.379 136.386
9206210 745.675 745.677
9343895 139.67 139.973
9365645 135.334 135.496
9391590 829.261 829.273
9507995 607.517 607.519
9563735 721.245 721.247
9570745 767.471 767.477
9584355 103.735 103.933
9589335 78.6431 78.7078
9613100 799.194 799.207
9653180 793.846 793.858
9657255 817.465 817.478
9662475 510.456 510.459
9680310 791.524 791.589
9692605 444.866 444.869
9754855 670.732 670.734
9762610 170.954 170.956
9804830 256.327 256.33
9833880 434.442 434.443
9842525 425.807 425.81
9926750 485.146 485.148
9927055 758.386 758.395
9938825 632.727 632.73
10113500 411.051 411.054
10231225 48.7727 48.7845
10244545 35.1287 35.1407
10258205 535.716 535.717
10266785 665.167 665.169
10303430 640.373 640.376
10311140 17.1795 17.1895
10317640 16.2105 16.2233
10336305 210.229 210.232
10356575 131.68 131.832
10357785 256.282 256.285
10375785 721.968 721.97
10414140 221 221.012
10423310 874.728 874.74
10427695 66.1239 66.1343
10443070 101.256 101.279
10451485 875.835 875.847
10488565 125.341 125.394
10491540 536.763 536.765
10512945 379.931 379.933
10516685 798.741 798.754
10579630 608.393 608.396
10620200 443.642 443.644
10629365 77.6675 77.6799
10668820 801.129 801.392
10669470 333.982 333.984
10716240 811.46 811.473
10770405 318.807 318.808
10792520 815.536 815.548
10844115 536.378 536.38
10853800 112.064 112.077
10864630 852.328 852.504
10869500 95.5655 95.5971
10883750 80.5392 80.5519
10893265 137.311 137.333
10943805 57.1789 57.1917
10955530 143.987 144.004
10962415 62.4361 62.4951
10971080 879.799 879.812
10972750 79.8159 79.8274
11019465 628.805 628.807
11037600 823.77 823.782
11061740 560.19 560.191
11147675 277.364 277.366
11180280 859.528 859.541
11205715 354.984 354.985
11207890 27.6088 27.6219
11237045 432.52 432.523
11248915 89.535 89.5472
11316380 68.6062 68.6173
11320065 265.393 265.395
11324130 23.748 23.7597
11326190 147.196 147.203
11331110 70.8229 70.8356
11334815 691.836 691.838
11346935 98.035 98.0467
11376505 95.7103 95.791
11401130 890.892 890.933
11440915 834.948 834.96
11528705 808.363 808.374
11596190 760.878 760.885
11597725 792.005 792.009
11626895 738.356 738.358
11629875 173.224 173.225
11661720 740.667 740.67
11721295 20.2982 20.31
11735920 326.606 326.609
11756855 14.5118 14.5247
11762755 780.892 780.909
11772455 874.787 874.8
11805805 712.808 712.81
11912895 721.134 721.136
11948750 303.632 303.635
11980945 45.938 45.9506
11986165 47.0174 47.0319
11989680 70.1317 70.1456
12179120 782.374 782.388
12239650 859.028 859.053
12253735 591.039 591.041
12262775 351.804 351.806
12285135 856.955 857.293
12311785 379.121 379.124
12340085 117.364 117.38
12390470 817.892 817.911
12401930 200.759 200.762
12416605 803.825 803.837
12435200 84.3365 84.3612
12471235 829.941 829.955
12504015 856.197 856.259
12518515 149.401 149.458
12533725 71.5927 71.6053
12533900 793.685 793.737
12557310 717.966 717.968
12579470 781.454 781.475
12580460 29.3904 29.7432
12594210 889.785 890.002
12610900 804.094 804.106
12620425 98.0879 98.0985
12644825 63.4682 63.4802
12675325 705.259 705.262
12706940 192.905 192.907
12714865 179.701 179.702
12775685 25.6946 25.7083
12847960 104.982 104.997
12871215 61.7459 61.8342
12892650 28.1479 28.1617
12909220 753.317 753.324
12972405 760.898 760.905
12997275 280.968 280.97
13032355 660.742 660.745
13035195 878.317 878.328
13089910 127.43 127.477
13106010 299.48 299.483
13119210 395.908 395.911
13182080 103.2 103.215
13200080 55.4719 55.4825
13204265 836.712 836.733
13213655 279.751 279.753
13249175 825.507 825.522
13271625 861.717 861.73
13318270 90.0134 90.0622
13374225 339.733 339.735
13422425 885.768 885.885
13438185 765.227 765.235
13513090 403.298 403.299
13520435 862.93 862.942
13538730 608.972 608.974
13542535 627.436 627.438
13549120 847.927 848.315
13609725 116.505 116.663
13629025 12.4937 12.5052
13662715 565.868 565.871
13664145 828.332 828.345
13703505 391.129 391.131
13747220 872.856 872.869
13752040 890.986 891.039
13762650 675.605 675.607
13788405 133.795 133.809
13799790 457.289 457.291
13817900 135.086 135.093
13869990 871.357 871.504
13883025 814.005 814.016
13887915 342.23 342.232
13919155 804.573 804.583
13974935 162.398 162.4
13983445 19.8647 19.8775
13993405 313.893 313.896
14002805 896.393 896.757
14031335 256.539 256.542
14058360 97.7345 97.7466
14089385 301.976 301.978
14235755 284.739 284.741
14244795 859.924 859.936
14252765 56.3584 56.3719
14330635 821.683 821.693
14396400 82.4274 82.4394
14412860 816.184 816.309
14479615 890.036 890.125
14488190 97.0834 97.1212
14537705 631.64 631.642
14645760 41.1444 41.1548
14663090 274.678 274.681
14675665 774.523 774.536
14681650 21.6662 21.679
14723310 241.245 241.247
14795445 810.063 810.075
14827175 129.079 129.126
14842325 872.989 873
14946375 135.629 135.639
14952595 404.057 404.058
15035145 465.937 465.939
15051170 82.0375 82.0499
15062700 427.931 427.934
15077730 221.06 221.062
15089305 852.078 852.217
15092795 115.688 115.701
15102935 604.9 604.902
15146120 215.089 215.091
15180490 206.405 206.407
15246775 739.364 739.366
15275790 890.252 890.407
15284490 742.389 742.391
15330605 185.087 185.09
15351920 728.317 728.32
15371020 375.083 375.087
15373745 365.489 365.49
15502645 78.0231 78.0422
15511040 801.342 801.378
15539715 249.149 249.151
15540805 197.97 197.972
15554175 650.776 650.778
15577545 874.496 874.507
15589740 314.804 314.807
15653195 114.716 114.929
15732935 111.501 111.917
15798475 719.695 719.697
15804390 349.507 349.509
15840385 434.322 434.324
15980615 22.3439 22.3654
15985375 79.525 79.5643
16032895 836.829 836.84
16050940 801.427 801.469
16054310 801.805 801.824
16059655 804.82 804.835
16070145 69.8172 69.8292
16072230 600.298 600.3
16099650 134.214 134.264
16146615 95.6996 95.9892
16211720 21.6933 21.7043
16238625 75.8591 75.8714
16252610 824.912 824.924
16259345 658.339 658.342
16260265 158.207 158.21
16260700 818.315 818.328
16277925 211.211 211.214
16297700 782.536 782.549
16331210 555.259 555.262
16383015 311.083 311.085
16457055 83.4564 83.469
16502020 202.556 202.558
16525690 24.1977 24.2086
16531395 83.9484 83.9607
16538750 19.9098 19.9312
16539910 510.738 510.739
16572775 127.8 128.094
16581315 257.211 257.213
16607500 106.043 106.215
16629140 825.389 825.4
16700035 69.4476 69.4594
16700145 877.28 877.292
16752030 148.938 148.946
16769300 345.139 345.14
