#TxHash TimeSend TimeReceve
10515 17.6012 17.6102
38540 576.923 576.924
53760 965.747 965.756
83975 879.868 879.877
99170 610.185 610.187
138385 682.351 682.352
157600 482.24 482.241
262170 406.312 406.314
342330 940.693 940.702
418675 365.283 365.284
441185 426.111 426.113
455950 907.021 907.031
461015 693.908 693.909
504730 750.562 750.564
567380 616.334 616.336
607615 554.173 554.174
611625 988.917 988.926
652200 837.366 837.372
715235 913.428 913.435
829680 850.007 850.014
892080 141.341 141.343
935480 903.103 903.112
965870 958.119 958.13
971775 71.9065 71.9274
1000130 891 891.401
1000240 751.916 751.918
1021605 61.8121 61.8203
1075700 93.4539 93.4592
1149670 768.294 768.295
1150115 72.0202 72.028
1158290 942.916 942.925
1195870 74.0355 74.038
1198305 13.4416 13.4547
1243770 91.0924 91.1034
1250340 233.862 233.863
1257995 907.427 907.435
1276385 788.568 788.57
1293375 354.28 354.281
1357510 877.742 877.752
1395825 921.361 921.79
1420015 266.154 266.155
1447670 64.6478 64.6889
1450400 859.683 859.693
1481825 116.233 116.369
1562380 200.968 200.97
1570725 943.685 943.695
1642720 917.159 917.168
1711850 40.2016 40.2112
1810280 65.6914 65.6998
1819495 113.176 113.19
1886050 223.451 223.452
1912385 340.265 340.266
1948655 395.64 395.642
1970680 69.485 69.4978
2020400 343.942 343.944
2025975 396.016 396.018
2082145 125.238 125.255
2093945 906.508 906.602
2140830 915.829 915.838
2149400 997.184 997.201
2162930 914.293 914.303
2172755 237.472 237.474
2178510 849.68 849.697
2204095 706.279 706.281
2208515 981.156 981.386
2257920 836.761 836.767
2314325 952.36 952.368
2321725 104.583 104.589
2423265 850.931 850.94
2450860 135.02 135.021
2473340 919.95 919.958
2549675 984.135 984.144
2656200 855.337 855.348
2680095 348.055 348.055
2695345 565.261 565.262
2724260 31.9378 31.9475
2766030 647.001 647.002
2814635 34.6389 34.6465
2827300 505.615 505.617
2866030 949.361 949.372
2885025 107.997 108.037
2895020 63.0604 63.0695
2898275 51.6816 51.6889
2906520 990.592 990.602
2912835 105.759 105.767
2944105 810.849 810.897
2995560 449.898 449.898
2999835 82.6969 82.7057
3013115 109.137 109.141
3081480 142.109 142.111
3087645 360.222 360.223
3088030 81.5196 81.5983
3133005 887.626 887.723
3164905 173.976 173.978
3175880 346.41 346.412
3213400 138.704 138.705
3229390 59.2299 59.2396
3251655 40.1693 40.1853
3252125 405.408 405.41
3288520 453.74 453.742
3309030 12.9564 12.9646
3311985 270.79 270.79
3353455 367.06 367.061
3382800 108.53 108.535
3452410 615.128 615.129
3524455 949.791 949.805
3580860 91.8546 91.8676
3609820 123.811 123.83
3620555 599.447 599.448
3623135 403.488 403.49
3632700 854.07 854.079
3641220 131.311 131.312
3642120 221.672 221.674
3643180 840.94 840.946
3667525 353.239 353.241
3824850 973.041 973.051
3891415 93.5823 93.5989
3912935 121.526 121.703
3924995 645.757 645.759
3962630 665.576 665.578
3965785 27.8613 27.8698
3993275 196.048 196.05
4024530 962.6 962.607
4067600 27.8121 27.8143
4088615 86.8945 86.9029
4093320 429.481 429.484
4143935 365.937 365.938
4148550 656.262 656.264
4180590 206.981 206.981
4200730 107.268 107.323
4213070 99.5178 99.6561
4227040 900.352 900.362
4260835 34.6479 34.6568
4334480 969.713 969.722
4481980 80.418 80.4253
4500905 582.711 582.713
4565340 323.082 323.083
4572900 857.91 857.919
4617800 992.009 992.017
4626275 969.129 969.138
4638040 29.6709 29.6796
4720150 960.066 960.077
4741315 826.893 826.899
4752775 959.862 959.872
4773140 936.249 936.515
4813455 40.1337 40.1414
4823660 530.062 530.063
4859625 862.436 862.446
4893750 588.715 588.716
4902720 67.6888 67.6983
4903945 77.8348 77.844
4924735 988.971 988.98
4945010 372.279 372.281
4969375 910.19 910.212
4995965 108.825 108.831
5030260 693.75 693.752
5039645 25.9322 25.9409
5087045 892.147 892.156
5108480 615.292 615.293
5122255 983.735 983.745
5125400 969.817 969.826
5201645 869.141 869.163
5287755 456.249 456.249
5292100 981.312 981.37
5294375 893.801 893.809
5348690 994.956 994.964
5350850 53.9119 53.9205
5365305 913.452 913.46
5455935 571.347 571.349
5482950 12.4535 12.4626
5500260 102.154 102.165
5538805 61.6308 61.6386
5568200 647.559 647.56
5577540 171.615 171.617
5648900 613.323 613.324
5677270 119.413 119.422
5764730 675.557 675.558
5768500 631.082 631.084
5777165 858.934 858.942
5795365 957.939 957.948
5845805 857.651 857.664
5865280 939.08 939.089
5947520 104.993 104.998
5957570 165.408 165.41
5966390 584.916 584.918
5970485 115.508 115.526
6004380 516.761 516.761
6012355 112.074 112.088
6020325 467.738 467.739
6029450 968.036 968.044
6045605 400.415 400.417
6074030 946.462 946.561
6084425 104.046 104.051
6123730 824.673 824.678
6186510 445.696 445.697
6198465 868.751 868.788
6228215 261.763 261.765
6249060 886.767 886.782
6293900 992.521 992.536
6337400 357.107 357.108
6401030 672.916 672.916
6444990 34.3102 34.3125
6448095 108.505 108.51
6558585 820.875 820.882
6559085 435.74 435.742
6563130 567.966 567.968
6591855 517.725 517.727
6611730 851.577 851.584
6612600 14.604 14.6067
6616790 67.306 67.3141
6643065 83.6422 83.6619
6693405 547.083 547.084
6708225 845.362 845.368
6737370 21.9098 21.9172
6795865 952.86 952.87
6818130 226.738 226.74
6943590 46.9869 46.9977
6982785 16.8304 16.8383
7008020 941.406 941.467
7077705 862.74 862.748
7146730 73.6593 73.6677
7148230 143.712 143.713
7256265 925.559 925.567
7257640 223.52 223.521
7270865 954.949 954.96
7284670 952.107 952.117
7305890 127.389 127.604
7329670 908.348 908.358
7333685 529.294 529.294
7352210 40.0531 40.0617
7375040 691.279 691.28
7396045 90.713 90.733
7411140 975.842 975.852
7419305 56.9819 56.991
7432745 882.771 882.78
7471830 342.841 342.843
7537150 60.9991 61.0078
7654055 71.913 71.9388
7690625 914.422 914.431
7703165 720.359 720.361
7714190 534.161 534.163
7798055 835.142 835.15
7812645 905.116 905.125
7825150 606.34 606.341
7848405 972.106 972.116
7901055 579.755 579.756
7914480 670.299 670.301
7938905 149.195 149.197
7941330 831.053 831.105
7944990 468.656 468.658
7983335 824.113 824.12
8001335 872.607 872.614
8036860 92.2048 92.2103
8046540 57.5162 57.5266
8058275 403.276 403.277
8108695 103.676 103.695
8110630 406.316 406.317
8118430 87.1653 87.2171
8143550 764.549 764.551
8144470 648.54 648.541
8177445 261.298 261.299
8203855 70.385 70.3931
8235470 49.8409 49.8523
8280570 970.564 970.574
8281945 32.7466 32.7559
8303420 272.122 272.123
8341155 594.735 594.737
8376250 154.263 154.265
8516800 29.4757 29.5025
8618460 530.541 530.541
8646740 936.176 936.211
8723005 128.165 128.17
8757485 916.275 916.764
8807415 89.2767 89.3535
8817105 783.433 783.435
8833895 346.577 346.579
8929075 133.148 133.149
8940840 226.258 226.259
8959420 563.997 563.998
8969735 117.411 117.42
8978985 298.224 298.225
9016080 37.8491 37.8582
9047720 945.476 945.485
9049670 36.5851 36.5873
9075260 604.674 604.675
9154540 40.1677 40.1819
9171690 747.65 747.651
9173645 667.09 667.091
9197740 635.046 635.048
9254390 63.3758 63.3906
9328320 804.889 804.896
9352585 495.105 495.106
9408145 863.736 863.744
9424855 35.9197 35.9274
9446195 623.644 623.644
9500215 750.718 750.72
9504200 31.3233 31.3312
9531055 53.2839 53.2926
9594170 666.018 666.019
9614995 608.325 608.327
9705965 996.196 996.248
9709180 717.655 717.656
9745015 423.625 423.626
9747570 57.6715 57.6816
9895605 301.492 301.494
9903790 917.216 917.226
9928855 455.997 455.999
9965365 506.467 506.468
9977980 537.876 537.877
9984765 464.176 464.178
10033200 946.204 946.257
10043700 972.792 972.799
10120345 841.539 841.554
10167065 284.609 284.61
10214680 941.117 941.215
10228855 870.023 870.03
10240315 698.015 698.017
10258395 128.109 128.118
10259745 882.632 882.645
10271875 41.3391 41.3484
10287455 968.857 968.867
10354300 916.501 916.616
10362885 170.597 170.599
10378115 943.827 943.837
10409150 38.0363 38.0462
10417985 112.011 112.023
10444445 477.719 477.721
10449855 999.844 999.852
10490945 41.0479 41.0506
10527250 138.962 138.964
10545840 844.096 844.1
10546825 670.112 670.114
10633475 956.882 956.891
10694715 561.678 561.679
10717540 92.2863 92.2912
10739495 81.7999 81.8085
10758770 327.121 327.121
10769460 975.957 975.967
10817995 740.405 740.406
10834620 919.237 919.247
10847530 933.082 933.092
10904505 89.7368 89.8167
10905290 550.299 550.3
10934090 437.803 437.805
11028760 36.0794 36.0891
11148160 564.295 564.297
11202970 480.961 480.962
11209335 873.209 873.216
11225530 162.075 162.075
11226450 232.305 232.306
11226945 407.134 407.135
11328205 96.535 96.5979
11332940 792.636 792.637
11394810 25.0128 25.0211
11446840 20.7703 20.7813
11500325 854.832 854.843
11522135 995.515 995.525
11530550 870.596 870.604
11543660 875.583 875.593
11553940 949.776 949.784
11558325 436.321 436.322
11574625 103.886 103.918
11583375 109.977 109.981
11603335 153.78 153.781
11656485 977.253 977.281
11665660 977.571 977.689
11691635 414.994 414.995
11721585 817.063 817.071
11765435 43.907 43.9257
11796495 656.914 656.915
11817490 95.3056 95.3204
11869670 627.494 627.495
11882945 83.6465 83.6987
11912090 206.19 206.192
11990140 340.525 340.525
12039305 688.814 688.816
12078430 851.306 851.346
12097520 157.07 157.071
12102125 56.3728 56.3819
12138355 408.373 408.376
12143025 858.716 858.724
12183970 747.276 747.276
12224410 947.17 947.179
12356390 860.569 860.578
12380565 828.276 828.282
12382005 803.241 803.248
12386280 34.3268 34.3392
12441185 74.109 74.1114
12444360 194.342 194.344
12450160 724.008 724.009
12476255 868.392 868.884
12480370 85.324 85.3323
12522970 459.891 459.893
12571370 944.274 944.305
12591315 118.036 118.171
12592610 92.1264 92.1393
12593210 834.531 834.537
12593590 873.028 873.038
12642975 83.8252 83.8322
12659045 216.911 216.913
12712770 781.849 781.849
12724405 947.965 947.975
12745810 930.892 930.9
12790700 91.7576 91.763
12824630 28.489 28.4983
12836395 674.668 674.67
12959160 525.996 525.997
12981145 842.673 842.678
13035975 859.991 860.002
13039320 977.313 977.343
13066865 705.951 705.952
13074355 808.089 808.097
13147040 117.114 117.128
13152245 411.349 411.35
13201175 911.893 911.905
13220790 146.047 146.048
13242565 665.669 665.67
13352245 911.249 911.482
13365070 986.38 986.458
13377845 988.935 988.943
13395520 246.912 246.913
13449840 90.6605 90.663
13454460 926.992 927
13473725 71.8997 71.9083
13555925 536.762 536.763
13630715 114.452 114.678
13633040 343.989 343.99
13658900 296.345 296.346
13705230 860.727 860.736
13708475 189.522 189.524
13726535 201.891 201.893
13734005 52.806 52.8142
13747100 822.71 822.717
13757455 293.955 293.957
13852105 697.361 697.363
13900570 873.716 873.724
13988060 903.879 903.887
14062345 924.51 924.52
14098235 995.472 995.488
14134480 197.644 197.646
14215190 423.7 423.702
14236180 967.317 967.329
14350450 580.419 580.421
14353285 969.601 969.609
14416380 321.249 321.25
14455435 30.3915 30.4006
14513740 837.516 837.525
14538120 398.784 398.786
14545010 953.242 953.249
14548315 59.1398 59.1493
14553760 186.962 186.964
14563930 894.993 895.002
14583470 48.3979 48.4061
14609840 927.721 927.73
14612845 991.241 991.305
14632830 39.7531 39.7619
14694420 891.893 891.915
14695760 997.959 997.967
14705325 82.9624 82.9762
14732300 559.088 559.09
14747320 230.262 230.263
14756175 584.657 584.659
14803145 898.575 898.585
14822610 953.264 953.272
14835540 933.958 933.966
14893830 95.5079 95.5137
14917895 657.552 657.554
14969445 459.312 459.313
15019600 763.614 763.616
15033015 103.96 103.962
15045015 957.283 957.292
15074665 907.619 907.627
15105880 186.534 186.535
15112135 977.597 977.633
15116405 908.847 908.857
15138815 470.753 470.754
15147665 831.639 831.645
15190415 484.736 484.736
15196445 63.3644 63.3848
15244145 91.0763 91.0788
15251190 223.3 223.302
15275965 930.939 930.948
15284435 784.465 784.467
15329755 49.3142 49.3234
15331890 855.511 855.52
15337535 38.9887 38.9973
15339460 494.057 494.059
15369940 32.1191 32.1284
15433895 851.364 851.416
15444745 956.111 956.21
15447735 31.6877 31.7605
15468310 981.779 981.788
15581880 170.243 170.244
15602985 900.471 900.48
15630810 922.481 922.491
15779760 80.8518 80.8863
15837950 736.658 736.659
15846910 735.145 735.147
15932125 302.478 302.48
15950810 58.4092 58.4116
15970640 802.552 802.554
15981385 59.6706 59.6832
15996715 72.1063 72.1152
15997980 33.2745 33.2836
16006140 50.4819 50.496
16061410 55.0462 55.0554
16099060 179.501 179.503
16177210 30.6227 30.642
16205840 920.372 920.381
16235920 768.68 768.681
16236220 191.225 191.227
16344870 93.3888 93.3945
16393620 242.04 242.041
16399210 50.3095 50.3183
16407210 956.313 956.601
16439245 11.6107 11.6286
16509840 918.307 918.316
16513765 955.692 955.7
16530115 864.308 864.318
16542830 853.965 853.974
16556370 590.678 590.679
16645745 975.903 975.911
16660640 902.789 902.797
16688150 980.993 981.023
16702620 858.872 858.881
16721370 747.642 747.644
16737570 42.1006 42.111
16753090 25.3038 25.3128
