#BlockHash TimeSend TimeReceve
837 956.02 956.117
222435 901.006 901.464
294899 824.5 825.646
344934 361 361.699
752580 846.001 846.311
933686 167.5 167.73
1098314 692.5 692.692
1315510 79 80.4694
1437971 841.001 841.357
1789255 95.5 97.4694
1975251 926.5 928.181
2812845 776.5 776.693
2903092 986.004 986.488
2952721 655 655.694
3383733 623.5 623.692
3719806 991.019 991.412
3869675 926.002 926.165
5152831 509.5 509.69
6489227 836.05 836.594
6810636 242.5 242.7
7019229 871.002 871.368
7123394 481 481.696
7246134 547 547.691
7349412 971.007 971.154
7618361 877.198 880.181
7807573 893.5 895.181
7925323 841.007 841.436
8088019 439 439.698
8283483 13.4664 14.4694
8356085 846.003 846.415
8365537 926.004 926.403
8542076 29.5 31.4694
8706919 876.012 876.433
8723332 910 911.221
8749825 841.009 841.48
9113377 981.01 981.452
9160920 881.388 882.355
9296904 881.238 882.444
9335010 846.009 846.482
9927905 46 47.4694
9990531 734.5 734.694
10226581 809.32 809.852
10446055 112 113.47
10657565 809.32 809.5
10844052 959.5 961.188
10922679 809.32 809.641
11105716 137.5 139.238
11194550 891.001 891.405
11263804 863.559 865.545
11495501 808.283 809.296
11660711 809.32 809.711
11958830 992.5 994.181
12213145 896.007 896.326
12242697 931.001 931.259
12359895 205 205.694
12600885 809.32 809.79
12953854 976 978.181
13325395 586 586.692
13492983 943 944.181
13537846 836.044 836.298
13787548 836.047 836.461
14434473 320.5 320.691
14682951 62.5 64.4694
14798407 841.004 841.398
15427376 284.5 284.691
15783443 398.5 398.692
16668055 921.001 921.407
