#TxHash TimeSend TimeReceve
151030 226.436 226.437
156150 574.613 574.62
219430 530.988 530.99
252370 384.453 384.453
282445 476.232 476.232
291450 367.613 367.613
331405 519.942 519.951
463815 539.737 539.742
512410 123.655 123.655
523175 163.841 163.842
592950 136.104 136.105
620060 75.2781 75.2822
666230 111.419 111.42
814590 21.2287 21.2369
821490 240.774 240.774
1029965 568.74 568.748
1093570 339.614 339.615
1164485 566.414 566.427
1424190 452.702 452.703
1444730 374.511 374.512
1574430 317.091 317.091
1651580 39.7001 39.7034
1685100 560.423 560.429
1794170 86.1932 86.3359
1931005 345.77 345.771
1957645 204.682 204.682
2002205 573.099 573.26
2135190 520.759 520.768
2149150 130.309 130.31
2250525 304.56 304.561
2278610 32.4042 32.4097
2359610 82.2803 82.2893
2383795 517.779 517.782
2407800 304.385 304.385
2412130 19.015 19.0196
2433215 38.6035 38.6079
2446310 401.589 401.589
2452825 449.232 449.232
2467065 331.79 331.791
2521455 572.512 572.516
2546975 120.353 120.354
2586235 42.822 42.8271
2592865 531.454 531.457
2660535 565.811 565.818
2662305 566.196 566.218
2689305 427.296 427.296
2740640 599.823 599.836
2785305 516.034 516.04
2853170 338.347 338.348
2856630 49.1448 49.1504
2935005 421.12 421.121
2941605 371.568 371.568
2971590 525.034 525.037
3007310 587.427 587.436
3123770 267.134 267.135
3184425 511.498 511.502
3256035 64.9175 64.9228
3298525 266.376 266.377
3310265 438.683 438.683
3366565 579.74 579.748
3381190 163.106 163.107
3443135 52.9198 52.9447
3577240 535.29 535.294
3656175 294.486 294.487
3829865 525.441 525.443
3833170 51.0966 51.101
3929190 536.635 536.638
3956885 265.329 265.33
4171500 488.219 488.22
4238195 63.9952 64.0027
4296060 592.766 592.769
4400385 138.419 138.42
4470395 413.396 413.396
4522970 157.675 157.676
4539320 269.183 269.184
4588460 64.6704 64.6757
4684025 511.217 511.22
4789795 461.891 461.892
4843375 34.4937 34.4984
4854115 372.541 372.542
4980785 77.7493 77.7553
5007740 39.3809 39.3941
5021720 248.639 248.64
5061180 266.661 266.661
5077170 524.893 524.895
5127415 594.745 594.749
5196785 92.0235 92.3097
5205360 432.71 432.71
5222745 16.8992 16.9028
5296555 524.094 524.106
5501235 560.078 560.1
5516275 419.973 419.974
5540430 21.7399 21.7462
5653930 390.382 390.383
5668145 308.562 308.563
5693255 474.766 474.766
6123290 481.574 481.575
6147310 22.8015 22.805
6193885 94.8166 94.8826
6247005 522.361 522.374
6260065 393.629 393.63
6345625 88.7235 88.7267
6363535 72.1334 72.1368
6416215 575.279 575.285
6458335 359.029 359.03
6466840 403.968 403.969
6569890 85.6577 85.6662
6648960 96.4049 96.4072
6756190 552.421 552.429
6776835 585.782 585.794
6841270 42.541 42.5485
6979205 507.55 507.551
6980180 32.2834 32.2938
7038625 36.1539 36.1746
7196245 559.69 559.694
7206095 50.953 50.9576
7240800 581.725 581.73
7312535 48.7006 48.711
7412990 92.1375 92.1427
7428880 260.953 260.954
7494630 68.1182 68.1242
7592860 78.6361 78.6388
7706980 65.5272 65.5306
7751145 55.6624 55.6675
7799085 325.167 325.167
7829745 119.07 119.071
7842690 224.619 224.62
7909655 239.109 239.11
7934170 561.468 561.473
8055035 201.528 201.529
8087225 407.832 407.833
8158440 24.0483 24.0529
8210190 13.4536 13.4632
8243225 338.963 338.964
8245840 38.0646 38.0739
8249270 315.561 315.561
8284725 558.603 558.61
8338160 145.907 145.908
8370730 538.686 538.694
8383855 525.141 525.144
8411905 124.747 124.748
8415920 576.357 576.385
8436955 595.221 595.227
8504055 140.495 140.496
8688680 287.167 287.168
8855860 503.08 503.081
8893880 518.459 518.462
9204150 560.993 561
9210195 545.962 545.967
9293645 82.1729 82.2255
9461990 583.292 583.296
9519325 421.713 421.714
9605130 574.579 574.586
9679305 482.744 482.744
9732645 527.245 527.249
9747975 361.299 361.299
9749875 456.116 456.116
9765365 203.155 203.156
9955885 343.13 343.131
10061415 67.028 67.0364
10072810 596 596.496
10212705 80.9133 81.0641
10216085 418.182 418.183
10217595 127.076 127.076
10241345 583.554 583.559
10249470 282.69 282.69
10344320 359.448 359.449
10357505 282.896 282.897
10384990 197.063 197.063
10451070 238.308 238.309
10496505 137.271 137.271
10501995 366.251 366.252
10513120 278.176 278.176
10515980 27.0314 27.0403
10570890 282.926 282.927
10648430 236.255 236.255
10724585 371.686 371.687
10771255 507.053 507.053
10787590 171.369 171.369
10906940 72.6611 72.6664
10934370 550.699 550.702
10955680 566.738 566.745
11005850 323.503 323.504
11061320 78.3647 78.3704
11065450 595.186 595.199
11150540 63.576 63.5808
11220980 108.653 108.654
11292480 80.1936 80.1976
11305175 87.9673 87.9731
11370075 599.437 599.441
11522005 560.529 560.559
11569890 564.919 564.931
11595240 200.159 200.159
11674180 216.449 216.45
11674625 181.108 181.109
11752840 314.831 314.832
11905610 34.2723 34.277
11959030 370.572 370.573
11995245 568.595 568.601
12015145 68.4251 68.4276
12058700 274.402 274.403
12073955 116.941 116.941
12077275 23.6587 23.6691
12077585 56.4639 56.4697
12191260 49.0938 49.0994
12293715 242.586 242.587
12486485 596.584 596.677
12503630 535.664 535.666
12504540 585.18 585.187
12531340 234.535 234.536
12547805 205.451 205.452
12592035 21.2041 21.2103
12790840 394.231 394.232
12863135 65.7841 65.788
12962210 440.429 440.43
12963025 62.2741 62.2796
12992835 140.732 140.733
13001505 230.474 230.474
13048240 574.06 574.064
13074780 68.8543 68.966
13114835 443.388 443.388
13364375 92.1508 92.3162
13368025 511.02 511.023
13473980 579.7 579.708
13588270 327.415 327.415
13633235 558.44 558.443
13716380 403.56 403.56
13796395 95.6216 95.7594
13936740 528.448 528.451
13967505 421.042 421.043
14101580 24.1031 24.1102
14102185 252.565 252.566
14176735 300.99 300.991
14255430 46.2219 46.227
14272985 532.555 532.558
14300450 316.298 316.299
14357800 92.5986 92.604
14453510 197.567 197.567
14505480 34.5808 34.5887
14521690 424.088 424.089
14545125 196.095 196.095
14610785 12.8281 12.8307
14645115 544.243 544.247
14668150 479.556 479.556
14681430 538.809 538.813
14699995 134.16 134.161
14733635 588.931 588.935
14771730 357.91 357.91
14906075 599.127 599.174
14998555 482.301 482.302
15004385 54.4731 54.48
15106515 92.4169 92.4248
15153155 37.5538 37.5576
15268810 61.3526 61.3558
15274000 590.203 590.214
15288255 578.711 578.715
15356550 274.347 274.347
15392645 82.2065 82.2116
15394510 595.232 595.237
15458550 551.414 551.425
15577850 22.7494 22.7531
15598270 256.659 256.66
15661750 574.491 574.497
15704780 219.378 219.378
15845580 241.112 241.113
15866345 311.261 311.262
15878145 558.863 558.871
15918695 571.477 571.487
15992610 278.915 278.915
16062210 535.812 535.815
16078535 587.607 587.618
16143670 106.79 106.791
16162380 32.9815 32.9895
16194505 439.406 439.407
16235615 103.868 103.871
16321915 589.049 589.062
16377125 152.273 152.273
16401810 28.9816 28.9874
16443900 575.6 575.603
16454015 508.244 508.245
16539785 333.711 333.712
16655455 527.31 527.313
16698230 234.017 234.017
16709700 75.4074 75.4133
16718020 37.0571 37.2072
