#TxHash TimeSend TimeReceve
10515 17.6012 17.6082
53760 965.747 965.754
75660 965.004 965.011
83975 879.868 879.873
165045 381.165 381.166
342330 940.693 940.7
390570 793.284 793.286
430075 626.733 626.735
455950 907.021 907.028
550325 239.513 239.515
611625 988.917 988.923
715235 913.428 913.433
783560 586.92 586.922
829680 850.007 850.011
846315 104.462 104.47
848705 724.309 724.311
935480 903.103 903.109
965870 958.119 958.127
971775 71.9065 71.9233
1000130 891 891.409
1011780 684.852 684.854
1020640 661.999 662.002
1021605 61.8121 61.8173
1060665 977.821 977.826
1109125 314.232 314.234
1158290 942.916 942.922
1195870 74.0355 74.041
1198305 13.4416 13.4467
1243770 91.0924 91.1013
1257995 907.427 907.434
1357510 877.742 877.748
1395825 921.361 921.777
1447670 64.6478 64.688
1642720 917.159 917.166
1664365 881.099 881.481
1710015 603 603.001
1711850 40.2016 40.2135
1777705 608.357 608.359
1810280 65.6914 65.6973
1823860 456.834 456.836
1970680 69.485 69.4958
2047730 735.259 735.261
2084265 989.499 989.51
2093945 906.508 906.6
2121695 233.356 233.358
2140830 915.829 915.835
2149400 997.184 997.193
2175500 540.326 540.327
2178510 849.68 849.7
2181270 549.641 549.642
2208515 981.156 981.365
2288445 153.418 153.419
2321725 104.583 104.595
2344590 238.834 238.836
2423265 850.931 850.937
2541040 146.806 146.808
2549675 984.135 984.141
2567490 561.494 561.497
2578515 416.195 416.197
2664105 687.077 687.078
2724260 31.9378 31.9456
2740340 463.292 463.294
2758095 275.217 275.22
2814635 34.6389 34.6439
2866030 949.361 949.369
2885025 107.997 108.004
2895020 63.0604 63.0662
2898275 51.6816 51.6872
2906295 169.658 169.66
2906520 990.592 990.599
2912835 105.759 105.774
2926290 701.172 701.173
2999835 82.6969 82.7025
3002250 331.991 331.993
3008155 447.489 447.491
3019095 644.69 644.693
3051490 121.922 121.936
3088030 81.5196 81.6019
3133005 887.626 887.703
3195960 290.918 290.92
3229390 59.2299 59.2419
3251655 40.1693 40.181
3309030 12.9564 12.9617
3352355 556.15 556.152
3447080 124.259 124.273
3515735 438.664 438.666
3524455 949.791 949.802
3580860 91.8546 91.862
3632700 854.07 854.076
3719765 419.882 419.885
3750450 541.815 541.817
3804320 793.441 793.442
3824850 973.041 973.048
3828480 28.544 28.552
3891415 93.5823 93.5946
3965785 27.8613 27.867
3988045 474.907 474.909
4024530 962.6 962.604
4057730 221.706 221.708
4062240 378.6 378.602
4067600 27.8121 27.817
4088615 86.8945 86.8998
4156350 145.633 145.635
4197270 417.745 417.747
4200730 107.268 107.276
4227040 900.352 900.359
4235645 781.105 781.107
4260835 34.6479 34.6548
4334480 969.713 969.72
4481980 80.418 80.4229
4499225 469.494 469.496
4524245 325.784 325.786
4572900 857.91 857.916
4581690 670.181 670.184
4616795 401.095 401.097
4624515 47.8761 47.92
4626275 969.129 969.136
4633395 223.222 223.223
4638040 29.6709 29.6776
4670275 666.14 666.143
4720150 960.066 960.075
4721245 314.195 314.196
4731945 195.297 195.299
4752775 959.862 959.869
4772550 805.73 805.732
4773140 936.249 936.508
4839945 791.121 791.122
4859625 862.436 862.443
4902720 67.6888 67.7004
4903945 77.8348 77.8419
4969375 910.19 910.209
4995965 108.825 108.834
5039645 25.9322 25.9381
5064490 839.846 839.848
5087045 892.147 892.153
5122255 983.735 983.742
5125400 969.817 969.823
5169425 294.053 294.054
5200535 645.781 645.784
5201645 869.141 869.159
5273305 585.181 585.183
5292100 981.312 981.353
5350850 53.9119 53.9185
5357600 611.256 611.257
5368375 509.323 509.324
5482950 12.4535 12.4591
5500260 102.154 102.162
5538805 61.6308 61.636
5554995 686.787 686.788
5597265 737.859 737.861
5625005 634.678 634.679
5645140 430.751 430.753
5688910 316.153 316.155
5777165 858.934 858.94
5795365 957.939 957.945
5824395 519.944 519.946
5845805 857.651 857.659
5865280 939.08 939.087
5937750 542.595 542.597
5947520 104.993 105.004
6012355 112.074 112.083
6029450 968.036 968.041
6074030 946.462 946.534
6084425 104.046 104.056
6198465 868.751 868.776
6201125 264.867 264.87
6249060 886.767 886.779
6293900 992.521 992.527
6298620 175.85 175.852
6412230 877.998 878.005
6444990 34.3102 34.3153
6448095 108.505 108.515
6505990 159.468 159.471
6521145 621.321 621.323
6558705 81.0366 81.0446
6574570 413.45 413.453
6611730 851.577 851.58
6612600 14.604 14.6099
6616790 67.306 67.3122
6643065 83.6422 83.6609
6726460 128.009 128.016
6737370 21.9098 21.9155
6749495 312.01 312.013
6795865 952.86 952.868
6866580 230.539 230.54
6884985 708.451 708.453
6932235 856.144 856.216
6943590 46.9869 47
6982785 16.8304 16.84
7008020 941.406 941.456
7077705 862.74 862.746
7120870 319.11 319.113
7146730 73.6593 73.665
7270865 954.949 954.957
7284670 952.107 952.114
7323380 742.484 742.486
7329670 908.348 908.355
7352210 40.0531 40.0598
7396045 90.713 90.7219
7411140 975.842 975.849
7419305 56.9819 56.989
7432745 882.771 882.778
7440130 890.338 890.345
7457955 855.136 855.142
7537150 60.9991 61.0058
7654055 71.913 71.936
7688430 827.913 827.915
7690625 914.422 914.428
7705565 127.12 127.128
7752610 120.248 120.258
7777315 179.618 179.62
7812645 905.116 905.123
7848405 972.106 972.113
7904675 218.504 218.506
7936540 792.587 792.589
8001335 872.607 872.613
8004605 549.045 549.047
8017700 599.164 599.165
8036860 92.2048 92.2136
8046540 57.5162 57.5233
8083685 525.742 525.743
8118430 87.1653 87.2107
8188170 500.349 500.352
8203855 70.385 70.3905
8235470 49.8409 49.8547
8280570 970.564 970.571
8281945 32.7466 32.7652
8392080 634.185 634.186
8471765 517.5 517.503
8516800 29.4757 29.5042
8601000 559.175 559.177
8646740 936.176 936.2
8770140 537.74 537.742
8807415 89.2767 89.3484
8819675 563.537 563.54
8824955 577.469 577.471
8826525 570.014 570.017
8906525 37.6828 37.7116
8921100 764.317 764.319
8930205 786.272 786.274
8969735 117.411 117.426
9014275 559.03 559.032
9016080 37.8491 37.8548
9047720 945.476 945.482
9049670 36.5851 36.5901
9074640 441.87 441.872
9083260 359.963 359.964
9120055 899.635 899.643
9150475 275.933 275.935
9154540 40.1677 40.1878
9254390 63.3758 63.3938
9288220 362.317 362.319
9408145 863.736 863.742
9424855 35.9197 35.9256
9454060 408.752 408.753
9504200 31.3233 31.3286
9507990 660.878 660.879
9531055 53.2839 53.2944
9618820 536.026 536.028
9643560 331.607 331.609
9705965 996.196 996.235
9706175 183.559 183.561
9736920 157.041 157.044
9747570 57.6715 57.6838
9779010 842.5 842.501
9811920 126.612 126.619
9817580 585.966 585.968
9876300 941.321 941.384
9903790 917.216 917.223
10033200 946.204 946.252
10043700 972.792 972.797
10045275 156.995 156.998
10204625 802.988 802.99
10214680 941.117 941.174
10228855 870.023 870.028
10259745 882.632 882.641
10271495 292.748 292.75
10271875 41.3391 41.3463
10272515 356.711 356.712
10287455 968.857 968.864
10354300 916.501 916.54
10369410 382.342 382.344
10378115 943.827 943.835
10409150 38.0363 38.0484
10417985 112.011 112.045
10438140 766.788 766.791
10449855 999.844 999.85
10482610 659.265 659.268
10490945 41.0479 41.0548
10511375 115.207 115.223
10518485 351.147 351.15
10628110 831.297 831.298
10633475 956.882 956.889
10646580 357.499 357.501
10666480 794.158 794.16
10717540 92.2863 92.2968
10736615 543.007 543.008
10739495 81.7999 81.8053
10824390 510.55 510.552
10834620 919.237 919.243
10847530 933.082 933.09
10984325 506.448 506.45
11022000 761.751 761.753
11028760 36.0794 36.0912
11098630 170.13 170.132
11099580 530.239 530.241
11152540 845.718 845.72
11172285 480.882 480.884
11192070 524.215 524.216
11209335 873.209 873.213
11244645 151.802 151.804
11263460 851.563 851.564
11328205 96.535 96.5929
11394810 25.0128 25.0183
11411595 740.446 740.447
11446840 20.7703 20.7773
11500325 854.832 854.84
11522135 995.515 995.523
11543660 875.583 875.59
11553940 949.776 949.781
11563330 827.239 827.241
11574625 103.886 103.914
11583375 109.977 109.992
11656485 977.253 977.278
11665660 977.571 977.687
11695965 656.424 656.425
11725535 298.325 298.327
11749180 737.637 737.639
11765435 43.907 43.9226
11817490 95.3056 95.3151
11832610 154.659 154.661
11997170 775.129 775.132
12019215 924.306 924.316
12073750 799.242 799.243
12078430 851.306 851.334
12100730 245.276 245.278
12102125 56.3728 56.3787
12143025 858.716 858.721
12158855 516.442 516.444
12204965 521.66 521.663
12212280 732.098 732.101
12279420 603.649 603.651
12356390 860.569 860.575
12384160 523.023 523.024
12386280 34.3268 34.3335
12388255 73.3314 73.3402
12407780 443.688 443.689
12420470 486.535 486.538
12441185 74.109 74.1146
12476255 868.392 868.898
12480370 85.324 85.3304
12485825 551.612 551.614
12486620 122.285 122.295
12493855 846.83 846.831
12516665 300.663 300.666
12571370 944.274 944.302
12575140 785.56 785.561
12591315 346 346.03
12592610 92.1264 92.1339
12593590 873.028 873.034
12607495 313.655 313.657
12724405 947.965 947.973
12745810 930.892 930.898
12790700 91.7576 91.7676
12824630 28.489 28.495
12829555 605.089 605.092
12920280 211.44 211.442
13009395 231.575 231.577
13035975 859.991 860.001
13039320 977.313 977.335
13076625 158.851 158.854
13147040 346 346.033
13201175 911.893 911.902
13333270 64.0544 64.062
13352245 911.249 911.48
13365070 986.38 986.447
13377845 988.935 988.941
13390640 40.0339 40.0428
13449840 90.6605 90.6728
13454460 926.992 926.998
13463655 92.7466 92.7539
13473725 71.8997 71.9056
13542785 472.043 472.045
13575980 860.974 860.98
13579140 237.434 237.436
13630715 346 346.027
13650035 717.577 717.579
13734005 52.806 52.8116
13747330 615.966 615.968
13756355 612.229 612.23
13872335 166.391 166.394
13900570 873.716 873.722
13904020 695.402 695.403
13939965 908.959 908.966
13969390 129.55 129.632
13988060 903.879 903.885
14002590 407.069 407.071
14046415 91.4449 91.4585
14062345 924.51 924.517
14062600 798.521 798.523
14084400 195.055 195.057
14098235 995.472 995.481
14122575 805.43 805.433
14236180 967.317 967.327
14338610 853.161 853.182
14410805 656.176 656.179
14435700 104.304 104.312
14439135 126.883 126.891
14455435 30.3915 30.3985
14535430 51.2248 51.2337
14545010 953.242 953.247
14548315 59.1398 59.1511
14563930 894.993 894.999
14583470 48.3979 48.4043
14604345 535.793 535.795
14609840 927.721 927.727
14612845 991.241 991.285
14632830 39.7531 39.7589
14675555 470.404 470.406
14705325 82.9624 82.9692
14803145 898.575 898.582
14822610 953.264 953.27
14835540 933.958 933.964
14850225 522.53 522.532
14877970 262.239 262.241
14893830 95.5079 95.5605
14928370 184.167 184.168
15033015 103.96 103.974
15045015 957.283 957.29
15056400 552.776 552.779
15064375 951.753 951.764
15074665 907.619 907.625
15079820 302.529 302.53
15116405 908.847 908.854
15196445 63.3644 63.397
15244145 91.0763 91.0879
15275965 930.939 930.946
15329755 49.3142 49.3206
15331890 855.511 855.517
15337535 38.9887 38.999
15369940 32.1191 32.1255
15383795 420.792 420.793
15398770 625.065 625.068
15433895 851.364 851.41
15444745 956.111 956.189
15447735 31.6877 31.762
15468310 981.779 981.785
15602985 900.471 900.478
15630810 922.481 922.489
15775205 763.192 763.195
15779760 80.8518 80.8749
15857285 479.764 479.767
15903370 189.503 189.505
15950810 58.4092 58.4146
15981385 59.6706 59.6793
15996715 72.1063 72.1121
15997980 33.2745 33.2806
16006140 50.4819 50.4925
16061410 55.0462 55.0522
16177210 30.6227 30.6357
16205840 920.372 920.379
16240630 547.603 547.606
16399210 50.3095 50.3199
16410065 128.678 128.685
16416925 280.549 280.55
16422925 34.3981 34.4073
16439245 11.6107 11.6178
16442065 870.883 870.889
16509840 918.307 918.314
16513765 955.692 955.698
16530115 864.308 864.314
16542830 853.965 853.971
16645745 975.903 975.909
16660640 902.789 902.795
16663860 915.687 915.695
16688150 980.993 981
16702620 858.872 858.878
16737570 42.1006 42.108
16753090 25.3038 25.3105
16774725 84.9388 84.9469
