#BlockHash TimeSend TimeReceve
257333 865.055 865.064
1147987 664 665.298
1290512 614.5 616.298
1338449 863.419 85.824
1557410 863.419 52.8298
1599600 581.5 583.297
1957062 697 698.298
2059404 482.5 484.297
3071531 251.5 253.298
3408958 383.5 385.298
3488454 532 533.298
3819857 433 434.298
3940642 499 500.298
4148858 863.382 862.218
4391532 647.5 649.298
4862819 317.5 319.298
4908166 863.419 139.89
5083169 863.419 19.4862
5135168 268 269.298
5330038 152.5 154.298
5554236 334 335.298
5630022 863.419 35.8035
5650673 878.268 884.759
6083571 863.419 863.922
7428638 301 302.298
7487825 863.419 68.6895
8124748 400 401.298
8430588 466 467.298
9711171 416.5 418.298
9935098 350.5 352.298
10103238 885.041 885.422
10200579 863.419 863.887
10571018 763 764.298
11095053 169 170.298
11295600 218.5 220.298
11971142 598 599.298
12418163 449.5 451.298
12596348 367 368.298
13377002 284.5 286.298
13426217 885.512 869.924
13503532 895 898.661
13660261 515.5 517.298
13685313 185.5 187.298
14166344 713.5 715.298
14267064 680.5 682.298
14304544 779.5 781.298
14487700 631 632.298
14655332 730 731.298
14881844 885.512 865.976
15013513 140.5 140.836
15074223 565 566.298
15239773 202 203.298
15480359 746.5 748.298
15712923 548.5 550.298
16254066 235 236.298
