#BlockHash TimeSend TimeReceve
109302 218.5 220.03
798514 897.067 896.713
853350 897.067 896.539
1007644 897.426 884.193
1351619 173.5 175.03
2230392 883.805 884.136
2516376 583 584.031
2636554 553 554.031
2948331 897.067 47.3383
3253836 302.5 304.03
3688984 897.067 80.3404
3701059 245.5 247.031
3930223 897.067 883.679
4784871 361 362.031
5203410 424 425.031
6517709 638.5 640.03
7314306 897.067 29.7301
7803689 896.293 896.294
7906876 883.805 176.118
8360596 392.5 394.03
8645451 452.5 454.03
9550940 897.374 897.122
9608588 897.067 96.5493
9657139 190 191.03
10409816 275.5 277.03
10606032 670 671.031
11054629 897.426 884.25
12331301 488.5 490.031
13022621 897.067 883.986
13277721 707.5 709.031
13781339 610 611.03
13823214 897.067 883.987
14438098 897.426 896.526
14530967 521.5 523.03
15230900 740.5 742.031
15302646 896.274 896.275
15546036 331 332.03
15579258 897.067 884.133
