#TxHash TimeSend TimeReceve
5905 114.399 114.519
33060 540.494 540.498
42245 23.7882 23.8045
102635 30.9226 30.9364
111650 845.962 846.32
118170 655.767 655.77
149860 856.477 856.635
168660 138.025 138.037
170480 86.9107 86.9233
188965 890.319 890.819
190310 596.63 596.634
234585 605.858 605.862
260185 223.004 223.007
318970 888.439 888.683
414170 667.483 667.487
467755 142.775 142.781
473355 882.3 882.325
489475 55.8708 55.8847
546800 250.254 250.258
558355 812.422 812.436
643565 486.761 486.764
645320 17.5609 17.5747
660350 114.863 114.951
716895 728.608 728.715
741875 836.596 836.611
848940 648.644 648.648
965880 114.988 115.026
974280 821.79 821.803
1023900 63.806 63.819
1032400 872.45 872.47
1033445 84.6805 84.6933
1044530 859.516 859.53
1061335 814.685 814.713
1064570 423.124 423.128
1074610 319.974 319.978
1113845 41.5588 41.5796
1188775 872.1 872.113
1272350 840.833 840.849
1282600 78.6229 78.6875
1290780 90.0645 90.1088
1338675 584.255 584.258
1352265 547.578 547.582
1360520 876.026 876.103
1437075 521.119 521.123
1449700 82.3779 82.3904
1496440 19.9073 19.9204
1523445 223.693 223.697
1573980 825.013 825.028
1579190 55.7487 55.7629
1579480 90.7966 90.843
1806030 432.143 432.146
1909990 13.5088 13.5237
1910105 793.36 793.374
2001520 127.834 128.05
2017705 21.0178 21.0308
2053375 838.258 838.274
2066080 882.969 883.406
2112325 71.2755 71.2882
2171795 557.683 557.687
2185210 849.701 849.713
2189385 115.835 115.904
2247540 67.0163 67.0304
2310625 27.5015 27.5171
2318755 809.501 809.515
2328775 766.758 766.768
2333020 18.1201 18.1323
2337540 747.345 747.348
2357160 308.337 308.34
2379775 325.843 325.846
2385725 57.3043 57.3195
2496265 231.5 231.504
2516835 82.9681 82.9816
2517350 364.354 364.358
2576590 528.503 528.507
2597890 879.718 879.731
2599025 661.714 661.718
2603120 343.976 343.98
2616905 432.807 432.811
2636595 245.348 245.351
2650755 849.496 849.515
2669315 531.943 531.947
2689965 356.24 356.244
2717405 128.524 128.535
2752570 145.266 145.277
2770315 780.036 780.059
2774395 843.126 843.139
2800885 98.956 98.9754
2845050 16.8089 16.8216
2886170 610.867 610.87
2908060 685.054 685.058
2937685 298.861 298.865
2983370 86.4396 86.453
2987755 123.6 123.782
3039825 62.1043 62.1228
3055955 650.325 650.328
3066830 669.447 669.45
3098390 898.773 899.378
3129315 58.1852 58.2076
3161930 291.602 291.606
3200090 90.5083 90.5388
3206355 148.765 148.914
3207350 742.566 742.569
3233405 282.719 282.723
3399190 731.203 731.206
3430225 635.843 635.847
3448185 123.598 123.656
3505805 37.6906 37.7059
3531495 881.177 881.585
3536875 276.674 276.678
3573035 49.9765 49.9895
3582770 219.909 219.912
3585840 95.4266 95.5128
3610245 838.501 838.516
3642650 206.91 206.914
3677635 856.502 856.601
3718325 887.252 887.548
3732480 430.335 430.339
3754645 88.642 88.7597
3766820 708.396 708.4
3771795 497.459 497.463
3778740 222.404 222.41
3796875 853.692 853.707
3809940 368.621 368.625
3897410 102.161 102.366
3912435 52.3573 52.3719
3933470 762.155 762.163
3974685 374.272 374.275
3982675 131.407 131.418
4051850 61.991 62.0032
4072355 50.5235 50.5384
4078420 66.2958 66.3085
4163065 506.061 506.065
4190365 889.751 889.889
4201095 796.663 796.674
4204505 21.7221 21.7341
4219930 31.5424 31.5574
4269095 42.2462 42.2586
4279365 716.427 716.431
4294460 336.049 336.052
4312540 217.11 217.113
4351360 560.694 560.697
4388660 491.639 491.646
4391740 262.042 262.046
4469485 803.202 803.216
4477810 575.382 575.385
4521580 383.01 383.014
4544550 120.161 120.292
4583075 818.938 818.951
4664490 367.944 367.948
4674620 847.1 847.638
4701170 513.798 513.802
4740075 843.683 843.698
4780480 272.547 272.55
4814655 422.364 422.368
4867695 117.423 117.608
4990655 359.578 359.581
5006095 862.72 862.733
5013200 98.9297 98.9448
5016505 734.451 734.455
5027565 874.293 874.307
5134235 251.433 251.436
5167695 821.542 821.589
5173480 760.224 760.233
5236870 418.847 418.85
5238060 52.7578 52.7701
5255020 58.2147 58.2292
5301090 133.099 133.111
5313005 753.865 753.868
5337610 707.403 707.406
5397615 784.829 784.846
5452560 66.1981 66.2127
5493885 525.969 525.973
5536450 330.149 330.153
5539530 109.207 109.425
5568730 750.501 750.504
5603285 882.847 882.938
5609840 434.072 434.077
5625510 292.248 292.252
5687025 453.9 453.903
5699515 241.589 241.592
5729860 167.7 167.703
5793395 255.421 255.424
5854775 114.132 114.197
5890310 828.675 828.688
5925945 44.3695 44.3848
5926380 187.993 187.997
6010855 52.9376 52.9503
6058465 742.527 742.53
6068460 879.121 879.136
6168935 801.697 801.71
6199120 350.954 350.958
6232335 788.765 788.78
6439615 128.081 128.129
6486030 61.1909 61.2047
6567265 42.7943 42.8169
6585985 353.35 353.354
6594560 82.7379 82.7518
6609340 876.934 877.059
6633950 106.553 106.739
6650850 527.121 527.124
6655580 859.456 859.474
6660510 128.553 128.563
6682000 106.225 106.278
6688935 795.144 795.159
6726735 623.445 623.449
6731780 561.571 561.574
6749530 801.503 801.518
6814095 303.973 303.977
6835350 876.809 876.933
6851060 347.346 347.35
6924765 58.3033 58.3177
6933550 237.754 237.758
6945150 405.86 405.864
6953865 775.346 775.366
7041660 833.975 833.99
7048020 803.179 803.197
7049340 87.9444 87.9593
7052545 137.239 137.252
7090790 140.11 140.121
7095710 44.5486 44.5614
7121610 482.17 482.174
7122740 36.9223 36.9414
7148820 54.3256 54.3437
7251710 170.205 170.209
7318235 105.669 105.885
7340645 644.728 644.732
7370210 870.801 870.852
7371590 539.233 539.236
7386005 164.865 164.869
7394660 380.592 380.596
7409905 779.151 779.174
7445530 580.666 580.669
7450050 775.493 775.518
7464195 870.669 870.689
7477890 819.028 819.044
7545450 191.786 191.79
7558605 126.793 127.085
7566540 257.84 257.843
7578685 842.852 842.867
7607865 376.789 376.792
7629060 881.328 881.402
7656770 799.671 799.685
7664030 756.745 756.754
7664330 20.4218 20.4347
7665235 90.6527 90.6654
7682645 83.7518 83.7758
7685370 635.094 635.097
7700705 58.1894 58.2127
7740100 553.125 553.153
7756490 162.618 162.621
7760730 795.893 795.918
7799535 831.44 831.453
7842795 110.043 110.193
7852630 758.877 758.888
7858520 304.256 304.26
7868100 177.249 177.254
7874680 787.736 787.754
7881835 47.8505 47.8649
7935980 837.581 837.594
7995785 209.644 209.648
8041765 262.567 262.57
8057810 817.783 817.798
8075600 833.314 833.33
8096645 113.32 113.391
8103740 29.7391 29.7583
8144890 799.767 799.782
8152860 115.91 115.927
8170525 807.174 807.201
8170875 483.955 483.958
8274395 67.5674 67.5811
8277305 869.386 869.442
8284215 841.656 841.669
8288490 782.787 782.809
8306245 30.4899 30.5086
8316545 606.12 606.124
8322220 527.156 527.159
8451085 136.255 136.468
8462315 890.536 890.607
8479620 785.996 786.36
8530770 146.705 146.785
8586280 858.651 858.664
8591965 797.484 797.506
8631300 295.603 295.606
8690830 407.765 407.769
8699630 98.7989 98.8823
8715405 847.876 848.008
8742145 850.233 850.246
8781925 406.221 406.225
8790440 570.537 570.541
8804685 88.5961 88.6091
8825780 530.871 530.876
8835350 259.303 259.307
8865325 74.4824 74.4951
8906750 785.673 785.688
8963490 631.476 631.48
8966435 17.7009 17.7231
8975140 856.366 856.496
8992035 835.62 835.634
9008580 710.086 710.09
9009915 102.518 102.532
9026415 392.026 392.033
9064330 804.332 804.345
9116995 823.279 823.295
9193090 136.379 136.389
9343895 139.67 139.976
9365645 135.334 135.503
9366725 146.515 146.523
9391590 829.261 829.275
9499640 726.422 726.426
9507995 607.517 607.521
9563735 721.245 721.248
9570745 767.471 767.479
9584355 103.735 103.939
9589335 78.6431 78.7145
9613100 799.194 799.208
9653180 793.846 793.853
9658045 277.188 277.191
9680310 791.524 791.59
9692605 444.866 444.87
9754855 670.732 670.736
9762610 170.954 170.958
9769565 303.2 303.203
9804830 256.327 256.331
9833880 434.442 434.445
9891720 86.6265 86.6406
9926750 485.146 485.15
9927055 758.386 758.396
9938825 632.727 632.73
9964860 155.697 155.707
10110275 233.258 233.261
10150080 274.866 274.869
10231225 48.7727 48.7863
10244545 35.1287 35.1415
10258205 535.716 535.719
10266785 665.167 665.171
10303430 640.373 640.377
10311140 17.1795 17.1914
10317640 16.2105 16.2334
10336305 210.229 210.233
10356575 131.68 131.835
10357785 256.282 256.286
10375785 721.968 721.972
10414140 221 221.022
10423310 874.728 874.742
10427695 66.1239 66.1366
10443070 101.256 101.281
10451485 875.835 875.849
10467295 48.1141 48.1389
10488565 125.341 125.396
10491540 536.763 536.767
10512945 379.931 379.935
10516685 798.741 798.757
10620200 443.642 443.646
10629365 77.6675 77.682
10668820 801.129 801.419
10669470 333.982 333.986
10670490 436.076 436.08
10716240 811.46 811.475
10770405 318.807 318.81
10792520 815.536 815.55
10844115 536.378 536.381
10853800 112.064 112.079
10864630 852.328 852.517
10865450 272.335 272.339
10869500 95.5655 95.5992
10883750 80.5392 80.5541
10893265 137.311 137.336
10943805 57.1789 57.1938
10962415 62.4361 62.5041
10972750 79.8159 79.8295
10995910 356.887 356.89
11019465 628.805 628.809
11037600 823.77 823.784
11061740 560.19 560.193
11063340 886.792 887.331
11147675 277.364 277.368
11180280 859.528 859.543
11205715 354.984 354.987
11207890 27.6088 27.6239
11233340 30.4836 30.5
11237045 432.52 432.524
11248915 89.535 89.549
11316380 68.6062 68.6194
11319975 58.1442 58.157
11320065 265.393 265.396
11324130 23.748 23.7616
11326190 147.196 147.206
11331110 70.8229 70.8377
11334815 691.836 691.84
11376505 95.7103 95.8254
11401130 890.892 890.937
11440915 834.948 834.962
11502075 645.686 645.69
11528705 808.363 808.376
11596190 760.878 760.887
11597725 792.005 792.013
11626895 738.356 738.359
11629875 173.224 173.228
11693370 285.312 285.316
11721295 20.2982 20.3126
11735920 326.606 326.61
11756855 14.5118 14.5269
11762755 780.892 780.919
11772455 874.787 874.802
11800905 94.2341 94.249
11805805 712.808 712.811
11912895 721.134 721.138
11980945 45.938 45.9526
12054285 486.028 486.035
12055975 614.265 614.269
12111765 562.189 562.193
12179120 782.374 782.39
12239650 859.028 859.055
12253735 591.039 591.042
12262775 351.804 351.808
12285135 856.955 857.299
12340085 117.364 117.382
12416605 803.825 803.84
12435200 84.3365 84.3681
12471235 829.941 829.958
12504015 856.197 856.288
12518515 149.401 149.407
12533725 71.5927 71.6074
12533900 793.685 793.736
12557310 717.966 717.969
12580460 29.3904 29.7497
12594210 889.785 890.007
12610900 804.094 804.108
12620425 98.0879 98.1008
12644825 63.4682 63.4882
12675325 705.259 705.263
12706940 192.905 192.909
12714865 179.701 179.704
12738850 341.288 341.292
12775685 25.6946 25.7093
12847960 104.982 104.999
12871215 61.7459 61.8359
12892650 28.1479 28.1637
12909220 753.317 753.327
12972405 760.898 760.907
12997275 280.968 280.972
13032355 660.742 660.746
13035195 878.317 878.33
13089910 127.43 127.478
13106010 299.48 299.484
13182080 103.2 103.217
13200080 55.4719 55.4846
13204265 836.712 836.735
13213655 279.751 279.755
13249175 825.507 825.523
13265445 812.614 812.634
13271625 861.717 861.731
13318270 90.0134 90.0643
13422425 885.768 885.894
13438185 765.227 765.236
13439190 71.2285 71.2415
13513090 403.298 403.301
13520435 862.93 862.942
13538730 608.972 608.975
13542535 627.436 627.44
13549120 847.927 848.329
13606170 490.789 490.792
13609725 116.505 116.665
13629025 12.4937 12.5206
13662715 565.868 565.871
13664145 828.332 828.348
13703505 391.129 391.132
13747220 872.856 872.871
13752040 890.986 891.048
13762650 675.605 675.608
13776860 135.993 136.005
13788405 133.795 133.818
13799790 457.289 457.293
13817900 135.086 135.096
13869990 871.357 871.583
13877960 31.1633 31.1908
13883025 814.005 814.018
13887915 342.23 342.234
13919155 804.573 804.585
13983445 19.8647 19.8795
13997210 219.259 219.263
14002805 896.393 896.865
14031335 256.539 256.543
14058360 97.7345 97.7475
14234615 539.698 539.702
14235755 284.739 284.743
14244795 859.924 859.937
14252765 56.3584 56.3745
14330635 821.683 821.695
14396400 82.4274 82.4412
14412860 816.184 816.32
14458795 142.571 142.579
14479615 890.036 890.128
14488190 97.0834 97.1234
14494690 677.923 677.926
14537705 631.64 631.644
14645760 41.1444 41.1563
14663090 274.678 274.682
14675665 774.523 774.543
14681650 21.6662 21.681
14699385 134.038 134.048
14723310 241.245 241.248
14795445 810.063 810.077
14827175 129.079 129.127
14842325 872.989 873.002
14946375 135.629 135.643
14952595 404.057 404.061
15035145 465.937 465.941
15051170 82.0375 82.0525
15062700 427.931 427.934
15089305 852.078 852.228
15092795 115.688 115.703
15102935 604.9 604.904
15146120 215.089 215.093
15161760 449.541 449.544
15180490 206.405 206.408
15246775 739.364 739.369
15275790 890.252 890.421
15284490 742.389 742.393
15304660 844.722 844.748
15351920 728.317 728.321
15371020 375.083 375.089
15373745 365.489 365.492
15421850 800.805 800.827
15502645 78.0231 78.0451
15511040 801.342 801.383
15540805 197.97 197.973
15577545 874.496 874.509
15660210 244.435 244.439
15732935 111.501 111.92
15798475 719.695 719.698
15804390 349.507 349.511
15840385 434.322 434.326
15980615 22.3439 22.3664
15985375 79.525 79.5727
16032895 836.829 836.842
16050940 801.427 801.474
16054310 801.805 801.826
16059655 804.82 804.837
16070145 69.8172 69.8314
16072230 600.298 600.303
16099650 134.214 134.267
16118795 716.676 716.679
16127985 517.327 517.331
16146615 95.6996 95.9944
16211720 21.6933 21.7063
16238625 75.8591 75.8725
16252610 824.912 824.926
16259345 658.339 658.343
16260265 158.207 158.211
16260700 818.315 818.33
16297700 782.536 782.551
16331210 555.259 555.263
16383015 311.083 311.087
16400720 683.915 683.919
16407255 124.727 124.773
16457055 83.4564 83.4714
16502020 202.556 202.56
16525690 24.1977 24.2106
16531395 83.9484 83.9617
16538750 19.9098 19.9329
16539910 510.738 510.741
16572775 127.8 128.099
16629140 825.389 825.401
16700035 69.4476 69.4641
16752030 148.938 148.949
16769300 345.139 345.142
