#TxHash TimeSend TimeReceve
117355 527.408 527.415
282445 476.232 476.233
291450 367.613 367.614
324970 540.287 540.374
331405 519.942 519.952
463815 539.737 539.743
512410 123.655 123.656
523175 163.841 163.843
548065 164.46 164.461
592950 136.104 136.106
620060 75.2781 75.2856
666230 111.419 111.421
682760 571.916 571.92
753635 114.709 114.709
814590 21.2287 21.2326
944305 235.812 235.813
971145 598.37 598.375
1029965 568.74 568.744
1093570 339.614 339.616
1116320 387.066 387.067
1164485 566.414 566.425
1266420 234.231 234.231
1574430 317.091 317.092
1651580 39.7001 39.7043
1653835 371.959 371.96
1685100 560.423 560.43
1794170 86.1932 86.3378
1931005 345.77 345.772
1957645 204.682 204.683
2149150 130.309 130.311
2204500 558.605 558.616
2250525 304.56 304.562
2278610 32.4042 32.4107
2383795 517.779 517.786
2412130 19.015 19.0254
2433215 38.6035 38.6089
2452825 449.232 449.233
2521455 572.512 572.517
2586235 42.822 42.8279
2592865 531.454 531.465
2604885 30.654 30.6587
2662305 566.196 566.229
2685600 359.24 359.241
2689305 427.296 427.297
2740640 599.823 599.831
2785305 516.034 516.044
2853170 338.347 338.349
2935005 421.12 421.122
2941605 371.568 371.569
2971590 525.034 525.046
3007310 587.427 587.431
3123770 267.134 267.136
3184425 511.498 511.504
3256035 64.9175 64.9238
3298525 266.376 266.378
3381190 163.106 163.108
3443135 52.9198 52.9455
3461800 308.468 308.468
3577240 535.29 535.296
3604555 164.26 164.26
3833170 51.0966 51.1018
3929190 536.635 536.64
4171500 488.219 488.221
4224850 455.306 455.307
4238195 63.9952 64.0017
4296060 592.766 592.773
4522970 157.675 157.677
4588460 64.6704 64.6768
4597805 367.792 367.792
4601375 480.574 480.575
4684025 511.217 511.221
4718145 527.138 527.145
4843375 34.4937 34.4993
4851545 18.8743 18.8788
4854115 372.541 372.543
4980785 77.7493 77.7563
5021720 248.639 248.641
5061180 266.661 266.662
5077170 524.893 524.899
5101870 343.982 343.982
5127415 594.745 594.75
5196785 92.0235 92.3115
5196945 185.312 185.313
5205360 432.71 432.711
5222745 16.8992 16.9039
5224195 246.022 246.023
5296555 524.094 524.107
5501235 560.078 560.099
5516275 419.973 419.975
5540430 21.7399 21.7473
5668145 308.562 308.564
5694135 480.593 480.594
5710650 246.763 246.764
6105160 207.572 207.573
6123290 481.574 481.576
6147310 22.8015 22.8061
6193885 94.8166 95.0964
6260065 393.629 393.631
6345625 88.7235 88.7284
6363535 72.1334 72.1443
6416215 575.279 575.286
6648960 96.4049 96.4088
6678080 511.761 511.767
6756190 552.421 552.428
6776835 585.782 585.795
6841270 42.541 42.5494
6940470 75.2806 75.2891
6980180 32.2834 32.2884
7038625 36.1539 36.1756
7079495 376.326 376.327
7196245 559.69 559.695
7206095 50.953 50.9586
7226025 479.089 479.089
7240800 581.725 581.731
7359185 48.25 48.2549
7412990 92.1375 92.1447
7428880 260.953 260.955
7452890 157.713 157.713
7469975 425.831 425.832
7494630 68.1182 68.1254
7538930 435.576 435.577
7592860 78.6361 78.6482
7751145 55.6624 55.6683
7799085 325.167 325.169
7829745 119.07 119.072
7842690 224.619 224.621
7902710 312.666 312.666
7934170 561.468 561.474
8017080 131.302 131.303
8055035 201.528 201.53
8087225 407.832 407.834
8158440 24.0483 24.054
8210190 13.4536 13.4594
8245840 38.0646 38.0685
8249270 315.561 315.562
8284725 558.603 558.611
8298550 533.207 533.212
8303335 119.178 119.178
8338160 145.907 145.909
8383855 525.141 525.146
8415920 576.357 576.38
8436955 595.221 595.228
8504055 140.495 140.497
8688680 287.167 287.168
8699330 279.139 279.139
8855860 503.08 503.083
8893880 518.459 518.464
9091800 193.435 193.436
9204150 560.993 561.01
9210195 545.962 545.966
9359050 132.656 132.656
9437830 219.012 219.013
9461990 583.292 583.297
9483995 256.36 256.36
9519325 421.713 421.715
9605130 574.579 574.582
9679305 482.744 482.746
9679970 484.248 484.248
9732645 527.245 527.25
9749875 456.116 456.117
9765365 203.155 203.157
9955885 343.13 343.132
10068640 325.864 325.865
10072810 596 596.199
10074145 167.799 167.8
10212705 80.9133 81.2053
10216085 418.182 418.184
10241345 583.554 583.562
10333040 146.368 146.369
10344320 359.448 359.45
10384990 197.063 197.064
10451070 238.308 238.31
10496505 137.271 137.273
10513120 278.176 278.177
10515980 27.0314 27.0358
10570890 282.926 282.928
10648430 236.255 236.256
10724585 371.686 371.688
10787590 171.369 171.371
10906940 72.6611 72.6682
10934370 550.699 550.703
10955680 566.738 566.742
10961075 324.434 324.434
11061320 78.3647 78.3722
11065450 595.186 595.194
11146460 199.676 199.677
11150540 63.576 63.5799
11220980 108.653 108.655
11301665 314.556 314.556
11305175 87.9673 87.976
11362005 466.004 466.004
11370075 599.437 599.442
11522005 560.529 560.558
11569890 564.919 564.927
11643500 141.46 141.461
11752840 314.831 314.833
11834665 82.425 82.489
11905610 34.2723 34.2781
11935170 355.124 355.125
11959030 370.572 370.574
11995245 568.595 568.602
12015145 68.4251 68.4346
12058700 274.402 274.404
12073955 116.941 116.942
12077275 23.6587 23.6644
12077585 56.4639 56.4708
12191260 49.0938 49.1005
12504540 585.18 585.183
12547805 205.451 205.453
12562050 83.8491 83.8929
12592035 21.2041 21.2114
12597610 31.52 31.5247
12790840 394.231 394.233
12863135 65.7841 65.7897
12963025 62.2741 62.2787
12992835 140.732 140.734
12995200 485.181 485.182
13001505 230.474 230.475
13048240 574.06 574.065
13114835 443.388 443.389
13264715 511.643 511.65
13279240 270.565 270.566
13297210 556.092 556.111
13364375 92.1508 92.3178
13473980 579.7 579.704
13588270 327.415 327.417
13633235 558.44 558.444
13716380 403.56 403.561
13796395 95.6216 95.7613
13936740 528.448 528.453
14023870 545.051 545.056
14101580 24.1031 24.1112
14102185 252.565 252.567
14136035 198.011 198.011
14176735 300.99 300.992
14255430 46.2219 46.228
14272985 532.555 532.559
14300450 316.298 316.3
14357800 92.5986 92.607
14453510 197.567 197.568
14505480 34.5808 34.5896
14521690 424.088 424.09
14545125 196.095 196.096
14645115 544.243 544.248
14668150 479.556 479.557
14681430 538.809 538.815
14733635 588.931 588.938
14771730 357.91 357.912
14906075 599.127 599.17
15106515 92.4169 92.4906
15153155 37.5538 37.5587
15268810 61.3526 61.3577
15274000 590.203 590.215
15288255 578.711 578.716
15356550 274.347 274.348
15394510 595.232 595.238
15458550 551.414 551.421
15577850 22.7494 22.7542
15598270 256.659 256.661
15661750 574.491 574.497
15704780 219.378 219.379
15729735 148.537 148.537
15811310 496.865 496.865
15845580 241.112 241.113
15862050 586.142 586.161
15866345 311.261 311.263
15878145 558.863 558.867
15992610 278.915 278.916
16062210 535.812 535.825
16078535 587.607 587.615
16122820 228.851 228.852
16162380 32.9815 32.9857
16235615 103.868 103.872
16321915 589.049 589.058
16377125 152.273 152.274
16443900 575.6 575.603
16454015 508.244 508.246
16539785 333.711 333.713
16655455 527.31 527.317
16694500 503.65 503.65
16709700 75.4074 75.4155
16718020 37.0571 37.2043
