3930223 9469317 2.04967
3930223 7336498 2.04967
3930223 4943971 2.04967
3930223 2553488 2.04967
3930223 2639386 2.04967
3930223 14141869 2.04967
3930223 15944700 2.04967
3930223 10407183 2.04967
3930223 12210014 2.04967
3930223 3368504 2.04967
3930223 15231966 2.04967
3930223 1565801 2.04967
3930223 10579836 2.04967
3930223 13429135 2.04967
3930223 8777005 2.04967
3930223 11696427 2.04967
3930223 10103964 2.04967
3930223 4522150 2.04967
3930223 12226321 2.04967
3930223 10358080 2.04967
3930223 15961011 2.04967
3930223 14092770 2.04967
3930223 6168708 2.04967
3930223 8037077 2.04967
3930223 8727906 2.04967
3930223 10596147 2.04967
3930223 13380032 2.04967
3930223 15248273 2.04967
3930223 1511610 2.04967
3930223 15245069 2.04967
3930223 13376860 2.04967
3930223 10591151 2.04967
3930223 8722942 2.04967
3930223 798872 2.04967
3930223 2667209 2.04967
3930223 14105982 2.04967
3930223 15974191 2.04967
3930223 10369500 2.04967
3930223 12237709 2.04967
15230900 14414898 1.56822
15230900 1291164 2.43389
15230900 15246775 2.6653
15230900 7532086 2.69939
15230900 7373899 2.76816
15230900 3110144 2.774
15230900 9729043 2.92313
15230900 14709702 2.96254
15230900 7157467 2.96593
15230900 11626895 3.67342
15230900 8117888 4.03973
15230900 741005 5.15245
15230900 11405004 5.76692
15230900 4924458 6.40708
15230900 4662748 6.56736
15230900 899778 6.99687
15230900 6368898 7.07398
15230900 14132433 7.37299
15230900 5016505 7.57872
15230900 14918274 8.1221
15230900 11042958 8.60892
15230900 1856926 8.93016
15230900 11547774 9.47871
15230900 7726046 9.77416
15230900 11307698 9.85345
15230900 6952007 10.1743
15230900 3399190 10.8269
15230900 9949576 11.4518
15230900 3269476 11.9213
15230900 127271 12.0596
15230900 2536303 12.1246
15230900 5500493 12.169
15230900 640239 12.2429
15230900 12338312 12.4267
15230900 2765746 12.8831
15230900 15632131 13.2989
15230900 15351920 13.7127
15230900 6095887 13.8402
15230900 13385796 14.6715
15230900 8491009 14.6776
15230900 13970797 14.9497
15230900 16599017 15.2206
15230900 9484973 15.381
15230900 9499640 15.6072
15230900 6068619 17.8095
15230900 6170348 18.0453
15230900 571749 18.1175
15230900 8322133 18.4099
15230900 16541371 19.2831
15230900 10375785 20.0615
15230900 9563735 20.7847
15230900 11912895 20.8953
15230900 3895907 21.2055
15230900 8948757 21.8901
15230900 15798475 22.3345
15230900 12557310 24.0635
15230900 9506374 24.4921
15230900 7465614 24.6483
15230900 1589195 24.7733
15230900 12997056 25.0611
15230900 16118795 25.3535
15230900 4279365 25.6025
15230900 15990678 26.2162
15230900 4539636 26.5938
15230900 9083952 27.0599
15230900 670788 27.5403
15230900 4939689 27.6613
15230900 13573651 28.7557
15230900 11805805 29.2217
15230900 15979398 29.6126
15230900 8946984 29.7827
15230900 2914011 30.0579
15230900 5024355 30.6735
15230900 12728281 31.9023
15230900 9008580 31.9433
15230900 290433 32.0351
15230900 4127183 32.8399
15230900 3766820 33.6333
15230900 6436463 33.8022
109302 2879337 1.70063
109302 9446911 1.79045
109302 1569184 1.99603
109302 13982664 2.27144
109302 4312540 2.91964
109302 9623241 3.60936
109302 3826296 4.89912
109302 15146120 4.94095
109302 2443453 5.18789
109302 13676671 5.3638
109302 13323003 6.8226
109302 3996118 7.39843
109302 4892018 7.63056
109302 11005106 8.80899
109302 16277925 8.81819
109302 3229263 9.39771
109302 8615235 9.46737
109302 10336305 9.80052
109302 5949633 10.2645
109302 7995785 10.3852
109302 12764074 10.5704
109302 14920887 11.4248
109302 8228798 11.6593
109302 6445896 12.1351
109302 4816873 12.67
109302 3642650 13.1196
109302 15180490 13.6247
109302 16583064 14.0903
109302 11408621 14.5647
109302 3250897 15.1842
109302 1686835 15.4213
109302 13402603 15.7496
109302 37719 16.4072
109302 16502020 17.4731
109302 16387644 17.6436
109302 2065973 17.87
109302 472362 18.6098
109302 14372182 19.156
109302 12401930 19.2707
109302 1980077 19.5111
109302 4821527 20.3248
109302 7979251 20.8734
109302 7625571 21.1767
109302 16118946 21.9875
109302 15540805 22.0597
109302 13069607 22.2154
109302 11847291 22.4014
109302 8797227 22.8579
109302 12740849 22.9893
109302 4076036 23.1573
109302 8439509 23.5263
109302 15600399 23.6324
109302 2166953 23.7594
109302 11853066 23.7924
109302 13478884 23.9406
109302 13917944 24.7576
109302 16498293 25.7154
109302 16563418 26.8933
109302 12953524 26.9847
109302 12706940 27.1246
109302 10080307 28.1081
109302 7545450 28.2433
109302 11537353 29.1977
109302 12157234 29.5634
109302 1301931 29.7371
109302 5601236 30.2738
109302 5805161 30.5142
109302 5138537 30.6191
109302 114665 30.8903
109302 11603034 31.5623
109302 5926380 32.0363
109302 4034611 32.1015
109302 11469143 32.2349
109302 14615432 33.4215
109302 4037967 33.5152
109302 7799414 34.2459
109302 15330605 34.9424
9657139 3342546 6.1134
9657139 16241104 6.22688
9657139 11808703 6.3814
9657139 12375849 6.88814
9657139 6677301 7.51779
9657139 9941316 7.74108
9657139 12563219 7.97683
9657139 10620683 9.3586
9657139 14686083 9.45396
9657139 12538438 9.83419
9657139 107917 10.2982
9657139 13039538 10.7737
9657139 3117863 10.935
9657139 8419897 10.9536
9657139 15648174 11.0233
9657139 4238732 11.0733
9657139 12714865 11.3284
9657139 1580271 11.611
9657139 9536034 11.6734
9657139 10170979 11.7649
9657139 12592768 12.4925
9657139 4065434 12.5654
9657139 6865346 12.8471
9657139 7868100 13.7799
9657139 4196694 14.0172
9657139 6614556 15.5217
9657139 11222689 16.1383
9657139 13890367 16.5833
9657139 15453306 16.7053
9657139 3965054 16.8937
9657139 12613982 17.0551
9657139 5446517 17.5665
9657139 11629875 17.8057
9657139 4731129 18.602
9657139 4630916 19.4752
9657139 6749619 19.8346
9657139 9762610 20.0752
9657139 7251710 20.8241
9657139 5606371 21.2879
9657139 16021914 21.9026
9657139 9315519 22.1151
9657139 12753001 22.5659
9657139 5729860 23.3296
9657139 8954652 23.4858
9657139 5754508 23.6492
9657139 2473667 23.9254
9657139 241149 24.4035
9657139 5714718 25.0625
9657139 12915714 25.8511
9657139 7679080 25.9553
9657139 7386005 26.1647
9657139 8731063 26.8794
9657139 2652663 28.04
9657139 7756490 28.4117
9657139 13974935 28.6314
9657139 5003357 29.2108
9657139 9806241 29.2423
9657139 10867681 29.6843
9657139 6410342 29.9439
9657139 16326796 30.8809
9657139 11491009 31.2142
9657139 9848799 31.3474
9657139 16260265 32.8219
9657139 13759633 33.8184
9657139 6101298 34.4096
9657139 5515466 34.4635
9657139 6408613 34.9235
9657139 9418314 35.094
9657139 2401868 35.1297
9657139 9145043 35.1456
9657139 12307136 35.228
9657139 13157854 35.3187
9657139 9964860 35.3318
9657139 3910818 35.4332
9657139 2184455 35.7001
9657139 6520387 37.1234
9657139 6579418 37.6747
9657139 5798992 38.1882
9657139 179154 38.2614
9657139 9828389 38.3795
9657139 5909942 38.4197
9657139 8897823 38.4536
9657139 14499948 38.6857
9657139 8691513 39.4241
9657139 4028668 39.4273
9657139 10941192 40.3587
9657139 4159826 40.7315
9657139 10195317 41.3601
9657139 12518515 41.6279
9657139 16619041 41.8122
9657139 16752030 42.0911
9657139 3206355 42.2643
9657139 7940536 42.9466
9657139 11485127 43.1624
9657139 6661778 43.307
9657139 11326190 43.8333
9657139 9411349 43.8549
9657139 1349519 44.1272
9657139 8530770 44.3239
9657139 2073915 44.9295
9657139 2251732 45.0672
9657139 14741238 45.3076
9657139 3623519 45.6623
9657139 8706921 45.7634
9657139 9681783 45.7753
9657139 15261973 45.8012
9657139 8195089 46.2743
9657139 6605057 46.317
9657139 5485042 46.3561
9657139 10132791 46.6607
9657139 13884354 46.6732
9657139 13291998 47.028
9657139 10955530 47.0428
9657139 10790886 47.0968
9657139 10479917 47.2484
9657139 7166113 47.5597
9657139 11381404 47.6816
9657139 5645187 47.6955
9657139 11041091 48.0581
9657139 14489112 48.1132
1351619 467755 33.4476
1351619 14458795 33.6513
1351619 5777863 33.9113
1351619 12816782 34.0414
1351619 1396508 34.2361
1351619 13145436 35.6889
1351619 2148043 35.8525
1351619 7090790 36.112
1351619 15712927 36.3964
1351619 5098607 36.4658
1351619 9343895 36.5524
1351619 10417228 36.5938
1351619 720061 37.2616
1351619 6739411 37.3501
1351619 574509 37.9757
1351619 168660 38.1976
1351619 10893265 38.9112
1351619 7052545 38.9837
1351619 5051237 39.0197
1351619 9006154 39.0812
1351619 7740232 39.1178
1351619 4356697 39.2132
1351619 15879596 39.2487
1351619 13773131 39.661
1351619 1722259 39.8063
1351619 9193090 39.8428
1351619 5909138 39.8916
1351619 8451085 39.9676
1351619 13776860 40.2291
1351619 4836582 40.3837
1351619 12588256 40.4012
1351619 14946375 40.5932
1351619 6274938 40.7232
1351619 9365645 40.8884
1351619 2711234 40.9751
1351619 10755819 41.1226
1351619 13817900 41.1363
1351619 16584403 41.3898
1351619 1436257 41.4471
1351619 3274998 41.4935
1351619 15816149 41.8608
1351619 4263866 41.9335
1351619 16099650 42.0082
1351619 4750404 42.0103
1351619 14699385 42.1843
1351619 9455772 42.2461
1351619 13105198 42.4149
1351619 15158384 42.4252
1351619 13788405 42.4271
1351619 11834194 42.5671
1351619 4583257 42.6634
1351619 13478189 42.6906
1351619 5301090 43.1229
1351619 3625307 43.1569
1351619 14160329 43.4079
1351619 3064445 43.4504
1351619 195173 43.5644
1351619 13800014 43.5678
1351619 4026973 43.5715
1351619 5952044 43.5879
1351619 4641296 44.0495
1351619 6979307 44.2265
1351619 14527928 44.3103
1351619 10356575 44.5426
1351619 9558152 44.5443
1351619 3694678 44.5784
1351619 3982675 44.8155
1351619 10407428 44.8898
1351619 10518926 44.9221
1351619 12797308 45.1466
1351619 12405916 45.2144
1351619 3820944 45.4743
1351619 15998311 45.5069
1351619 3503426 45.9945
1351619 10947918 45.9947
1351619 13771167 46.024
1351619 16027287 46.1057
1351619 773108 46.2523
1351619 1109667 46.4829
1351619 15731162 46.5182
1351619 6295887 46.6139
1351619 11040329 46.9676
1351619 8425343 47.1312
1351619 14827175 47.1431
1351619 3909796 47.4471
1351619 9044189 47.6503
1351619 6660510 47.6696
1351619 2717405 47.6982
1351619 6439615 48.1408
1351619 14336196 48.154
1351619 14600893 48.3079
1351619 2001520 48.3884
1351619 2595656 48.4152
1351619 16572775 48.4221
1351619 12112817 48.4274
1351619 10357084 48.676
1351619 13089910 48.7918
1351619 2214891 49.3044
1351619 7558605 49.4288
1351619 4295589 49.5547
1351619 4800217 49.5821
1351619 9542398 49.6056
1351619 2920379 49.6345
1351619 954456 49.642
1351619 13320137 49.6726
1351619 15303596 50.1948
1351619 5198201 50.2165
1351619 6624387 50.3368
1351619 3064435 50.6535
1351619 10488565 50.8816
1351619 5182347 50.9089
1351619 2429737 50.9584
1351619 2213549 51.1118
1351619 7962741 51.2819
1351619 16407255 51.4952
1351619 4316806 51.6873
1351619 254137 51.7431
1351619 12765214 51.8842
1351619 15990334 51.9773
1351619 8088913 52.1577
7906876 2987755 52.6218
7906876 3448185 52.624
7906876 16348516 52.6678
7906876 15029324 52.8629
7906876 6655287 52.8944
7906876 9678298 53.0249
7906876 12774783 53.6171
7906876 13429806 54.0261
7906876 9168954 54.0776
7906876 5233496 54.3678
7906876 5843561 54.463
7906876 12203509 54.5877
7906876 11743388 54.7709
7906876 15090747 54.8329
7906876 9860789 55.2401
7906876 10065426 55.3112
7906876 8011426 55.4042
7906876 6037882 55.4834
7906876 2831392 55.5911
7906876 7165868 55.6436
7906876 4544550 56.0614
7906876 15235409 56.3587
7906876 9419681 56.4028
7906876 11995622 56.536
7906876 449823 57.136
7906876 4046598 57.2347
7906876 15602837 57.5178
7906876 13263067 57.579
7906876 16407378 57.7982
7906876 15920517 58.3469
7906876 15111999 58.7356
7906876 4867695 58.7996
7906876 12340085 58.8578
7906876 10302046 58.9312
7906876 13074657 59.1124
7906876 3217836 59.6408
7906876 13609725 59.7177
7906876 194051 59.7792
7906876 264669 59.8212
7906876 3827162 59.8949
7906876 11735804 60.0895
7906876 2646607 60.2543
7906876 8152860 60.3118
7906876 9019643 60.3841
7906876 2189385 60.3876
7906876 15092795 60.5347
7906876 6656111 60.7559
7906876 965880 61.2338
7906876 14754079 61.2574
7906876 1761202 61.3285
7906876 660350 61.3595
7906876 15653195 61.5064
7906876 4675132 61.5721
7906876 13596062 61.7573
7906876 5905 61.8228
7906876 12626361 61.8276
7906876 3704266 61.8465
7906876 16546237 61.9109
7906876 12834157 61.9743
7906876 5760412 62.0591
7906876 5854775 62.0902
7906876 11591908 62.1184
7906876 3977094 62.3503
7906876 10503939 62.6123
7906876 3728154 62.7964
7906876 16610247 62.8023
7906876 11120858 62.8099
7906876 8096645 62.9027
7906876 16473332 63.0384
7906876 2541442 63.0767
7906876 14353148 63.4288
7906876 7926964 63.4292
7906876 7488747 63.4439
7906876 15627362 63.5688
7906876 2580746 63.7542
7906876 2034254 63.8528
7906876 10440078 64.1437
7906876 10853800 64.1585
7906876 4795974 64.6811
7906876 15732935 64.7212
7906876 7259176 65.2685
7906876 7842795 66.1792
7906876 16243092 66.4377
7906876 4092054 66.4709
7906876 15547557 66.8592
7906876 5539530 67.0153
7906876 14794472 67.3359
7906876 13240256 67.4912
7906876 12868132 67.6867
7906876 6994676 67.7294
7906876 7471808 67.749
7906876 1005152 67.7831
7906876 4491972 67.8611
7906876 4631725 68.3438
7906876 2846227 68.7649
7906876 5324139 68.9597
7906876 6719061 68.9918
7906876 16146615 80.5227
7906876 5542958 167.966
7906876 15456367 168.906
7906876 13382635 169.027
7906876 16628711 169.308
7906876 4778603 170.222
13022621 10396501 7.57039
13022621 9466368 7.76301
13022621 2141503 7.88561
13022621 604143 8.03022
13022621 6633950 8.1265
13022621 8020085 8.2474
13022621 16673488 8.35232
13022621 1683871 8.44115
13022621 6682000 8.45482
13022621 5775974 8.61783
13022621 16607500 8.63667
13022621 12753258 8.77871
13022621 2292382 8.87818
13022621 7318235 9.01037
13022621 7300888 9.08239
13022621 15028295 9.10362
13022621 8314666 9.25817
13022621 12847960 9.69696
13022621 5965494 9.72026
13022621 4992766 10.0031
13022621 10206113 10.0131
13022621 13683219 10.0744
13022621 11860001 10.7465
13022621 11616306 10.8093
13022621 15452229 10.8237
13022621 7528594 10.8405
13022621 11622356 10.8412
13022621 14553659 10.892
13022621 9584355 10.9444
13022621 14199573 10.9544
13022621 13182080 11.4791
13022621 8266263 11.5881
13022621 2704587 11.9661
13022621 2350333 12.0082
13022621 9896257 12.0911
13022621 4863637 12.1035
13022621 9009915 12.1614
13022621 12515769 12.3013
13022621 14978188 12.3603
13022621 10578646 12.4199
13022621 3897410 12.5186
13022621 4649912 12.7759
13022621 12791561 12.929
13022621 9576754 13.2286
13022621 10443070 13.423
13022621 2805888 13.4543
13022621 15035984 13.5142
13022621 7490939 14.6428
13022621 9670487 15.3567
13022621 8646488 15.3873
13022621 3455561 15.4858
13022621 13882048 15.5312
13022621 2800885 15.7235
13022621 5013200 15.7498
13022621 7840631 15.8154
13022621 7544439 15.868
13022621 8699630 15.8805
13022621 2582168 16.2487
13022621 10953896 16.2518
13022621 14801721 16.5764
13022621 12620425 16.5915
13022621 11346935 16.6444
13022621 325613 16.8259
13022621 2009118 16.8538
13022621 14058360 16.945
13022621 5111901 17.1128
13022621 8811662 17.3691
13022621 14488190 17.596
13022621 287437 17.8912
13022621 2814192 17.9897
13022621 313758 18.079
13022621 8801417 18.2234
13022621 14951197 18.2562
13022621 1162059 18.4167
13022621 7724451 18.6823
13022621 8819676 18.7539
13022621 9527292 18.8464
13022621 11376505 18.9691
13022621 1001121 19.0097
13022621 10869500 19.1139
13022621 12346334 19.1731
13022621 15458217 19.1833
13022621 13545528 19.2439
13022621 3585840 19.2528
13022621 4296962 19.315
13022621 11893052 19.6967
13022621 13644062 19.7371
13022621 5495693 19.7839
13022621 12101039 19.8287
13022621 654878 19.8994
13022621 28803 20.0562
13022621 2355577 20.0762
13022621 12817337 20.1252
13022621 16385016 20.1832
13022621 15750314 20.1862
13022621 10538574 20.3171
13022621 1828043 20.3912
13022621 11800905 20.4453
13022621 5638566 20.4806
13022621 9263433 20.5744
13022621 13345196 20.7104
13022621 11889542 20.7176
13022621 6078713 20.8292
13022621 10109897 20.8444
13022621 10372769 20.8546
13022621 4093018 21.0191
13022621 9257579 21.2187
13022621 6836579 21.3608
13022621 1391778 21.775
13022621 13332499 22.4628
13022621 7834222 22.8317
13022621 531716 22.8956
13022621 1553553 23.1677
13022621 10580068 23.3835
13022621 13841019 23.5362
13022621 3154 23.69
13022621 11252722 23.8639
13022621 1579480 23.8828
13022621 5682283 23.9208
13022621 7665235 24.0267
15579258 9280474 3.22616
15579258 5872756 3.45128
15579258 1501927 3.50707
15579258 6548441 4.07937
15579258 2806354 4.08639
15579258 9653822 4.27782
15579258 8534468 4.34184
15579258 11892969 4.37773
15579258 4335682 4.754
15579258 4790636 4.85877
15579258 6924765 5.03597
15579258 7028324 5.10594
15579258 5255020 5.12459
15579258 7700705 5.14989
15579258 3129315 5.15404
15579258 11319975 5.1951
15579258 10176738 5.30028
15579258 11336567 5.54807
15579258 6452267 5.78244
15579258 2385725 6.03494
15579258 2421808 6.06603
15579258 10943805 6.16039
15579258 13676957 6.3943
15579258 7164643 6.44602
15579258 4154597 6.69115
15579258 1911396 6.92266
15579258 14252765 6.9809
15579258 8094712 7.02851
15579258 11885318 7.12008
15579258 6473728 7.18774
15579258 489475 7.46847
15579258 1579190 7.59054
15579258 10889593 7.64712
15579258 5911016 7.68861
15579258 16614632 7.76948
15579258 13200080 7.86739
15579258 7187624 8.08903
15579258 14018569 8.23898
15579258 14276077 8.24414
15579258 12069944 8.33733
15579258 2734107 8.39275
15579258 745722 8.48086
15579258 7486951 8.48312
15579258 9824219 8.54368
15579258 7148820 9.01368
15579258 9765302 9.38458
15579258 2285097 9.65028
15579258 12102532 9.6576
15579258 8253322 10.2839
15579258 6010855 10.4017
15579258 5238060 10.5815
15579258 3241729 10.6861
15579258 13643814 10.8094
15579258 6123524 10.8791
15579258 3912435 10.982
15579258 9300717 11.0837
15579258 15858507 11.7347
15579258 6875907 11.7874
15579258 12164023 12.007
15579258 9527303 12.0252
15579258 8789986 12.0356
15579258 4081113 12.0628
15579258 12289901 12.2163
15579258 16335459 12.2572
15579258 11681564 12.5656
15579258 9481572 12.592
15579258 14046582 12.6139
15579258 4072355 12.8158
15579258 327164 12.9908
15579258 14765136 13.0754
15579258 3573035 13.3628
15579258 9389012 13.5908
15579258 8632222 13.8564
15579258 2932201 13.9481
15579258 6267342 13.9871
15579258 15093052 14.0223
15579258 8232497 14.0701
15579258 10303157 14.1994
15579258 7831981 14.3076
15579258 1448424 14.5391
15579258 10231225 14.5666
15579258 5950217 14.8128
15579258 13022961 14.9111
15579258 6653568 14.9121
15579258 2159907 15.0116
15579258 11927793 15.1369
15579258 16081014 15.222
15579258 10467295 15.2252
15579258 11937178 15.2823
15579258 7881835 15.4888
15579258 7960467 15.6371
15579258 9086997 15.766
15579258 2663328 15.9905
15579258 11005186 16.1212
15579258 8055543 16.1508
15579258 4599039 16.3038
15579258 11986165 16.3218
15579258 9215352 16.3395
15579258 512427 17.1357
15579258 11334721 17.3048
15579258 11980945 17.4013
15579258 15013363 17.5854
15579258 1236398 17.6379
15579258 3787744 17.6528
15579258 5287377 17.7143
15579258 7549138 17.8517
15579258 14235513 17.8887
15579258 6766604 17.9157
15579258 4008536 17.9165
15579258 9342358 18.1415
15579258 1601358 18.1528
15579258 6617811 18.2245
15579258 16568294 18.3021
15579258 2089058 18.3177
15579258 2674301 18.4253
15579258 15404308 18.6297
15579258 3619057 18.7423
15579258 7095710 18.7907
15579258 7947838 18.823
15579258 11401677 18.8279
2948331 11292671 2.92234
2948331 8096786 2.95826
2948331 5925945 2.96583
2948331 16191541 2.98317
2948331 15131673 3.13963
2948331 338886 3.44259
2948331 13623101 3.4443
2948331 14761967 3.54073
2948331 7372861 3.55035
2948331 11287193 3.81837
2948331 12989533 3.87608
2948331 6141193 4.34657
2948331 2632114 4.35129
2948331 13540177 4.44996
2948331 9715621 4.50096
2948331 3063272 4.53631
2948331 6567265 4.54098
2948331 16056732 4.65274
2948331 13960672 4.94564
2948331 4269095 5.08912
2948331 3755124 5.52297
2948331 14911396 5.70448
2948331 3536287 5.77038
2948331 1113845 5.77652
2948331 14645760 6.19093
2948331 16351314 7.03342
2948331 1046416 7.1685
2948331 12141327 7.20365
2948331 8268553 7.23858
2948331 5941372 7.32228
2948331 4446393 7.36821
2948331 7054392 7.56138
2948331 13747541 7.56883
2948331 3599434 7.66806
2948331 5502471 7.70306
2948331 9784511 7.80233
2948331 16563633 8.34182
2948331 4272177 8.53387
2948331 1193211 8.61986
2948331 13728256 9.00656
2948331 11988189 9.06258
2948331 5931838 9.19711
2948331 2709112 9.57701
2948331 3505805 9.64469
2948331 3161519 9.84306
2948331 13923148 10.1984
2948331 14147681 10.401
2948331 7122740 10.413
2948331 13351391 10.4243
2948331 6987943 10.4475
2948331 15177684 10.9488
2948331 13884751 10.9673
2948331 15626924 11.3121
2948331 3389157 11.4159
2948331 11557448 11.7582
2948331 15694779 11.9133
2948331 10244545 12.2067
2948331 8930337 12.2679
2948331 15870991 12.3097
2948331 3321862 12.3467
2948331 3964045 12.8868
2948331 4606693 13.1512
2948331 2135436 13.3877
2948331 12027603 13.4539
2948331 14967088 13.5364
2948331 13972659 13.5645
2948331 9315748 13.658
2948331 6120229 13.7473
2948331 845738 13.7546
2948331 14131282 13.7777
2948331 4971067 14.1941
2948331 15637918 14.5451
2948331 5524351 14.8353
2948331 824319 14.979
2948331 14822683 15.2318
2948331 12207963 15.3078
2948331 3575777 15.4764
2948331 2066587 15.7338
2948331 4219930 15.793
2948331 2998324 15.8223
2948331 13877960 16.172
2948331 12156767 16.186
2948331 3551773 16.1868
2948331 6536527 16.2936
2948331 10635732 16.3811
2948331 2748356 16.3919
2948331 102635 16.4127
2948331 3298673 16.5908
2948331 6855516 16.674
2948331 8102479 16.754
2948331 8306245 16.8454
2948331 11233340 16.8517
2948331 10591973 17.2691
2948331 179901 17.4132
2948331 8103740 17.5962
2948331 4769389 17.7598
2948331 543144 17.8704
2948331 12580460 17.945
2948331 6758962 17.9667
2948331 16550102 18.0794
2948331 13736578 18.4742
2948331 10540202 18.4882
2948331 10965632 18.8845
2948331 14314126 19.1286
2948331 4063701 19.134
2948331 12892650 19.1874
2948331 7447416 19.5452
2948331 11207890 19.7265
2948331 2205937 19.8095
2948331 2310625 19.8339
2948331 3689407 20.0472
2948331 1188224 20.2598
2948331 1352706 20.4976
13823214 3205141 1.0212
13823214 12048737 1.0212
13823214 13592482 1.0212
13823214 9657136 1.0212
13823214 1337924 1.0212
13823214 10674513 1.0212
13823214 15459827 1.0212
13823214 7990455 1.0212
13823214 2478117 1.0212
13823214 14311314 1.0212
13823214 16702915 1.0212
13823214 1345148 1.0212
13823214 3146797 1.0212
13823214 6123238 1.0212
7314306 1288486 2.91689
7314306 7913628 3.12348
7314306 16576496 3.1967
7314306 12419057 3.31333
7314306 1658379 3.50356
7314306 4648659 3.77092
7314306 1558074 3.87424
7314306 12775685 3.91676
7314306 7466199 3.94191
7314306 6889278 4.02017
7314306 6787216 4.32176
7314306 11347718 4.35823
7314306 6680282 4.88251
7314306 15058978 5.26762
7314306 16525690 5.41366
7314306 2013972 5.45891
7314306 12336946 5.61915
7314306 9620362 5.66777
7314306 76541 5.75225
7314306 63077 5.81387
7314306 42245 5.82314
7314306 11324130 5.86339
7314306 8231538 6.18188
7314306 993464 6.31784
7314306 8517184 6.39752
7314306 15291279 6.48003
7314306 10448457 6.51657
7314306 11531569 7.06537
7314306 15980615 7.26745
7314306 15341483 7.27665
7314306 7249211 7.35944
7314306 8825234 7.4714
7314306 9590121 7.6792
7314306 14703392 7.76284
7314306 6491864 7.85198
7314306 1462619 7.87525
7314306 4204505 7.88923
7314306 16211720 7.91805
7314306 14681650 7.94521
7314306 6980247 8.0437
7314306 11453702 8.34295
7314306 3498231 8.41153
7314306 4738266 8.57246
7314306 2017705 8.59353
7314306 4926082 8.63667
7314306 11650491 8.78773
7314306 11448261 8.84066
7314306 4955593 8.90427
7314306 11192381 9.06391
7314306 7664330 9.1896
7314306 11721295 9.31313
7314306 11196496 9.42396
7314306 16538750 9.70158
7314306 1496440 9.70405
7314306 11807743 9.72405
7314306 13983445 9.74667
7314306 10458351 9.97589
7314306 14033691 10.2898
7314306 2298397 10.5253
7314306 11746473 10.5255
7314306 4614829 10.9834
7314306 2791148 11.0012
7314306 358234 11.0211
7314306 4279753 11.1391
7314306 16074619 11.1756
7314306 15163096 11.277
7314306 5337638 11.2926
7314306 2333020 11.4913
7314306 16381487 11.9104
7314306 8966435 11.9105
7314306 14319018 11.9344
7314306 645320 12.0504
7314306 2127197 12.2447
7314306 8064206 12.3095
7314306 10311140 12.4318
7314306 5885738 12.5659
7314306 9339718 12.5986
7314306 2821264 12.6256
7314306 2845050 12.8025
7314306 9822029 12.8347
7314306 4158191 12.9861
7314306 2692670 13.0829
7314306 10317640 13.4009
7314306 15315831 13.4625
7314306 12550841 13.7418
7314306 10351863 13.7916
7314306 7688181 13.8725
7314306 13490529 13.9154
7314306 8814296 14.0655
7314306 8756678 14.1641
7314306 9918846 14.2138
7314306 1593918 14.2809
7314306 4483567 14.5525
7314306 13931871 14.7211
7314306 272623 14.7513
7314306 7588471 15.0449
7314306 11756855 15.0995
7314306 14553862 15.1146
7314306 10304892 15.2125
7314306 8661596 15.4638
7314306 1437242 15.5821
7314306 11394437 16.0402
7314306 12881959 16.0631
7314306 1909990 16.1026
7314306 1939102 16.1703
7314306 653319 16.361
7314306 6407919 16.9361
7314306 13629025 17.1176
7314306 9494656 17.3597
7314306 5639044 17.4778
7314306 7523452 17.6524
7314306 9605663 17.9928
7314306 5338264 18.0742
7314306 12215835 23.6114
7314306 11228029 18.1088
7314306 7925442 18.2868
7314306 4545889 19.3866
7314306 6332188 19.9589
7314306 13431309 20.6274
7314306 14886093 23.1002
3688984 6659152 4.95538
3688984 3297742 4.97286
3688984 1064694 5.02733
3688984 9425417 5.33553
3688984 16111436 5.39758
3688984 7514726 5.8288
3688984 8865325 5.85543
3688984 214408 5.90575
3688984 7541831 6.08511
3688984 1403847 6.54842
3688984 3508994 6.56417
3688984 9773806 6.56888
3688984 13613173 6.70419
3688984 11162988 6.93141
3688984 4061269 7.16153
3688984 7836146 7.66714
3688984 6036793 7.95897
3688984 7009827 8.16502
3688984 7824318 8.49478
3688984 12533725 8.74509
3688984 16439202 8.79324
3688984 11650738 8.95207
3688984 2112325 9.06233
3688984 13439190 9.10927
3688984 16636789 9.30148
3688984 4062617 9.30835
3688984 11331110 9.51493
3688984 2480999 9.5956
3688984 6385688 9.66295
3688984 13633664 9.66313
3688984 2133427 9.7565
3688984 5144799 9.76276
3688984 11989680 10.206
3688984 16070145 10.5206
3688984 3458912 10.691
3688984 16440311 10.8772
3688984 16700035 10.8902
3688984 14102039 10.955
3688984 5520826 11.0095
3688984 937619 11.3517
3688984 8922129 11.41
3688984 5487216 11.4593
3688984 10171333 11.6221
3688984 11316380 11.7316
3688984 15705272 11.8447
3688984 11814012 11.8826
3688984 3728401 12.0115
3688984 4502876 12.0463
3688984 11293092 12.1112
3688984 1170482 12.2875
3688984 2147406 12.4101
3688984 10717378 12.428
3688984 1299873 12.4768
3688984 8274395 12.7703
3688984 4392189 12.8045
3688984 12010361 12.842
3688984 14652966 12.8837
3688984 14032354 13.0396
3688984 7553070 13.149
3688984 2247540 13.3215
3688984 12993614 13.3812
3688984 15893027 13.4711
3688984 16558299 13.6014
3688984 4910087 13.7055
3688984 1713091 13.8049
3688984 71094 13.8601
3688984 4078420 14.042
3688984 5452560 14.1397
3688984 10427695 14.2138
3688984 13392606 14.323
3688984 15600289 14.4516
3688984 1858663 14.4679
3688984 1197461 14.9188
3688984 14149522 15.0898
3688984 13133317 15.3907
3688984 7726904 15.4467
3688984 10805769 15.757
3688984 1301988 15.9808
3688984 13102212 16.033
3688984 1023900 16.5317
3688984 10113527 16.7933
3688984 12244803 16.801
3688984 7069794 16.8575
3688984 12644825 16.8696
3688984 16344226 16.9214
3688984 10782378 17.0089
3688984 7408589 17.0484
3688984 14601569 17.095
3688984 5842708 17.2758
3688984 15127139 17.3796
3688984 3365480 17.8058
3688984 10962415 17.9017
3688984 14696106 18.0644
3688984 4925574 18.0712
3688984 11167108 18.0817
3688984 8511486 18.0854
3688984 12574384 18.2276
3688984 3039825 18.2335
3688984 4051850 18.3468
3688984 10961602 18.3662
3688984 1701267 18.4789
3688984 12871215 18.5919
3688984 7039783 18.6152
3688984 1530569 18.7049
3688984 5248488 18.8013
3688984 7407483 18.8461
3688984 12055047 18.9411
3688984 14476907 19.0358
3688984 6486030 19.1469
3688984 2134501 19.6383
3688984 8784874 19.7084
3688984 14224614 19.7306
3688984 10729362 19.7659
3688984 7247976 19.7697
3688984 3657061 19.8028
3688984 1225484 20.0359
3688984 10118632 20.0562
3688984 2615697 20.1505
3688984 4522971 20.1881
3688984 10027737 70.3327
9608588 3200090 5.8872
9608588 5916497 5.97224
9608588 14914031 6.1486
9608588 64476 6.2229
9608588 1290780 6.33099
9608588 13318270 6.38204
9608588 5231917 6.5511
9608588 10015617 6.67432
9608588 11248915 6.86049
9608588 430063 7.01864
9608588 7678324 7.18422
9608588 4148037 7.21332
9608588 4634476 7.26605
9608588 11062272 7.30861
9608588 5070093 7.3294
9608588 4212559 7.69526
9608588 12117186 7.69762
9608588 3754645 7.75345
9608588 8804685 7.79941
9608588 14594188 7.88371
9608588 3002669 7.88518
9608588 1516107 7.96511
9608588 4368067 8.04517
9608588 3514629 8.09625
9608588 7049340 8.4511
9608588 10538166 8.53872
9608588 10538363 8.70498
9608588 6677643 8.97001
9608588 16283634 9.31795
9608588 170480 9.48483
9608588 7181183 9.63244
9608588 9228589 9.64282
9608588 9891720 9.76902
9608588 2983370 9.9559
9608588 14519834 10.0306
9608588 4799049 10.1101
9608588 6379911 10.4128
9608588 15648914 10.6419
9608588 8228498 10.9338
9608588 2091228 10.9646
9608588 6993709 11.047
9608588 2527267 11.1864
9608588 12732489 11.2292
9608588 14057757 11.431
9608588 13658856 11.4881
9608588 16066389 11.5667
9608588 1033445 11.715
9608588 4247043 12.0098
9608588 13848219 12.014
9608588 13430461 12.0483
9608588 12435200 12.059
9608588 1905456 12.2036
9608588 2724250 12.2694
9608588 16653643 12.334
9608588 16531395 12.4471
9608588 7429917 12.4936
9608588 9865066 12.6405
9608588 7682645 12.6437
9608588 16457055 12.9391
9608588 4777148 13.1297
9608588 13412881 13.1793
9608588 14255142 13.2072
9608588 2984941 13.2481
9608588 7008904 13.2533
9608588 5746681 13.3225
9608588 2516835 13.4274
9608588 6594560 13.6576
9608588 13901963 13.8097
9608588 2530149 13.8193
9608588 13613572 13.8282
9608588 2381801 13.9186
9608588 14396400 13.9681
9608588 1449700 14.0176
9608588 13803847 14.2
9608588 15051170 14.358
9608588 7010189 14.5356
9608588 16716574 14.6979
9608588 14187038 14.7148
9608588 12800046 15.2792
9608588 10883750 15.8563
9608588 13314756 16.2021
9608588 7454651 16.2395
9608588 907438 16.2511
9608588 6233646 16.329
9608588 10972750 16.5796
9608588 13888364 16.6971
9608588 15985375 16.8705
9608588 7734228 16.8944
9608588 8646192 16.9502
9608588 14932456 17.1656
9608588 10959737 17.579
9608588 9589335 17.7524
9608588 1282600 17.7726
9608588 300029 17.861
9608588 4849342 18.1902
9608588 3334229 18.2582
9608588 14587068 18.2817
9608588 6711587 18.3234
9608588 11570244 18.3335
9608588 12409127 18.3708
9608588 15502645 18.3724
9608588 8070877 18.5628
9608588 13231669 18.6464
9608588 10629365 18.728
9608588 10826663 18.782
9608588 6707329 18.84
9608588 4026182 18.9131
9608588 3680933 19.0323
9608588 11149094 19.0434
9608588 11312509 19.3509
9608588 10859851 19.509
9608588 1345253 19.5448
9608588 10152267 20.0097
9608588 460583 20.0556
9608588 10139622 20.1728
9608588 7508339 20.2813
9608588 16238625 20.5364
9608588 14240919 20.598
9608588 12650802 20.8166
9608588 5106716 20.9525
3701059 2636595 1.68185
3701059 1496771 2.1642
3701059 12472194 2.17534
3701059 3116889 2.31555
3701059 15660210 2.59446
3701059 8641366 2.60858
3701059 4165598 2.62448
3701059 12379716 3.53715
3701059 5339616 4.02684
3701059 3346006 4.81766
3701059 5530136 5.00635
3701059 5699515 5.44016
3701059 2370467 5.56759
3701059 14723310 5.78449
3701059 5183606 6.01274
3701059 8020817 6.51493
3701059 11386503 6.72343
3701059 7115106 7.03485
3701059 16570471 7.27082
3701059 4502297 8.07826
3701059 6933550 9.27532
3701059 11014187 9.40184
3701059 3250766 10.1335
3701059 10502784 10.8723
3701059 313762 11.0232
3701059 12144604 11.2563
3701059 15705238 11.4957
3701059 11543606 11.5005
3701059 2193521 11.6519
3701059 2547456 11.919
3701059 8835669 12.6184
3701059 9766443 13.2971
3701059 10110275 13.7714
3701059 15224641 13.9035
3701059 12298464 14.0506
3701059 943003 14.8655
3701059 2496265 15.5292
3701059 8215498 15.6799
3701059 734123 17.1162
3701059 8267842 17.2971
3701059 9708622 17.8602
3701059 6719376 18.7927
3701059 8592737 19.3961
3701059 2983758 19.497
3701059 16222697 20.6108
3701059 10788579 21.4714
3701059 3908033 21.58
3701059 12170138 21.7321
3701059 12880241 22.0381
3701059 1721042 22.2098
3701059 14273711 22.2477
3701059 6707752 23.3216
3701059 1523445 23.3367
3701059 13384654 23.6382
3701059 1282071 23.8445
3701059 260185 24.0256
3701059 1036067 24.3068
3701059 3778740 24.6251
3701059 6193032 24.7663
3701059 12269644 25.1004
3701059 15155254 25.1246
3701059 13552706 25.4042
3701059 2005536 25.6435
3701059 15077730 25.9698
3701059 3636759 26.0867
3701059 5730708 26.2533
3701059 1766942 26.444
3701059 3582770 27.1205
3701059 14464463 27.289
3701059 3342224 27.5913
3701059 16189066 27.6131
3701059 7527763 27.7351
3701059 13997210 27.7701
3701059 10160019 132.136
3701059 12386136 136.526
3701059 10414140 137.873
3701059 11044044 139.507
3701059 10977628 241.029
10409816 11793841 1.65716
10409816 5379364 1.73853
10409816 10150080 2.1638
10409816 14663090 2.35096
10409816 7380716 2.50334
10409816 14803323 2.69572
10409816 13025172 3.76432
10409816 8326793 4.0908
10409816 4780480 4.48226
10409816 1354151 4.51243
10409816 10865450 4.69434
10409816 8834012 5.79833
10409816 10118946 6.16298
10409816 6800841 6.22068
10409816 1279942 9.19878
10409816 9938838 9.56311
10409816 12960352 9.95937
10409816 9830189 10.3361
10409816 9410296 10.637
10409816 12189736 10.68
10409816 11320065 11.6363
10409816 8600087 12.318
10409816 5988322 12.4446
10409816 4546394 12.7191
10409816 6264007 13.3807
10409816 11158266 13.4614
10409816 8577512 13.9797
10409816 6119353 13.9936
10409816 8041765 14.4625
10409816 15809558 14.5959
10409816 7750906 14.731
10409816 4391740 14.9872
10409816 3293132 15.4942
10409816 12752088 16.3623
10409816 4504594 16.4691
10409816 12762541 16.5772
10409816 12132361 17.5872
10409816 8835350 17.7261
10409816 15101592 18.067
10409816 16693603 18.2784
10409816 5547352 18.466
10409816 11299086 18.7952
10409816 2430874 18.837
10409816 7566540 19.1898
10409816 6709833 19.2073
10409816 8770885 19.5053
10409816 13119808 19.548
10409816 6111217 19.7905
10409816 16581315 19.8187
10409816 11817629 19.9647
10409816 10393332 20.0998
10409816 10793679 20.2885
10409816 8439206 20.3111
10409816 14031335 20.4901
10409816 9804830 20.7019
10409816 10357785 20.747
10409816 3378473 21.0612
10409816 10391827 21.118
10409816 13746577 21.2811
10409816 5793395 21.6088
10409816 15968257 21.8764
10409816 7222543 22.9259
10409816 2160983 23.408
10409816 6422654 24.6248
10409816 3647721 25.2777
10409816 5134235 25.5967
10409816 2395688 25.6576
10409816 4293501 25.8293
10409816 9420562 25.9126
10409816 546800 26.7749
10409816 14036717 27.1075
10409816 11048601 27.1093
10409816 11238132 27.1359
10409816 15539715 27.8808
10409816 14946537 28.1483
10409816 13447324 30.725
10409816 2531962 31.1026
3253836 14089385 2.05357
3253836 16412889 2.06666
3253836 4977122 2.11687
3253836 10881647 2.27472
3253836 14502517 2.41596
3253836 1522317 2.42731
3253836 2207115 2.63492
3253836 3760478 3.17873
3253836 5247172 3.60964
3253836 750537 3.75596
3253836 7864007 4.09879
3253836 7212494 4.11937
3253836 13106010 4.54921
3253836 2937685 5.1677
3253836 10461861 6.10096
3253836 13676166 6.27924
3253836 2618177 6.29338
3253836 14697363 6.78507
3253836 185931 6.86195
3253836 3057079 6.99198
3253836 2398832 7.88106
3253836 7180997 8.04709
3253836 5653854 8.1667
3253836 8631300 8.42649
3253836 13907818 8.98311
3253836 1247597 9.93057
3253836 15011274 10.0267
3253836 16142182 10.339
3253836 1536508 10.9005
3253836 1914057 11.3549
3253836 15238546 11.4646
3253836 6336219 11.7293
3253836 5625510 11.781
3253836 5381090 11.8854
3253836 3161930 12.4273
3253836 7412398 15.1015
3253836 3466522 15.1396
3253836 8894487 15.8451
3253836 5061018 16.4429
3253836 10358838 16.7316
3253836 486070 17.9504
3253836 10767864 18.3383
3253836 7303226 18.4695
3253836 11693370 18.7172
3253836 385495 19.1337
3253836 15809191 19.2163
3253836 14235755 19.2905
3253836 4197608 19.5799
3253836 6296611 20.9613
3253836 3233405 21.3103
3253836 7794739 21.3269
3253836 5979061 21.4981
3253836 7454738 22.5012
3253836 11524933 22.547
3253836 15603277 22.655
3253836 8480382 22.9055
3253836 1202074 23.0328
3253836 12997275 23.0609
3253836 5074711 23.8446
3253836 8570973 23.9602
3253836 13213655 24.2779
3253836 12002453 25.0407
3253836 7026346 25.331
3253836 10375861 25.4676
3253836 8706769 25.4873
3253836 5824636 25.7504
3253836 481772 26.3645
3253836 11147675 26.6653
3253836 1689932 26.7512
3253836 9658045 26.8416
3253836 3536875 27.3549
3253836 1492829 27.499
3253836 9317149 27.9
3253836 3784836 27.9316
3253836 2164329 28.0533
3253836 243957 28.1652
15546036 8310718 1.06987
15546036 11763013 1.08335
15546036 1317066 1.74019
15546036 5536450 1.88021
15546036 15206867 3.09962
15546036 12998634 3.12218
15546036 1824436 3.3522
15546036 12954899 3.37706
15546036 13019164 3.5051
15546036 2160238 3.68114
15546036 4600787 3.78221
15546036 7825289 3.84401
15546036 7496224 4.0339
15546036 581772 4.13358
15546036 3647152 5.28886
15546036 11846877 5.34706
15546036 11735920 5.42342
15546036 3492086 6.13424
15546036 2379775 6.18638
15546036 15681563 6.26236
15546036 4318354 6.31279
15546036 6276892 6.41919
15546036 3303262 6.89052
15546036 937142 7.91797
15546036 2106528 9.38478
15546036 15231913 10.7028
15546036 6230576 10.8029
15546036 1760937 11.3738
15546036 4658789 11.762
15546036 1074610 12.0554
15546036 4347576 12.6761
15546036 10770405 13.2228
15546036 1612424 14.044
15546036 4923121 14.4702
15546036 10159619 14.6167
15546036 3704246 15.4838
15546036 11504414 15.8019
15546036 13113007 15.9477
15546036 4915381 16.6181
15546036 9401751 16.7937
15546036 7920328 16.8146
15546036 14954307 16.9429
15546036 15589740 17.2252
15546036 3452386 17.234
15546036 11132873 17.7535
15546036 13993405 18.1362
15546036 6721199 18.1935
15546036 4455916 18.2601
15546036 2690882 18.7075
15546036 8698579 18.8485
15546036 5033954 19.8822
15546036 3145069 19.966
15546036 15464364 20.348
15546036 12397627 20.5999
15546036 16383015 20.9462
15546036 10810114 21.9779
15546036 10144404 22.1578
15546036 4296126 22.2553
15546036 732084 22.3724
15546036 3467628 22.5694
15546036 15315136 23.5164
15546036 2357160 23.6927
15546036 8458389 24.1824
15546036 3389714 24.2269
15546036 10860041 24.2386
15546036 8334878 24.6382
15546036 9072394 25.8265
15546036 8941299 26.9861
15546036 3805232 27.1959
15546036 7858520 27.7731
15546036 1681536 27.941
15546036 6814095 28.0567
15546036 8947302 28.3193
15546036 11948750 28.397
15546036 12852151 28.6385
15546036 9769565 28.8296
15546036 10069856 29.1004
15546036 12879457 29.1842
4784871 3941450 1.19664
4784871 15800781 1.7439
4784871 13599739 1.7784
4784871 4990655 2.45151
4784871 45334 2.70638
4784871 7447948 2.8084
4784871 9102056 3.94862
4784871 9991751 3.99957
4784871 7274256 4.04525
4784871 10930166 4.53207
4784871 9626852 5.00601
4784871 10995910 5.14276
4784871 15526744 5.26378
4784871 9428631 5.37046
4784871 13848779 5.6344
4784871 2689965 5.78968
4784871 4845644 6.21988
4784871 9922671 6.53723
4784871 11205715 7.04566
4784871 11725766 7.1856
4784871 4588683 7.94817
4784871 4946923 8.15103
4784871 16021028 8.16021
4784871 4577499 8.27395
4784871 13648406 8.32251
4784871 6585985 8.6793
4784871 3956551 9.20341
4784871 4221992 9.30218
4784871 8717006 9.78598
4784871 12262775 10.2248
4784871 1524989 11.0077
4784871 6199120 11.0753
4784871 15804390 12.5222
4784871 73405 12.8673
4784871 5447037 13.3534
4784871 81533 13.918
4784871 6851060 14.683
4784871 16769300 16.8903
4784871 9596844 17.1078
4784871 9340339 17.4897
4784871 2603120 18.0532
4784871 616609 18.5976
4784871 342246 19.295
4784871 9140527 19.3467
4784871 12196812 19.3718
4784871 16331318 19.4434
4784871 5343642 19.5653
4784871 13887915 19.799
4784871 14541048 20.2417
4784871 12738850 20.7412
4784871 241833 20.8995
4784871 11088639 21.1064
4784871 15958454 21.119
4784871 14777393 22.2859
4784871 13374225 22.2963
4784871 6714496 22.5694
4784871 4741414 22.5996
4784871 6209947 22.7421
4784871 10342358 23.4429
4784871 8233744 23.963
4784871 9023058 25.1532
4784871 7742773 25.1843
4784871 395951 25.4536
4784871 4294460 25.9804
4784871 14114157 26.5617
4784871 10066474 26.8666
4784871 10669470 28.0474
4784871 9584898 28.2625
4784871 4012633 28.7637
4784871 10543362 29.0137
4784871 7344694 29.2447
4784871 7065517 29.9646
4784871 11681384 30.3226
4784871 13206524 30.3481
4784871 15018708 30.596
8360596 2473213 1.94664
8360596 9026415 2.00305
8360596 3447565 2.05624
8360596 14136503 2.75676
8360596 13703505 2.90042
8360596 10942683 3.13519
8360596 2783184 3.16116
8360596 10061787 3.24033
8360596 11193594 3.88876
8360596 15319212 4.78576
8360596 7466039 5.10837
8360596 12247582 5.60727
8360596 7242358 5.8992
8360596 8854122 6.16806
8360596 711847 6.87263
8360596 9379357 7.31016
8360596 7588508 7.33558
8360596 15763156 7.87437
8360596 12381946 8.03691
8360596 11430358 8.05048
8360596 1879268 10.1116
8360596 1476588 10.3077
8360596 8665229 10.4614
8360596 16118319 10.4989
8360596 4521580 11.0193
8360596 4367347 11.8553
8360596 481557 12.3631
8360596 7394660 13.4374
8360596 10512945 14.0983
8360596 12428714 14.1375
8360596 4847957 14.7632
8360596 12311785 14.9079
8360596 7749326 15.1406
8360596 14099809 15.5546
8360596 2508988 16.2518
8360596 15653112 16.7653
8360596 7607865 17.2405
8360596 4895343 17.388
8360596 5793677 17.481
8360596 2741966 18.1932
8360596 7362713 18.7856
8360596 15371020 18.9465
8360596 12109318 18.9486
8360596 10851782 19.6987
8360596 3974685 19.7574
8360596 6993766 19.837
8360596 9464537 20.2328
8360596 16516697 20.9338
8360596 10687084 21.8279
8360596 12772227 22.9555
8360596 13755482 23.9417
8360596 3809940 25.4082
8360596 7412051 25.7087
8360596 4664490 26.0849
8360596 3923868 26.2637
8360596 10958487 26.4177
8360596 7115651 27.3416
8360596 14344479 27.3498
8360596 10420052 27.4311
8360596 8380655 27.4771
8360596 9178409 27.4786
8360596 5848840 27.5898
8360596 16399207 27.9099
8360596 10624826 28.3782
8360596 15373745 28.5403
8360596 1938118 28.9928
8360596 13993211 29.1251
8360596 567849 29.2159
8360596 2517350 29.6749
8360596 5260536 30.0168
8360596 14452326 30.084
8360596 4389262 31.4937
8360596 11764252 31.9204
8360596 16058669 31.9803
8360596 12783768 32.3408
8360596 9988468 32.688
8360596 13168227 32.7322
8360596 5192967 33.0279
5203410 11085578 1.05165
5203410 7480416 1.09792
5203410 6143781 1.32303
5203410 8505711 1.72068
5203410 1064570 1.90513
5203410 4814655 2.66525
5203410 14333946 3.23634
5203410 11461202 3.52588
5203410 16006191 4.61236
5203410 180498 4.63655
5203410 11863143 6.01997
5203410 9227302 6.13605
5203410 5236870 6.18269
5203410 12696502 6.60903
5203410 8097458 6.64487
5203410 7670409 7.06457
5203410 414204 8.19389
5203410 14112566 8.35528
5203410 10076263 9.1845
5203410 10985174 9.61741
5203410 11819611 9.86485
5203410 13449824 10.3887
5203410 13737332 11.2422
5203410 6671447 11.6021
5203410 4078104 11.8042
5203410 17648 11.9472
5203410 7791009 11.9569
5203410 7401901 12.1642
5203410 14040918 12.4301
5203410 9250547 12.4882
5203410 7529269 12.6534
5203410 1533594 12.9871
5203410 10271272 13.197
5203410 5151477 13.6373
5203410 13963739 13.6594
5203410 10113500 13.9779
5203410 8466282 14.5275
5203410 12172272 14.7937
5203410 308324 15.9669
5203410 2585311 16.0266
5203410 12570866 17.1803
5203410 8162326 17.2349
5203410 8690830 17.2642
5203410 5236634 17.3775
5203410 4277818 17.675
5203410 4974234 17.9061
5203410 8781925 18.8082
5203410 8208017 19.0155
5203410 6945150 19.1691
5203410 5689708 19.5628
5203410 13409862 19.6407
5203410 9198799 19.9713
5203410 16272364 20.0509
5203410 4232994 20.8648
5203410 14952595 20.9726
5203410 5206539 21.1795
5203410 13513090 21.7317
5203410 5954992 21.9174
5203410 4609656 22.3958
5203410 199664 23.0605
5203410 13578973 23.2242
5203410 12577421 23.9904
5203410 7112953 24.557
5203410 15035264 24.6659
5203410 2548789 25.2815
5203410 13669056 25.8335
5203410 7773387 26.2335
5203410 15716482 26.3119
5203410 5335031 27.1638
5203410 5723064 27.232
5203410 8635064 27.7313
5203410 2229952 28.7866
5203410 13119210 29.121
5203410 9955663 29.9965
5203410 5287669 30.796
5203410 8772063 30.8659
5203410 532429 31.7763
5203410 14296857 31.9343
5203410 12799821 32.1377
8645451 13343981 1.63676
8645451 5949647 1.70222
8645451 9418348 2.89785
8645451 4187892 2.97776
8645451 4524975 3.56219
8645451 4197584 3.9733
8645451 9510356 4.07347
8645451 5197402 4.36961
8645451 15161760 4.48861
8645451 8050643 5.36075
8645451 4030797 5.52452
8645451 15732509 6.25235
8645451 10750553 6.38888
8645451 1722981 6.41071
8645451 5419507 6.69405
8645451 8330824 6.8836
8645451 12539327 7.09622
8645451 13658286 7.29393
8645451 3108103 8.33358
8645451 6826484 8.96418
8645451 8700872 9.0733
8645451 9692605 9.16319
8645451 5473166 9.41277
8645451 10620200 10.3873
8645451 14680816 10.5332
8645451 16470699 11.1195
8645451 4274611 11.2478
8645451 11028777 13.7439
8645451 10735968 13.8756
8645451 12390548 14.1821
8645451 11462792 14.3968
8645451 2470104 14.5709
8645451 13954704 15.0722
8645451 6643383 15.2193
8645451 3512046 15.3939
8645451 6421622 15.9546
8645451 3678316 15.9763
8645451 15877602 17.1687
8645451 10670490 17.9536
8645451 1669064 18.1661
8645451 11799493 18.4514
8645451 13660764 18.7623
8645451 6399488 19.151
8645451 9833880 19.5876
8645451 15840385 19.7074
8645451 5609840 19.9569
8645451 9431221 20.5497
8645451 8619884 20.6966
8645451 12114989 20.8501
8645451 11047408 21.0525
8645451 2616905 21.2227
8645451 14974817 21.3141
8645451 5674271 21.3425
8645451 11237045 21.509
8645451 1806030 21.8862
8645451 12732838 22.1443
8645451 2579667 22.8432
8645451 4133327 22.8892
8645451 13881677 23.382
8645451 3732480 23.6946
8645451 14608366 23.7228
8645451 1193491 24.0504
8645451 9046495 24.5097
8645451 7096366 25.773
8645451 916013 25.9752
8645451 2575296 26.0893
8645451 15062700 26.0987
8645451 2608027 26.1314
8645451 16140034 26.3557
8645451 5578414 27.1101
8645451 10529567 27.5842
8645451 9842525 28.2221
8645451 15828711 28.4165
8645451 10785102 28.4241
8645451 3260704 29.1004
8645451 1280006 29.2922
8645451 7144709 29.3176
8645451 3779056 29.4674
12331301 12661673 1.71327
12331301 12193346 2.12043
12331301 11263247 2.65203
12331301 643565 3.26868
12331301 16350553 3.72029
12331301 13332289 3.96098
12331301 12054285 4.00163
12331301 9926750 4.88314
12331301 832451 4.9115
12331301 10414381 4.96341
12331301 14896582 5.06041
12331301 7790948 5.51892
12331301 4811553 5.62506
12331301 8170875 6.07477
12331301 13032893 6.08669
12331301 2720278 6.17868
12331301 3601364 6.60105
12331301 14643058 7.58827
12331301 16508491 7.67315
12331301 7121610 7.85918
12331301 6004710 8.32793
12331301 12022584 8.50286
12331301 2775868 9.39888
12331301 1171732 9.46968
12331301 15538161 10.08
12331301 2965401 10.0853
12331301 5970396 10.2047
12331301 4635753 10.3573
12331301 4188405 10.5011
12331301 654134 10.7474
12331301 10589876 11.168
12331301 8106332 12.1783
12331301 13220223 12.188
12331301 16651031 12.4509
12331301 853002 12.945
12331301 14955411 13.0056
12331301 4959522 13.122
12331301 10289619 13.2649
12331301 12542802 14.7641
12331301 2687615 15.8341
12331301 4903157 16.0277
12331301 4125553 17.322
12331301 12126818 17.7714
12331301 1303249 18.6908
12331301 11147561 18.7627
12331301 10345028 20.0041
12331301 13569078 20.6942
12331301 897769 21.1872
12331301 3782203 22.8703
12331301 1387728 23.1499
12331301 7599058 23.8447
12331301 10586599 24.0601
12331301 15035145 24.0925
12331301 13969132 24.2723
12331301 16002498 24.3627
12331301 11286548 24.8754
12331301 1513496 25.3413
12331301 3070762 25.6719
12331301 740769 26.9637
12331301 5907816 27.5371
12331301 3881036 27.6533
12331301 2439264 29.2226
12331301 9297551 29.389
12331301 6041816 29.7782
12331301 15742259 30.875
12331301 16349293 31.7457
12331301 10445277 32.405
12331301 4751360 32.4438
12331301 13799790 32.7403
12331301 6727337 34.0337
12331301 14501596 34.4006
12331301 577858 34.9216
12331301 10944701 35.1864
12331301 7365458 35.1986
12331301 8910819 35.1999
12331301 14609496 35.483
12331301 14000346 35.7002
12331301 5687025 36.1297
12331301 13632987 36.1565
14530967 3463808 1.83606
14530967 1437075 1.91073
14530967 13828149 2.0311
14530967 14182509 2.75209
14530967 9114476 2.78349
14530967 14499914 3.03036
14530967 2747231 3.19377
14530967 8381586 4.22029
14530967 1127701 4.78753
14530967 3339369 4.80669
14530967 331881 5.05037
14530967 16279137 5.5056
14530967 14845667 5.53921
14530967 16127985 5.70229
14530967 12591603 6.43851
14530967 16511724 6.65914
14530967 14942332 7.03434
14530967 7670327 7.22852
14530967 9402299 7.30418
14530967 10094732 8.08822
14530967 10425466 9.12017
14530967 4701170 9.23095
14530967 2294836 9.61534
14530967 13041809 11.0325
14530967 1959429 11.3873
14530967 16539910 12.2916
14530967 9662475 12.5733
14530967 14051442 12.6031
14530967 13392563 12.724
14530967 5979191 13.2575
14530967 3471741 13.8128
14530967 6690239 13.9225
14530967 16047291 14.4408
14530967 13755483 15.1854
14530967 9197769 16.2065
14530967 6753 16.2129
14530967 13429543 16.448
14530967 7480531 16.5744
14530967 4163065 16.9678
14530967 8976581 17.2711
14530967 1678796 17.3236
14530967 14954408 17.4072
14530967 4175507 17.4706
14530967 10374699 17.8775
14530967 11397566 18.4565
14530967 12786402 18.9083
14530967 8848359 19.0018
14530967 10024333 19.2069
14530967 10003896 20.6823
14530967 2291421 21.1211
14530967 6087889 21.2999
14530967 3276449 21.7177
14530967 10154569 21.8836
14530967 2485807 22.5252
14530967 3292862 22.827
14530967 2288326 23.4971
14530967 12312648 24.9779
14530967 15688013 25.2876
14530967 9147513 25.4247
14530967 3771795 25.5699
14530967 4142205 25.9399
14530967 8363731 26.3513
14530967 16186022 27.7658
14530967 6359243 28.2357
14530967 15550904 28.9878
14530967 2582109 30.0789
14530967 4388660 31.39
14530967 15653911 31.3919
14530967 14872607 31.4299
14530967 9430703 31.8723
14530967 1015396 31.9568
14530967 8339602 32.0022
14530967 13606170 32.2404
14530967 1603114 32.5153
14530967 15657236 33.4566
14530967 1712556 33.5717
14530967 4553278 33.6782
14530967 13117959 33.7621
14530967 8410797 34.2533
2636554 9127963 1.60409
2636554 13588891 1.66042
2636554 12805391 3.03955
2636554 14842028 4.02257
2636554 9159067 4.633
2636554 1926955 5.49629
2636554 4600586 6.31388
2636554 1352265 6.45135
2636554 8293587 6.5606
2636554 6420311 6.98738
2636554 10684908 7.14069
2636554 15166202 7.67889
2636554 5132391 8.16127
2636554 6559521 9.16018
2636554 7387889 9.51549
2636554 9139783 10.7
2636554 13009172 10.7967
2636554 15244958 10.9652
2636554 10170696 11.6179
2636554 3971409 12.7716
2636554 15163866 13.0212
2636554 8197123 13.3619
2636554 33060 13.5357
2636554 671327 14.0354
2636554 10358843 14.0388
2636554 15263927 14.303
2636554 14234615 14.3315
2636554 7371590 14.7967
2636554 5045399 14.8175
2636554 9872518 15.6768
2636554 239059 15.7894
2636554 14972512 16.2882
2636554 10491540 17.2663
2636554 10844115 17.6516
2636554 5753633 17.8495
2636554 9331819 17.9908
2636554 13785823 18.0965
2636554 10258205 18.3138
2636554 3808618 18.8559
2636554 11574982 18.9729
2636554 15279181 19.2217
2636554 15038756 19.2709
2636554 11699768 19.5322
2636554 10361622 20.1024
2636554 2386277 21.7251
2636554 12427234 21.9456
2636554 2669315 22.0865
2636554 9302913 22.1519
2636554 13170498 22.1689
2636554 2376721 22.7439
2636554 14481868 22.9827
2636554 8825780 23.1581
2636554 4021535 23.191
2636554 3437759 23.5759
2636554 8268157 23.6106
2636554 16099013 23.69
2636554 5866639 23.979
2636554 2830367 24.0563
2636554 11460184 24.4081
2636554 14582204 24.4968
2636554 7799611 24.824
2636554 13624043 25.1773
2636554 2655276 25.5055
2636554 2576590 25.5265
2636554 6408481 25.8053
2636554 4244760 26.8489
2636554 8322220 26.8737
2636554 6650850 26.9088
2636554 7869919 28.0005
2636554 5493885 28.0606
2636554 14275832 29.3379
2636554 693468 29.5082
2636554 4788611 30.3007
2636554 6347299 31.4539
2636554 15261854 31.4832
2636554 906870 31.5598
2636554 4474902 32.0313
2636554 5371584 32.4084
2516376 3138454 1.68455
2516376 2468426 2.01392
2516376 13520663 2.02863
2516376 296762 3.11983
2516376 11934064 3.15694
2516376 7445530 3.36373
2516376 16603567 3.75342
2516376 6919561 3.84437
2516376 1441181 4.28826
2516376 14615417 4.49358
2516376 14492884 4.60137
2516376 6928634 5.47275
2516376 9999428 5.60288
2516376 1741896 5.74323
2516376 11609212 6.16221
2516376 7312729 6.19197
2516376 6497511 7.07046
2516376 1486527 7.28952
2516376 4477810 8.64776
2516376 2447691 9.71308
2516376 12448171 10.091
2516376 7405027 10.5274
2516376 5853642 10.6938
2516376 16773982 10.776
2516376 15807526 10.7963
2516376 6495363 11.1312
2516376 16174514 13.1072
2516376 8790440 13.4927
2516376 5217563 14.0273
2516376 8913517 15.5956
2516376 16384733 16.1409
2516376 2888846 16.9035
2516376 11502542 17.538
2516376 2715067 17.6234
2516376 4562548 17.6419
2516376 12097478 17.7362
2516376 4793174 18.1303
2516376 13662715 18.1615
2516376 378853 18.8079
2516376 5950516 19.4296
2516376 16470924 19.4466
2516376 1243956 19.8879
2516376 466221 20.5461
2516376 507487 20.819
2516376 12111765 21.8408
2516376 14672531 22.0856
2516376 13903877 22.097
2516376 6731780 22.4586
2516376 1630702 22.5081
2516376 16436318 22.628
2516376 4351360 23.3358
2516376 558744 23.6053
2516376 15113617 23.701
2516376 121349 23.708
2516376 11061740 23.8398
2516376 14229056 23.8624
2516376 7461022 24.1085
2516376 13446141 24.1912
2516376 15065393 25.0433
2516376 15455452 25.6938
2516376 50234 26.2471
2516376 2171795 26.3462
2516376 11864464 26.4265
2516376 12184592 27.0563
2516376 5147772 27.8091
2516376 3460687 27.8207
2516376 7763798 28.1627
2516376 8651248 28.5569
2516376 16331210 28.7701
2516376 12591077 28.9394
2516376 7767111 29.3793
2516376 8509967 29.3968
2516376 12986009 29.8178
2516376 839846 29.869
2516376 6439780 30.1343
2516376 13767986 30.4496
2516376 2928679 30.7391
2516376 8845582 30.8746
2516376 7740100 30.9045
13781339 2104616 1.17561
13781339 5311238 1.3289
13781339 3425679 1.38372
13781339 13615316 1.45144
13781339 13538730 2.05749
13781339 12896173 2.62327
13781339 10579630 2.63617
13781339 15533564 3.00124
13781339 10551206 3.45475
13781339 9507995 3.5119
13781339 10770747 3.57002
13781339 15220666 3.65473
13781339 3570876 4.02322
13781339 15188428 4.42382
13781339 16369354 4.78943
13781339 8316545 4.90884
13781339 234585 5.17099
13781339 7554470 5.7624
13781339 9393222 6.10951
13781339 9665451 6.12416
13781339 15102935 6.12894
13781339 14710058 6.21217
13781339 14890077 6.661
13781339 6584657 7.21914
13781339 5446114 7.37229
13781339 11266672 7.58864
13781339 4237332 7.95519
13781339 9731211 8.66275
13781339 16335158 9.14804
13781339 5868482 9.27526
13781339 11497231 10.3448
13781339 4915077 10.6285
13781339 16072230 10.7309
13781339 12565719 10.8185
13781339 6832555 10.9663
13781339 11677108 11.3106
13781339 8558513 11.3441
13781339 3911033 11.5332
13781339 13234458 12.3203
13781339 6196433 12.4392
13781339 10795398 12.7482
13781339 6258749 13.0596
13781339 15494462 13.4119
13781339 10980987 13.4651
13781339 7464281 14.345
13781339 190310 14.3995
13781339 4713512 15.014
13781339 7779279 15.2259
13781339 4379502 15.3725
13781339 7929849 15.4967
13781339 16132313 15.6362
13781339 6917736 16.5391
13781339 11249066 16.8362
13781339 3687737 18.0793
13781339 13061792 18.5249
13781339 8318316 19.3008
13781339 6073868 19.4161
13781339 12253735 19.9902
13781339 6279159 20.0138
13781339 7783228 21.2675
13781339 2221346 22.0709
13781339 15605019 22.2089
13781339 7787370 22.5494
13781339 7391800 22.5799
13781339 4845639 22.7436
13781339 2583447 23.2259
13781339 8366859 24.0307
13781339 8290834 24.3561
13781339 3670078 24.4135
13781339 11277119 24.4508
13781339 1092391 24.9939
13781339 3114627 25.4922
13781339 14165026 25.6467
13781339 309852 26.4669
13781339 9884051 26.5368
13781339 1338675 26.7743
13781339 4939969 26.8167
13781339 13538809 26.9823
13781339 16017231 27.2347
13781339 6126857 27.5422
6517709 9781661 1.75154
6517709 7224586 2.47101
6517709 7143268 2.51615
6517709 9960184 2.74931
6517709 6509220 3.0545
6517709 3430225 4.18615
6517709 7685370 4.93572
6517709 14752802 5.02218
6517709 10690758 5.8659
6517709 11543323 5.88406
6517709 12880132 6.01095
6517709 14025151 7.26401
6517709 9938825 7.30236
6517709 9762109 7.69825
6517709 2831955 7.77591
6517709 14537705 8.38917
6517709 14391159 8.53601
6517709 8963490 8.55356
6517709 7133879 8.89004
6517709 5133520 9.52097
6517709 8464302 9.80719
6517709 1540412 9.9112
6517709 5374732 9.9236
6517709 3076143 10.2814
6517709 11639609 10.5766
6517709 11479924 10.6098
6517709 3323676 10.6501
6517709 6194548 10.8051
6517709 11019465 11.2239
6517709 15594524 12.2384
6517709 4229682 12.287
6517709 13542535 12.5932
6517709 13537378 12.9629
6517709 5294841 13.1764
6517709 8867911 13.5381
6517709 16367479 14.0484
6517709 10545586 14.3749
6517709 14717076 14.955
6517709 6224278 15.0816
6517709 8729083 15.3931
6517709 11535871 15.6084
6517709 6726453 16.0328
6517709 7983687 16.0806
6517709 366243 16.2886
6517709 6726735 16.5843
6517709 16125269 16.7926
6517709 7091901 17.5022
6517709 6288747 17.8536
6517709 12104001 18.8128
6517709 11079443 19.0589
6517709 8413358 19.2458
6517709 8572553 19.5185
6517709 9652484 20.0675
6517709 12396451 20.5416
6517709 10519317 21.2954
6517709 14393444 21.9463
6517709 32065 22.7144
6517709 11778094 22.7639
6517709 6849068 22.8934
6517709 5178839 23.8236
6517709 1823759 23.9309
6517709 1143452 24.5869
6517709 3767908 24.7531
6517709 8473153 25.564
6517709 12055975 25.7639
6517709 13505507 25.8547
6517709 5071279 26.4817
6517709 7157702 27.2839
6517709 16284431 27.5145
6517709 4449672 27.9182
6517709 2904757 27.9939
6517709 7423193 28.2825
6517709 7457986 28.3151
6517709 15905429 28.3269
6517709 3292029 28.9619
6517709 6432949 29.1422
6517709 2886170 29.1627
6517709 5133071 29.2035
6517709 3277613 29.383
6517709 15016056 29.5193
6517709 12665681 29.7268
10606032 9470938 1.14731
10606032 928399 1.31115
10606032 15565367 1.40372
10606032 3066830 1.58284
10606032 10895749 1.90019
10606032 10181777 2.81286
10606032 7781064 3.16488
10606032 3541551 3.22328
10606032 414170 3.54616
10606032 8643519 3.77603
10606032 14179977 5.19151
10606032 11059562 5.2029
10606032 10266785 5.86236
10606032 14804072 5.99778
10606032 477279 6.25213
10606032 4907276 6.60519
10606032 16004218 6.74786
10606032 16466268 7.38538
10606032 867731 7.55514
10606032 7914386 8.08162
10606032 733704 8.87663
10606032 16123633 9.04067
10606032 9457433 9.13811
10606032 10754858 9.26173
10606032 2599025 9.31523
10606032 9368473 9.71131
10606032 12597077 9.82435
10606032 13032355 10.2877
10606032 4946087 10.3693
10606032 9858448 11.7766
10606032 14733389 11.9106
10606032 7733777 12.1083
10606032 16259345 12.6907
10606032 15520419 12.8185
10606032 16702378 14.2486
10606032 3723312 14.5182
10606032 6151266 15.0884
10606032 118170 15.263
10606032 1163820 15.3608
10606032 5270241 15.6602
10606032 4261141 15.8882
10606032 727646 15.9594
10606032 3040921 16.4632
10606032 8107626 17.1433
10606032 8129957 17.3865
10606032 8489906 17.5163
10606032 2910888 17.6266
10606032 4404919 19.7395
10606032 15554175 20.254
10606032 386885 20.6961
10606032 3055955 20.7047
10606032 8010597 20.7454
10606032 14099093 20.8472
10606032 13013603 20.8473
10606032 6591573 21.222
10606032 8309677 21.46
10606032 12490979 22.1272
10606032 848940 22.3853
10606032 2337523 22.4885
10606032 7012570 22.8375
10606032 4204551 23.2402
10606032 1731156 24.0374
10606032 11599766 24.7541
10606032 9352499 25.0909
10606032 11502075 25.3436
10606032 5402052 26.057
10606032 7340645 26.3012
10606032 14283804 28.3211
10606032 6957092 28.8024
10606032 8693933 29.0188
10606032 14073603 29.0375
10606032 1411721 29.0729
10606032 10303430 30.6563
10606032 5022913 31.2126
10606032 13139959 31.6948
10606032 2575696 32.0711
10606032 13301582 32.3806
13277721 5337610 1.62682
13277721 5006579 2.10904
13277721 4897841 2.38766
13277721 9151281 2.56771
13277721 5212471 2.64648
13277721 12675325 3.77015
13277721 14272647 4.47073
13277721 10931446 4.62937
13277721 6134313 5.03946
13277721 7920261 5.83108
13277721 3482663 5.99681
13277721 16661307 6.84077
13277721 8148366 7.55699
13277721 16104539 8.64189
13277721 13345246 8.64566
13277721 13560369 9.58804
13277721 10424426 9.62709
13277721 9879694 10.082
13277721 15000303 11.0142
13277721 8031089 11.1862
13277721 8004598 11.4981
13277721 9043542 11.8208
13277721 8222648 11.8786
13277721 11111194 12.8429
13277721 8287365 13.2829
13277721 10955102 13.3355
13277721 6793238 15.8971
13277721 12779722 15.9674
13277721 13253872 16.3298
13277721 12498152 16.5282
13277721 11334815 17.1935
13277721 3907272 18.2743
13277721 3929011 18.381
13277721 9527814 19.5173
13277721 11285369 20.4618
13277721 6116811 20.9308
13277721 13534559 21.0908
13277721 9619801 22.37
13277721 7065232 22.3742
13277721 1643397 22.5821
13277721 5867066 22.6865
13277721 7371996 22.6963
13277721 4991599 22.8316
13277721 2908060 23.9753
13277721 16447488 24.3643
13277721 273896 24.5359
13277721 9870771 24.8514
13277721 16400720 25.114
13277721 14158677 25.2376
13277721 105602 25.8129
13277721 636819 26.0984
13277721 6224379 26.5809
13277721 8633007 26.7583
13277721 245699 27.8198
13277721 2194618 28.3354
13277721 15972183 28.4246
13277721 9118392 28.9474
13277721 11777356 30.4549
13277721 14494690 31.1067
13277721 7915097 31.8465
13277721 11327557 32.7628
13277721 13762650 33.4246
13277721 9831631 33.6361
13277721 6373761 34.4809
13277721 12111674 34.8575
13277721 15429668 34.9775
13277721 7367018 35.213
13277721 3857892 35.4706
13277721 3459573 35.7986
13277721 4252192 36.0112
13277721 2512981 36.3049
13277721 1268111 36.8886
13277721 10507289 37.6224
13277721 4038523 37.8531
13277721 6273962 37.8852
13277721 13927474 38.268
13277721 9754855 38.2974
13277721 15957837 38.9788
