9844610 7544239 0.0501187
9844610 15358779 0.0740775
9844610 6995946 0.586449
9844610 4281401 1.01048
9844610 4427681 1.01844
9844610 3926872 1.10036
9844610 7253256 1.24039
9844610 889781 1.56621
9844610 5024012 1.64014
9844610 3854470 1.68941
9844610 13724872 1.75862
9844610 10228777 1.9122
9844610 8259830 1.96493
9844610 5267368 2.25605
9844610 12201006 2.27707
9844610 16618548 2.33214
9844610 14548510 2.62485
9844610 1258337 2.73562
9844610 3861649 2.9228
9844610 7446292 3.58813
9844610 2677139 3.93257
9844610 1950814 4.0469
9844610 8012609 4.06374
9844610 16494489 4.30288
9844610 4084301 4.33896
9844610 6015760 4.62933
9844610 12153322 4.67218
9844610 7065530 4.69766
9844610 350296 4.8927
9844610 15085083 5.36395
9844610 15465696 5.81328
9844610 15837163 5.82611
9844610 3263391 5.886
9844610 5950998 6.40162
9844610 14954761 6.48486
9844610 284281 6.50611
9844610 2712906 7.09743
9844610 10785430 7.33094
9844610 15358411 8.15936
9844610 2824824 8.28148
9844610 656449 9.54292
9844610 3421687 9.68262
9844610 10354256 10.3851
9844610 4405468 10.6573
9844610 16012080 10.744
9844610 11660990 10.8933
9844610 11133571 10.9474
9844610 8438278 10.9912
9844610 7967535 11.2107
9844610 15390308 11.3588
9844610 12538734 11.8941
9844610 15853036 11.967
9844610 4229260 12.13
9844610 286160 12.3586
9844610 5789958 12.6896
9844610 11035923 12.6932
9844610 14558193 13.1316
9844610 14603623 13.2456
9844610 4270706 13.4569
9844610 7839400 13.6032
9844610 2314404 13.6033
9844610 15576334 13.6804
9844610 10424387 13.7192
9844610 8103915 13.8434
9844610 13483150 14.343
9844610 1960045 14.4078
9844610 6145608 14.569
9844610 6764286 14.631
9844610 12038524 14.9073
9844610 5415829 15.3359
9844610 8127310 15.6376
9844610 5875663 16.0479
9844610 15973688 16.1565
9844610 10776263 16.2781
9844610 12544024 16.6701
9844610 4614621 16.8505
9844610 7291398 16.8944
9844610 2161897 16.9999
9844610 3966858 17.0672
9844610 10722615 17.1924
9844610 9786524 17.3804
9844610 6511219 17.4421
9844610 16061322 17.456
9844610 3489609 17.6223
16740664 8004954 0.0371062
16740664 16700944 1.03028
16740664 13845639 1.14229
16740664 8549608 1.17667
16740664 14045830 1.1922
16740664 11960171 1.56046
16740664 15624077 1.57011
16740664 14496369 1.8207
16740664 9343096 1.84828
16740664 838426 1.87996
16740664 8351187 1.96814
16740664 12317238 2.11909
16740664 4859196 2.18117
16740664 8465733 2.52524
16740664 16147420 2.54014
16740664 10296708 2.75952
16740664 3571354 2.80551
16740664 3279838 3.53335
16740664 4496517 3.85253
16740664 1931306 4.07514
16740664 5208208 4.31112
16740664 1451816 4.32228
16740664 13859391 4.41017
16740664 15381884 4.42325
16740664 6110714 4.62249
16740664 6560340 4.66231
16740664 11578733 4.72587
16740664 6571936 4.85972
16740664 2896893 5.31064
16740664 12556944 5.41917
16740664 14618972 5.72957
16740664 4820858 6.04715
16740664 9086699 6.08382
16740664 36523 6.34146
16740664 10582654 6.61441
16740664 7395895 7.32982
16740664 13071336 7.60188
16740664 5152724 7.66888
16740664 7827511 7.92537
16740664 9524063 7.96295
16740664 5802096 8.06286
16740664 7079618 8.17114
16740664 1673312 8.186
16740664 2325434 8.35529
16740664 2420826 8.52763
16740664 14400715 9.07987
16740664 4591919 9.12143
16740664 14324800 9.1278
16740664 13971052 9.32455
16740664 13954889 9.49609
16740664 2894094 9.77812
16740664 4363891 9.84433
16740664 12511749 9.88882
16740664 12989331 11.1263
16740664 12907373 11.6517
16740664 4106834 11.7428
16740664 15614016 11.7455
16740664 6497593 12.1739
16740664 16609855 12.4197
16740664 3999405 12.4926
16740664 941640 12.8457
16740664 3816509 13.0014
16740664 6543068 13.0596
16740664 3679747 13.1572
16740664 8932383 13.181
16740664 9937737 13.1927
16740664 12055747 13.247
16740664 16566221 13.746
16740664 7840260 13.8884
16740664 12390239 14.091
16740664 11655856 14.2173
16740664 7194700 14.4975
16740664 2837524 14.7146
16740664 10606397 15.0701
16740664 8488211 15.2347
16740664 15357120 15.4782
16740664 5902403 15.5452
16740664 7219827 15.5738
16740664 14083290 15.7783
16740664 6830196 16.1873
16740664 1926775 16.3252
16740664 7243993 16.47
9596783 484090 0.121007
9596783 4149389 0.591428
9596783 11092014 0.604211
9596783 11365233 1.02862
9596783 8895167 1.11583
9596783 15988105 1.27272
9596783 2850259 1.51751
9596783 15366375 1.70281
9596783 15529501 1.94177
9596783 15127812 2.07594
9596783 15201382 2.15941
9596783 16479052 2.26861
9596783 9887026 2.37091
9596783 10122076 2.43655
9596783 9128888 2.49145
9596783 7785379 2.56129
9596783 13655422 2.58938
9596783 15358528 2.79188
9596783 15214445 2.82684
9596783 13143202 3.00286
9596783 12557596 3.11583
9596783 9300517 3.48586
9596783 13954402 3.75668
9596783 4220063 3.78041
9596783 15719417 4.2009
9596783 8658280 4.33614
9596783 7877505 4.53277
9596783 4524037 4.66289
9596783 3841467 4.89989
9596783 4564332 5.51044
9596783 714564 5.55249
9596783 13276250 5.97372
9596783 11241418 6.14559
9596783 8256142 7.05147
9596783 15576149 7.57309
9596783 14461394 7.6408
9596783 3445878 8.2516
9596783 10603661 8.31685
9596783 3457362 8.51078
9596783 8644565 8.91584
9596783 2214550 8.97027
9596783 14173212 9.04653
9596783 1500922 9.13969
9596783 12654446 9.19071
9596783 9743560 9.3622
9596783 12652695 9.41831
9596783 16195216 9.82405
9596783 14048577 9.97928
9596783 7556958 10.2
9596783 14954911 10.3093
9596783 16590319 10.5539
9596783 10448708 10.8594
9596783 15809884 10.8643
9596783 11911434 10.902
9596783 1538001 10.9388
9596783 3760464 11.0509
9596783 13008427 11.3612
9596783 8081929 11.7748
9596783 7186865 12.0932
9596783 16591723 12.2174
9596783 14448207 12.2856
9596783 15130826 12.2935
9596783 12762532 12.6804
9596783 2659245 13.2491
9596783 8795513 13.4017
9596783 14860474 13.4593
9596783 14079510 13.8335
9596783 6058914 13.9583
9596783 10247955 13.9784
9596783 10845792 14.2171
9596783 13988933 14.4163
9596783 8284616 14.4215
9596783 15027926 14.5191
9596783 8502202 14.5921
9596783 3812887 14.9467
13424732 1468496 0.262463
13424732 16621786 0.389363
13424732 7629589 0.502574
13424732 5545610 0.580789
13424732 4191432 0.659526
13424732 11298664 0.908116
13424732 7133817 1.13867
13424732 14255894 1.40357
13424732 14997453 1.69737
13424732 11763223 1.75863
13424732 13943990 1.82986
13424732 8187393 1.96685
13424732 10977772 2.00162
13424732 7819298 2.82634
13424732 2637899 2.97911
13424732 5185644 3.23965
13424732 5233110 3.36271
13424732 1441460 4.08702
13424732 13080507 4.69372
13424732 14351080 5.46709
13424732 8431243 5.50186
13424732 15418376 5.66445
13424732 5382914 5.76432
13424732 3791309 5.86515
13424732 13211060 6.0144
13424732 2028456 6.01859
13424732 14926883 6.14563
13424732 13408426 7.38248
13424732 7870448 7.62955
13424732 7680516 7.79029
13424732 507816 8.29637
13424732 6232260 8.31806
13424732 6828931 8.403
13424732 13567406 8.54042
13424732 1447155 8.60402
13424732 7885734 8.75525
13424732 3781859 8.9405
13424732 2037771 9.05038
13424732 11685810 9.19608
13424732 15321964 9.26745
13424732 9591015 9.29901
13424732 10143514 9.71122
13424732 7241575 9.79282
13424732 9055186 9.88378
13424732 2616146 10.1195
13424732 3318296 10.1872
13424732 11079522 10.1973
13424732 14582560 10.3146
13424732 4910193 10.3159
13424732 1388987 10.3218
13424732 5448528 10.5433
13424732 14735993 10.7436
13424732 1526750 11.1858
13424732 121433 11.381
13424732 16673644 11.5399
13424732 7747880 11.5944
13424732 4361964 11.8748
13424732 2227057 12.0413
13424732 6291167 12.639
13424732 6746500 13.0725
13424732 6481563 13.1601
13424732 3770856 13.2566
13424732 16332491 13.515
13424732 2199400 13.6756
13424732 12615817 13.9908
13424732 6555930 14.0443
13424732 12779064 14.1007
13424732 11568287 14.254
13424732 20942 14.2558
13424732 11637411 14.5321
13424732 14164277 14.7396
13424732 15680007 15.3317
13424732 12359209 15.3383
13424732 15707347 15.4419
13424732 12549337 15.5037
13424732 8217671 15.6816
13424732 3199213 15.7765
13424732 16064359 15.8862
13424732 9927006 15.9187
13424732 1642288 16.0141
13424732 12586881 16.5003
13424732 10833106 79.2904
11015202 11667808 0.0821354
11015202 12215470 0.116677
11015202 15291834 0.132151
11015202 5567646 0.186093
11015202 10469382 0.198592
11015202 11318478 0.250147
11015202 8302656 0.811206
11015202 15612512 0.879624
11015202 3282505 1.21683
11015202 13270949 1.52073
11015202 7944370 1.86146
11015202 15850948 1.87774
11015202 6453492 1.89146
11015202 4226757 2.36983
11015202 13022406 2.80587
11015202 9211509 2.89824
11015202 896387 3.03811
11015202 7318908 3.14197
11015202 5683125 3.32629
11015202 16278458 3.5969
11015202 7658764 4.06231
11015202 16182446 4.14613
11015202 12523703 4.58168
11015202 8719370 4.64655
11015202 11115008 5.27302
11015202 185154 5.47539
11015202 12715673 5.67758
11015202 1507987 5.76288
11015202 13697121 6.18479
11015202 8647219 6.99954
11015202 13446449 7.30563
11015202 6201874 7.32322
11015202 12188106 7.43313
11015202 10707517 7.67752
11015202 15671333 7.87821
11015202 15761005 8.02397
11015202 6197134 8.41413
11015202 7645972 8.48833
11015202 7723684 8.60225
11015202 16423430 8.72614
11015202 11066958 9.75535
11015202 5195953 9.78279
11015202 892387 10.782
11015202 15188556 11.0931
11015202 7819749 11.2616
11015202 13102197 11.2996
11015202 465977 11.3314
11015202 16139267 12.2084
11015202 12099715 12.6593
11015202 14024946 12.8629
11015202 13444856 13.0066
11015202 324168 13.1219
11015202 12610965 14.0764
11015202 14972455 14.6662
11015202 6974631 14.7054
11015202 6549220 14.7711
11015202 1085323 15.077
11015202 6087821 15.5122
11015202 758810 15.6062
11015202 4531506 15.7661
11015202 7591622 16.1686
11015202 1187790 16.1769
11015202 13804817 16.2881
11015202 843604 16.7323
11015202 13510446 17.1927
11015202 13315921 17.3182
11015202 14694642 17.8619
11015202 3921684 17.88
11015202 13343567 18.0006
11015202 4094449 18.0785
11015202 323202 18.1498
11015202 3228735 18.1633
11015202 3789640 18.4034
11015202 2308314 19.3584
11015202 4546732 19.3875
11015202 6599968 20.0024
11015202 14419410 20.2145
11015202 2813970 20.5301
11015202 9522191 20.7297
2605778 14020376 56.9506
2605778 12401383 57.4307
2605778 10692153 57.593
2605778 14263145 57.9374
2605778 14688103 58.1427
2605778 2378784 58.382
2605778 2836555 58.5149
2605778 14427269 59.3776
2605778 2201822 59.4335
2605778 2384625 59.4467
2605778 10338299 60.2521
2605778 15787579 61.4479
2605778 2387970 62.0137
2605778 9990640 62.0785
2605778 8780818 62.3048
2605778 9765390 62.3623
2605778 7691575 62.3848
2605778 4504531 62.743
2605778 9392128 63.0131
2605778 14992882 64.6146
2605778 8848652 65.7402
2605778 13146360 65.8854
2605778 2916822 67.0926
2605778 11923463 67.4579
2605778 6344580 67.9612
2605778 15788427 68.281
2605778 7573180 68.491
2605778 7344240 68.9335
2605778 16217662 69.3298
2605778 16106623 69.4982
2605778 11069785 69.6007
2605778 12607688 70.1889
2605778 14132595 70.7186
2605778 8292492 70.8665
2605778 2957299 71.5748
2605778 4187991 72.5422
2605778 3176635 72.5447
2605778 8374721 73.5298
2605778 16464902 74.0616
2605778 2710020 74.7179
2605778 9833113 74.7723
2605778 7609763 76.0182
2605778 7335899 76.7646
2605778 13862681 77.284
2605778 4420910 77.7006
2605778 15734139 79.841
2605778 11714969 79.8438
2605778 536096 80.4869
2605778 2505180 80.7367
2605778 130522 81.041
2605778 214565 81.0547
2605778 2497846 81.0768
2605778 13457110 81.251
2605778 15757403 81.3195
2605778 4277603 83.0834
2605778 16284112 83.1556
2605778 14060606 83.1672
2605778 9526090 83.3503
2605778 16117694 83.5644
2605778 15698798 83.5645
2605778 11901601 84.1183
2605778 15061706 84.1611
2605778 7436123 85.0686
2605778 9791445 85.4761
2605778 5060190 85.5049
2605778 13753618 86.0371
2605778 4729243 86.1568
2605778 12030636 86.3396
2605778 16596013 86.9389
2605778 16514551 87.3876
2605778 8102314 88.142
2605778 16530771 88.5461
2605778 1199839 88.6421
2605778 3790025 88.7633
2605778 3707549 89.0325
2605778 14538505 89.4059
2605778 7840049 90.6127
2605778 15400003 509.963
2605778 6621759 510.15
5975182 11606617 0.189856
5975182 3967200 0.266483
5975182 8998072 0.671355
5975182 8691361 0.829908
5975182 6801718 2.20269
5975182 6665966 2.21229
5975182 14619210 2.37235
5975182 8497562 2.42276
5975182 1596202 2.44072
5975182 13084429 2.78105
5975182 9175380 4.06718
5975182 11692755 4.30334
5975182 16078889 5.10749
5975182 13028590 5.6487
5975182 1203996 5.78892
5975182 10998460 5.97186
5975182 7682537 6.1838
5975182 15747148 6.1895
5975182 6473828 6.36857
5975182 271304 6.71331
5975182 14535276 6.86999
5975182 3481011 7.45319
5975182 9047487 8.04136
5975182 3517902 8.09632
5975182 10854718 8.25385
5975182 2329745 8.68358
5975182 14851818 9.03559
5975182 8910787 9.95992
5975182 3974997 10.6929
5975182 9719779 11.5619
5975182 385872 12.0279
5975182 509545 12.2698
5975182 6879124 13.2981
5975182 2386822 14.0571
5975182 15127172 14.0695
5975182 16100689 14.4409
5975182 14695430 14.5752
5975182 15876133 15.0067
5975182 16174784 15.1584
5975182 11569680 15.3727
5975182 1181204 15.6926
5975182 8072553 15.8396
5975182 5281030 15.9246
5975182 712242 16.3257
5975182 14736079 16.6161
5975182 8490978 16.6551
5975182 4016442 17.4763
5975182 3526719 17.5123
5975182 15490279 18.0575
5975182 13179544 18.3131
5975182 1855482 18.4466
5975182 12091491 18.5737
5975182 10369363 18.8276
5975182 14893387 19.2514
5975182 8866325 19.4702
5975182 13981286 19.5774
5975182 16299060 20.112
5975182 15528096 20.7844
5975182 4052661 21.7062
5975182 15133941 21.7212
5975182 5089443 21.8498
5975182 2392191 22.2516
5975182 3309979 22.3858
5975182 15014223 23.7635
5975182 14585986 23.8007
5975182 7600268 24.2842
5975182 4548327 24.4713
5975182 5840163 25.4383
5975182 11349843 25.5131
5975182 7971620 25.6757
5975182 13264113 26.0864
5975182 7947552 26.6368
5975182 15815750 26.7243
5975182 5506163 27.114
5975182 12289882 27.4817
5975182 15221809 28.2274
1357406 7287085 0.312079
1357406 12651212 0.582001
1357406 13403020 0.738253
1357406 12543852 0.940106
1357406 2448826 1.40405
1357406 7846197 2.06841
1357406 9518821 2.54383
1357406 4818653 3.25238
1357406 9842565 3.46269
1357406 563313 3.55429
1357406 4167675 3.77542
1357406 8203126 4.12775
1357406 9305051 4.17642
1357406 7659212 5.00476
1357406 3946700 5.59085
1357406 5709975 5.94908
1357406 12881651 7.40339
1357406 14258780 7.70636
1357406 12271174 7.91199
1357406 13880263 8.00972
1357406 4787136 8.8296
1357406 14692657 8.90469
1357406 14904907 8.95614
1357406 14125071 9.14875
1357406 8558783 9.712
1357406 13311881 9.73917
1357406 12602308 10.2746
1357406 3139748 10.4736
1357406 4103910 10.6734
1357406 2797427 10.6752
1357406 11283336 11.4484
1357406 8391002 11.6576
1357406 16269770 11.701
1357406 5567437 12.0188
1357406 4196624 12.2131
1357406 14076831 12.3496
1357406 14594238 12.4816
1357406 4754878 12.923
1357406 6390656 13.1304
1357406 16631944 13.1642
1357406 2269849 13.2182
1357406 649203 13.3872
1357406 15569135 13.4132
1357406 8236435 14.0567
1357406 2421316 15.5263
1357406 3270037 15.7129
1357406 15021315 16.1277
1357406 9270553 16.6516
1357406 12832394 17.0565
1357406 5391010 17.0973
1357406 15971373 17.1285
1357406 4857389 17.5084
1357406 16083367 18.4824
1357406 14706343 18.5497
1357406 2882210 18.8769
1357406 4644854 18.9449
1357406 15350829 19.9095
1357406 13068124 20.6
1357406 37003 20.8924
1357406 3725800 21.0522
1357406 10499491 21.167
1357406 1155533 22.5841
1357406 1361386 23.6555
1357406 7885243 24.3935
1357406 6206092 24.4131
1357406 14888852 25.3678
1357406 7759149 25.4004
1357406 3277518 26.1456
1357406 5143295 26.1482
1357406 4449397 26.756
1357406 15412984 26.8866
1357406 6897851 26.9807
1357406 14511083 27.1038
1357406 6707642 27.5912
1357406 16476429 27.8801
1357406 10923388 28.0998
1357406 4831790 28.4776
1357406 2415912 28.7021
1357406 5892534 28.9067
1357406 368680 29.5183
1357406 16013676 30.7851
8295084 10798265 0.533867
8295084 2296072 0.704689
8295084 6872945 0.747329
8295084 932054 0.817106
8295084 1858574 1.06214
8295084 9189291 1.32567
8295084 4954874 1.6708
8295084 8086451 1.77559
8295084 10548231 2.06191
8295084 12181079 2.20611
8295084 12281051 2.48023
8295084 10402796 2.57901
8295084 1368676 2.97518
8295084 4960752 3.27244
8295084 7116888 3.55906
8295084 12409100 3.65803
8295084 14174078 3.97097
8295084 6576465 4.41927
8295084 3217749 4.45894
8295084 3337603 4.65924
8295084 2706428 5.24008
8295084 14389673 6.6182
8295084 13089898 6.71993
8295084 12265060 7.15247
8295084 10313254 7.64041
8295084 2469944 8.25375
8295084 4955056 8.6094
8295084 15405141 8.65718
8295084 11292695 9.06472
8295084 2739262 10.2346
8295084 8573101 11.1847
8295084 4825941 11.2645
8295084 15542240 12.5371
8295084 5835602 12.7894
8295084 3203798 12.8459
8295084 9487068 13.1223
8295084 12362828 14.1888
8295084 5657136 14.376
8295084 13829871 14.6512
8295084 12325914 14.9092
8295084 5581503 17.1213
8295084 2690763 17.1466
8295084 16268754 17.3127
8295084 12880179 17.4902
8295084 10140954 17.9208
8295084 14510287 17.9795
8295084 3211704 18.1157
8295084 3699548 18.3109
8295084 6836588 18.4011
8295084 9031870 18.7694
8295084 10636001 19.2096
8295084 12538547 19.2581
8295084 685041 19.4915
8295084 14952428 19.6558
8295084 11945549 20.3448
8295084 7254298 20.5732
8295084 2034900 20.6971
8295084 214348 20.8702
8295084 13936366 20.9436
8295084 16273707 21.0921
8295084 2388621 21.3828
8295084 3429413 21.6671
8295084 14846270 22.2314
8295084 3653691 22.3663
8295084 11476291 22.4983
8295084 7075184 23.3377
8295084 15385465 23.547
8295084 3129360 23.9231
8295084 16425129 24.4745
8295084 13415412 26.2473
8295084 8068791 26.4373
8295084 15775282 27.0201
8295084 6611521 27.1429
8295084 16400306 27.7033
8295084 2906077 27.8315
8295084 3178817 28.3046
8295084 15671070 28.3918
10874320 3505453 0.0185061
10874320 3578078 0.527836
10874320 936472 1.09577
10874320 10701085 1.19001
10874320 1068936 1.25478
10874320 11593796 1.41587
10874320 10060239 1.69402
10874320 7240610 1.70923
10874320 9333983 1.86779
10874320 11944905 2.04289
10874320 15660114 2.89193
10874320 5563371 3.6188
10874320 2524929 3.82252
10874320 14860539 3.85442
10874320 9638561 3.9717
10874320 16513940 4.78929
10874320 11154811 4.96301
10874320 14185896 5.27286
10874320 1876843 5.32815
10874320 11526515 5.3886
10874320 2511911 6.31885
10874320 3722585 6.81453
10874320 5600829 7.02843
10874320 10953102 7.14393
10874320 508368 7.29862
10874320 6782313 8.6299
10874320 4320774 9.05618
10874320 700106 10.0783
10874320 12704365 11.9414
10874320 10759054 12.2702
10874320 16109677 12.3938
10874320 13497386 12.402
10874320 16539816 12.5134
10874320 13310897 12.6366
10874320 8759770 13.9532
10874320 14115338 14.6321
10874320 3719699 15.0211
10874320 1971532 15.1358
10874320 6978207 15.6641
10874320 15818145 15.7492
10874320 3954734 16.1008
10874320 3221642 16.2231
10874320 2711928 16.9476
10874320 7613798 17.1965
10874320 1329060 17.5872
10874320 9380895 17.9685
10874320 3906349 18.1628
10874320 6121687 18.5869
10874320 11758759 18.689
10874320 16057626 19.1524
10874320 5457812 19.2609
10874320 3785866 19.3107
10874320 5446335 20.3323
10874320 6414962 20.3557
10874320 14091028 20.5517
10874320 12534815 21.6089
10874320 11600296 22.681
10874320 2450131 22.7661
10874320 3829047 23.3925
10874320 2688897 23.5595
10874320 3850218 23.5993
10874320 11416096 23.8942
10874320 11037910 24.8438
10874320 5027686 25.6331
10874320 8098193 26.0417
10874320 3285143 26.0685
10874320 8775576 26.4872
10874320 2882749 26.8646
10874320 1123467 27.0597
10874320 3472450 27.149
10874320 9796349 28.6421
10874320 15346045 28.8554
10874320 14274153 29.1975
10874320 16604487 29.5275
10874320 10007635 30.0751
10874320 12709101 30.3833
10874320 9562730 30.3934
10874320 6480998 30.9327
10874320 12851224 30.9921
10874320 12954464 31.006
10874320 6822001 31.1366
10874320 16372836 31.1429
13513520 10597038 0.0849625
13513520 10883341 1.01112
13513520 4267283 1.06823
13513520 6308588 1.23535
13513520 6390731 1.30435
13513520 14839957 2.00888
13513520 10202528 2.21363
13513520 8903392 2.7873
13513520 5895186 2.79085
13513520 2194314 3.26469
13513520 2637616 3.31283
13513520 2996217 3.40624
13513520 8252482 3.74718
13513520 6720745 3.94032
13513520 2316567 4.05476
13513520 4139444 4.10461
13513520 2206329 4.53306
13513520 960275 5.43328
13513520 10693471 5.66139
13513520 9138153 6.0727
13513520 342217 6.76242
13513520 12859697 7.17992
13513520 7932916 7.55233
13513520 2035153 7.8062
13513520 11731809 8.94479
13513520 1581052 9.80565
13513520 12953983 9.93244
13513520 6740527 9.94506
13513520 13664262 10.1115
13513520 14657674 10.8375
13513520 11014707 11.1071
13513520 13165284 11.2258
13513520 11440090 11.5548
13513520 6501896 11.8152
13513520 1539904 11.8962
13513520 12106680 12.6144
13513520 10983526 12.6565
13513520 9955927 13.9815
13513520 14333158 14.9942
13513520 5280134 15.8324
13513520 8604068 15.8556
13513520 10679246 16.4591
13513520 9097322 16.886
13513520 12068369 16.9928
13513520 2827743 17.4695
13513520 2321895 17.513
13513520 8916990 17.8905
13513520 6435366 18.1517
13513520 11331991 18.1695
13513520 95313 18.788
13513520 13658159 18.8386
13513520 14972133 19.3415
13513520 16448700 19.857
13513520 5253522 20.2927
13513520 10160171 20.7447
13513520 4776237 20.7525
13513520 697313 20.969
13513520 2377455 21.3979
13513520 12214105 21.8593
13513520 4941627 21.9056
13513520 14972159 22.0863
13513520 16180327 22.3658
13513520 7732177 22.4095
13513520 14437359 22.6251
13513520 13923478 22.763
13513520 3641907 22.829
13513520 10890580 23.2629
13513520 4040626 23.6142
13513520 4551961 23.8595
13513520 703333 23.9427
13513520 1516658 24.0213
13513520 14006267 24.1031
13513520 13200545 24.2556
13513520 10473924 24.3777
13513520 8627338 24.5291
13513520 10922555 25.5946
13513520 10424046 26.5388
13513520 8851249 26.7451
7496083 2778474 0.459312
7496083 6721308 0.554599
7496083 5733879 0.56852
7496083 4476728 0.941543
7496083 6909863 1.28745
7496083 954992 1.49534
7496083 16658767 1.57411
7496083 13565405 1.98944
7496083 10399168 2.31746
7496083 6458536 2.42243
7496083 10967047 3.36237
7496083 16158140 3.75681
7496083 12715192 4.66147
7496083 13940298 4.93254
7496083 8567942 6.03193
7496083 10424329 6.07087
7496083 9516679 6.87872
7496083 14918816 7.89303
7496083 1851246 9.2787
7496083 15769289 9.34322
7496083 3241802 9.4734
7496083 1653590 9.59794
7496083 3474377 9.89131
7496083 14701384 11.0161
7496083 15879462 11.0542
7496083 13299230 11.2038
7496083 14728623 12.375
7496083 5753979 12.403
7496083 15394137 12.4528
7496083 11036140 12.6441
7496083 1651458 13.2699
7496083 9009877 13.4402
7496083 1477497 13.4519
7496083 3124520 13.6023
7496083 15605513 13.8118
7496083 13840058 14.6268
7496083 12215626 14.7719
7496083 16201363 14.8657
7496083 14435083 15.1138
7496083 12924752 15.2156
7496083 10448366 15.3457
7496083 4749755 15.4396
7496083 9446780 15.9065
7496083 13315705 16.186
7496083 14227368 16.9524
7496083 2404774 16.9597
7496083 5416772 17.1271
7496083 12270401 17.6692
7496083 9672706 18.6818
7496083 14333933 19.5178
7496083 5574958 19.5945
7496083 3189529 20.4222
7496083 15198673 21.0102
7496083 9374946 21.0376
7496083 11563835 21.0678
7496083 4764453 21.474
7496083 8994116 22.2819
7496083 7267471 22.7138
7496083 9121040 22.846
7496083 7961790 23.0422
7496083 5925641 23.0726
7496083 13358323 23.4144
7496083 11848086 23.4237
7496083 15701013 23.7072
7496083 10357366 23.8343
7496083 2109124 24.5849
7496083 16315484 25.0267
7496083 2214936 25.4921
7496083 11935683 25.5763
7496083 12375765 26.1872
7496083 567707 27.4008
7496083 7426486 27.644
7496083 6361766 27.9689
7496083 10825348 27.9831
7496083 11338292 28.0309
7496083 9305157 28.2074
7496083 3029064 28.2365
7496083 13157349 28.2988
7496083 5913201 28.8939
7496083 15042233 29.6938
7496083 768263 169
5325926 13315392 0.454649
5325926 4732822 0.462862
5325926 7273533 0.64031
5325926 10347530 0.714492
5325926 14962813 0.718469
5325926 1502029 0.813291
5325926 5542367 1.08716
5325926 11601316 1.12689
5325926 4534664 1.19357
5325926 1450626 1.24243
5325926 12380150 2.81213
5325926 11924745 3.96183
5325926 4755004 4.02292
5325926 13523149 4.1999
5325926 9512341 5.09932
5325926 12338458 5.27116
5325926 5538649 5.282
5325926 12848502 5.31487
5325926 8095251 5.60421
5325926 14325726 5.81503
5325926 6316900 6.22457
5325926 2038414 6.22967
5325926 10941087 6.32427
5325926 3762352 6.32661
5325926 1169526 6.35439
5325926 16509591 6.54894
5325926 4478694 6.89107
5325926 3164869 6.90295
5325926 12427105 7.04471
5325926 8442793 7.066
5325926 1945720 7.10346
5325926 8832222 7.16495
5325926 3656801 7.21051
5325926 14494086 7.34444
5325926 5267470 7.35648
5325926 8818118 7.56658
5325926 5628030 7.67353
5325926 6778953 7.78216
5325926 6489351 8.05004
5325926 2472021 8.2017
5325926 10698345 8.37129
5325926 2852689 8.61261
5325926 11667318 8.63896
5325926 1818286 8.90524
5325926 6754968 8.91055
5325926 8681542 9.50586
5325926 9935958 9.67487
5325926 4928122 9.94982
5325926 12701124 10.2957
5325926 15492023 10.7533
5325926 15840296 10.9265
5325926 3533306 11.119
5325926 166006 11.1337
5325926 8098206 11.3225
5325926 14902515 11.3252
5325926 6451336 11.8128
5325926 4309805 12.0614
5325926 9967808 12.2716
5325926 9948950 12.3559
5325926 4111477 12.6035
5325926 5856860 12.6806
5325926 16348864 12.8217
5325926 4939977 12.9132
5325926 3854834 13.1307
5325926 6359012 13.2271
5325926 5820689 13.2884
5325926 5129335 13.3235
5325926 10144973 13.4524
5325926 1556980 14.1485
5325926 425324 14.1881
5325926 13762350 14.3145
5325926 9976293 14.3862
5325926 7285709 14.5136
5325926 14295901 14.5281
5325926 5881390 14.7947
5325926 4277543 14.867
5325926 6420392 14.9154
5325926 7486220 14.9346
5325926 13991076 14.9741
5325926 11934283 15.3363
5325926 12256080 15.6372
5325926 11771392 15.6818
5325926 10514400 15.7107
2572794 4043821 0.336675
2572794 11546980 0.339405
2572794 15446048 0.596072
2572794 11431714 0.722811
2572794 13429824 0.758423
2572794 3145470 0.773595
2572794 10254880 0.863313
2572794 15005956 0.921906
2572794 261749 0.98063
2572794 1888041 1.38173
2572794 425771 1.61585
2572794 13275640 1.65769
2572794 2015455 1.75839
2572794 13637139 2.61228
2572794 4009136 2.77704
2572794 10493057 2.78204
2572794 15288989 2.81708
2572794 693052 2.888
2572794 12294072 3.21768
2572794 9898195 3.24175
2572794 2869275 3.37516
2572794 11046196 3.57748
2572794 10160921 3.84744
2572794 726414 3.86354
2572794 10761922 4.00566
2572794 1494981 5.02873
2572794 5857293 5.03651
2572794 6281843 5.7195
2572794 2187988 5.812
2572794 13294433 6.0552
2572794 14715730 6.26049
2572794 6813385 6.38687
2572794 13763467 6.47808
2572794 16148640 6.55896
2572794 4778521 6.82363
2572794 8809858 6.84042
2572794 15642337 6.91676
2572794 3293296 7.14267
2572794 4595317 7.30506
2572794 5239822 7.3945
2572794 15267119 7.73935
2572794 12958925 7.77135
2572794 12746529 8.00395
2572794 3485629 8.34008
2572794 5176252 8.62665
2572794 15587482 8.8772
2572794 9453672 8.9401
2572794 6322746 9.24589
2572794 10496290 9.6232
2572794 2926218 9.64842
2572794 2396311 9.64859
2572794 10356700 9.77558
2572794 12638358 10.4003
2572794 5395599 10.4537
2572794 11867681 10.6774
2572794 11773550 10.824
2572794 2971748 11.1801
2572794 8591950 11.3832
2572794 8973474 11.8756
2572794 8006008 12.0492
2572794 13764470 12.076
2572794 13685067 12.5049
2572794 13115278 12.8882
2572794 5247696 13.0837
2572794 12210827 13.3236
2572794 6057428 13.5137
2572794 11625471 13.6014
2572794 8531055 13.8909
2572794 16430033 13.9866
2572794 15735313 14.6245
2572794 8648663 14.6955
2572794 2825518 14.7784
2572794 16513539 14.9753
2572794 16336579 15.0612
2572794 10517934 15.209
2572794 12977481 15.3324
2572794 13855126 15.348
2572794 570156 15.4568
2572794 16504267 15.7947
2572794 12867627 16.0245
2572794 11468048 16.9152
2572794 14051765 17.3079
2572794 8715196 17.3723
2572794 15553974 17.572
2572794 2477826 17.8489
15498877 10688172 0.0990495
15498877 4418885 0.452915
15498877 11640365 0.572078
15498877 3613164 0.799252
15498877 14026407 1.0453
15498877 5799822 1.07469
15498877 3498953 1.15981
15498877 16603822 1.25752
15498877 15128120 1.27977
15498877 6525419 1.53414
15498877 6898742 1.72854
15498877 2260504 1.73104
15498877 1120031 1.77802
15498877 13346345 1.98711
15498877 1844 2.06339
15498877 629688 2.11297
15498877 7040869 2.37412
15498877 2488166 2.55371
15498877 5594906 2.67371
15498877 823458 2.92655
15498877 4207132 3.0607
15498877 11137428 3.24733
15498877 2285149 3.43004
15498877 3363032 3.53664
15498877 13441265 3.88724
15498877 10184059 3.93878
15498877 3744631 3.95729
15498877 15035966 3.97769
15498877 9824146 4.05986
15498877 729309 4.90424
15498877 9770392 5.0637
15498877 9284220 5.22415
15498877 13281353 5.37243
15498877 8852830 5.6621
15498877 14930698 5.92809
15498877 3968167 5.94314
15498877 6618834 6.2731
15498877 9916242 6.28671
15498877 3385063 6.38646
15498877 10192695 6.61269
15498877 1344165 6.77859
15498877 11715674 6.90531
15498877 1747805 6.91353
15498877 4643472 6.97198
15498877 5979866 7.04032
15498877 1847427 7.08247
15498877 11176919 7.12216
15498877 15815206 7.4259
15498877 9376000 7.43384
15498877 5691328 7.70413
15498877 3143621 8.03076
15498877 1859689 8.31481
15498877 13227194 8.75329
15498877 4092076 8.75465
15498877 5300775 8.81645
15498877 14804992 9.02346
15498877 13075175 9.21607
15498877 201376 9.56757
15498877 2708039 9.58382
15498877 4158217 9.87093
15498877 3912740 9.93068
15498877 5456293 9.98988
15498877 10538328 10.0636
15498877 11610141 10.2467
15498877 5664797 10.4169
15498877 13549263 10.4649
15498877 8886584 10.524
15498877 13297461 10.5944
15498877 5094587 10.6575
15498877 7001761 10.7316
15498877 14565529 11.201
15498877 15416445 11.6391
15498877 10563416 19
15498877 5681638 11.7733
15498877 16318349 12.1719
15498877 7322897 12.7007
15498877 13352823 12.73
15498877 4553556 13.2044
15498877 10734305 13.466
15498877 2703559 13.5162
15498877 9278261 13.696
15498877 11160353 13.9798
15498877 5476575 15.0418
15498877 15754604 15.3168
13384228 13848178 0
13384228 2895357 0
13384228 2933189 0
13384228 569260 0
13384228 10111696 0
13384228 12503169 0
13384228 541588 0
13384228 6669671 0
13384228 4278070 0
7013652 7166832 0.131468
7013652 1001677 0.157938
7013652 7749261 0.240907
7013652 5078090 0.937672
7013652 6142889 1.69037
7013652 5147089 1.81635
7013652 3231044 1.98395
7013652 234862 2.07541
7013652 1592323 2.50243
7013652 15424261 2.67954
7013652 16124066 2.71953
7013652 9219567 2.80938
7013652 10037363 3.16816
7013652 4649822 3.36637
7013652 11516866 3.38248
7013652 5521754 3.96247
7013652 6406453 3.98194
7013652 12788061 4.21858
7013652 14224559 4.50292
7013652 10944648 4.51733
7013652 10361797 4.64939
7013652 10329382 4.85644
7013652 1577922 4.95443
7013652 4643387 5.59841
7013652 2662154 5.88649
7013652 906810 6.02892
7013652 3405138 6.30553
7013652 7915080 6.71882
7013652 1436662 6.84934
7013652 1015074 6.85044
7013652 2501289 6.96196
7013652 15748176 7.31583
7013652 14959288 7.37157
7013652 13271476 7.73884
7013652 2757313 7.83701
7013652 10941063 8.17973
7013652 2159542 8.22236
7013652 10510245 8.51325
7013652 8904257 8.63845
7013652 6362520 8.81376
7013652 9100285 8.85814
7013652 9823029 9.03406
7013652 1517141 9.33849
7013652 10337182 9.38074
7013652 16462136 9.65937
7013652 15992555 9.68998
7013652 11451049 9.7182
7013652 10339197 9.85247
7013652 2911875 10.1479
7013652 13088176 10.2622
7013652 16532294 10.3151
7013652 5813135 10.4788
7013652 5296568 11.2337
7013652 15328219 11.7054
7013652 1552944 12.3762
7013652 5067000 12.5592
7013652 6178629 12.8417
7013652 10664904 12.9499
7013652 3849794 13.4004
7013652 10090150 13.4414
7013652 14459037 13.4644
7013652 5177581 13.7135
7013652 2491254 13.7444
7013652 6222762 13.7993
7013652 5375446 14.4182
7013652 1633518 14.5087
7013652 15003552 14.603
7013652 267244 14.6309
7013652 16727233 14.8494
7013652 15484920 14.8626
7013652 11455250 14.8933
7013652 12108240 15.8413
7013652 1887823 16.4737
7013652 1501254 16.52
7013652 2090929 17.0848
7013652 4385090 17.1946
7013652 1300521 17.345
7013652 1744164 17.6127
7013652 15144310 17.6801
7013652 3863222 17.8125
7013652 11848547 17.9771
5944533 14002585 0.014436
5944533 15282350 0.910075
5944533 15427107 0.92184
5944533 14756312 1.10281
5944533 15916450 1.25317
5944533 3936822 1.48783
5944533 6333991 1.48965
5944533 62999 1.63576
5944533 14346857 1.90566
5944533 11317915 2.47471
5944533 10326963 2.73814
5944533 11983941 2.82219
5944533 7371520 3.3235
5944533 10566838 3.82227
5944533 11125389 3.93414
5944533 201902 4.10425
5944533 4251399 4.16689
5944533 4216404 4.2568
5944533 761545 4.44115
5944533 13379490 4.54161
5944533 6164127 5.22644
5944533 1231879 5.494
5944533 12143020 6.43458
5944533 12375702 6.48847
5944533 10741791 6.50464
5944533 2432721 6.61996
5944533 1547206 6.82511
5944533 16445627 7.08004
5944533 3431063 7.14442
5944533 12700649 7.23707
5944533 5441506 7.37913
5944533 192340 7.47617
5944533 2350052 7.62338
5944533 11194566 7.63744
5944533 3884946 7.74776
5944533 16632693 8.12597
5944533 13625181 8.19908
5944533 3848915 8.29284
5944533 10588512 8.47092
5944533 5933585 8.85381
5944533 1913784 9.03844
5944533 6429455 9.31657
5944533 14433432 9.64426
5944533 1456958 9.80256
5944533 3765267 10.3501
5944533 14510609 10.8219
5944533 7511946 10.8333
5944533 8073251 10.8573
5944533 8082054 10.8718
5944533 11510374 10.9355
5944533 14671131 10.97
5944533 5955424 11.2337
5944533 12190204 11.3104
5944533 10012102 11.6192
5944533 9243347 11.9843
5944533 8628656 12.3053
5944533 8790437 12.9256
5944533 14428653 13.0903
5944533 15008908 13.6493
5944533 3347648 13.6796
5944533 13336112 13.7415
5944533 4763885 13.8349
5944533 9905043 14.2325
5944533 12359300 14.9773
5944533 5826035 15.0628
5944533 7134194 15.0908
5944533 12874181 15.1691
5944533 14370071 15.4181
5944533 8399012 15.9597
5944533 7177769 16.0867
5944533 2732919 16.2918
5944533 16130222 16.5172
5944533 815043 16.6722
5944533 12452864 16.7201
5944533 1865928 16.8112
5944533 1515208 16.9276
5944533 6149446 17.2278
5944533 2889547 17.3178
5944533 3102733 17.437
5944533 12196794 17.7278
5944533 367032 17.8567
308804 8384598 0.0992325
308804 503015 0.303196
308804 3418468 0.543756
308804 14826102 0.716767
308804 3734304 0.7786
308804 14103369 1.00342
308804 5493651 1.09248
308804 2030039 1.12326
308804 1540246 1.14233
308804 15692846 1.50173
308804 1403278 1.95907
308804 7621036 2.12584
308804 5559486 2.35976
308804 14033796 2.40987
308804 10423143 2.81151
308804 4465801 2.84551
308804 190566 3.23504
308804 723582 3.30361
308804 11078045 3.53997
308804 10957729 3.61909
308804 1798985 4.27044
308804 10111230 4.47282
308804 4115379 4.54321
308804 2445965 4.75586
308804 15954174 5.09835
308804 3263908 5.81101
308804 6327384 5.97806
308804 9800905 6.33019
308804 463239 6.67477
308804 15515070 6.82504
308804 8696764 7.18922
308804 2466562 7.29863
308804 902136 7.42967
308804 4810511 7.47967
308804 6034629 7.74095
308804 6575236 7.78527
308804 10868825 8.05544
308804 6316510 8.13884
308804 13403434 8.25322
308804 3436978 8.93732
308804 4651913 9.26479
308804 7708386 9.35302
308804 4259467 9.65029
308804 4909926 9.67768
308804 8440145 9.74088
308804 13523512 9.79461
308804 2042989 9.82822
308804 13092514 9.83214
308804 2992569 9.90043
308804 1341158 9.92183
308804 14229845 9.95945
308804 10561672 10.2203
308804 7849883 10.5014
308804 1365182 10.7161
308804 2875986 10.7185
308804 10118352 10.7848
308804 2049622 11.0834
308804 6599605 11.318
308804 1879090 11.3195
308804 321612 11.3878
308804 7621966 11.4198
308804 16092742 11.4986
308804 415391 11.65
308804 7356119 12.136
308804 4561340 12.1775
308804 16358170 12.5029
308804 10457676 12.5238
308804 14331734 12.5344
308804 10901443 12.7152
308804 1506050 12.7798
308804 8545420 12.8771
308804 3951309 12.9731
308804 4298203 13.2864
308804 15116823 13.3113
308804 10510455 13.5709
308804 6664079 13.9556
308804 12012050 14.0306
308804 718930 14.0928
308804 12983902 14.1513
308804 5035826 14.2244
308804 7279404 14.5719
308804 460148 14.7252
308804 10092786 85.4288
4845626 15464487 0.32621
4845626 9259724 0.609741
4845626 16037792 0.843355
4845626 12417500 0.992719
4845626 7489872 1.06572
4845626 15928499 1.0901
4845626 15665550 1.16211
4845626 870532 1.18257
4845626 15530885 1.30927
4845626 5667556 1.45511
4845626 13400967 1.65212
4845626 13338684 2.10585
4845626 12405377 2.20578
4845626 7181846 2.5641
4845626 3983465 2.69461
4845626 3091323 2.83834
4845626 15652319 3.31893
4845626 2141076 3.40069
4845626 813023 3.70786
4845626 12404579 3.7306
4845626 2982119 3.734
4845626 9716713 3.80018
4845626 14927193 3.92924
4845626 7522462 3.94515
4845626 15948063 4.28427
4845626 10724560 4.37933
4845626 4799635 4.63688
4845626 6049482 5.21033
4845626 5543100 5.22602
4845626 2522641 5.41034
4845626 13991742 5.58996
4845626 3296357 5.64738
4845626 5813621 5.6783
4845626 4672403 6.20892
4845626 3757118 6.4233
4845626 4902914 6.4807
4845626 4713813 6.71275
4845626 12081511 6.75573
4845626 2453406 6.82482
4845626 478394 8.00707
4845626 10661396 8.15387
4845626 9394569 8.61505
4845626 13449493 8.62728
4845626 5957052 8.66464
4845626 15729353 9.1563
4845626 3718817 9.30667
4845626 2909870 9.58712
4845626 8152567 10.0653
4845626 5594354 10.1708
4845626 10407701 10.4637
4845626 2493439 10.9176
4845626 2165277 11.1296
4845626 7082987 11.4984
4845626 14924992 12.4037
4845626 3864514 12.9617
4845626 13561109 13.2428
4845626 4618544 13.3387
4845626 5396575 13.5821
4845626 1902117 13.6117
4845626 543308 13.8117
4845626 10074495 13.9097
4845626 7115461 14.1737
4845626 12149862 15.2159
4845626 11253742 15.2576
4845626 10198201 15.5366
4845626 11201867 15.5391
4845626 680250 15.6676
4845626 7273763 15.6885
4845626 16177631 16.1109
4845626 15102671 16.1493
4845626 8887027 17.3834
4845626 7333388 17.6786
4845626 6674863 17.742
4845626 11002297 103.864
4845626 14185668 105.586
4845626 14883620 106
4845626 13730314 106
4845626 11266893 106
4845626 10646458 106
15259619 10339923 0.021572
15259619 3575779 0.191933
15259619 11574319 0.344255
15259619 14174225 0.451407
15259619 1014902 0.503363
15259619 8662778 0.796535
15259619 5552783 1.40088
15259619 10084403 1.5234
15259619 9121132 1.82905
15259619 515072 2.04065
15259619 1640499 2.12819
15259619 3219315 2.31061
15259619 4176680 2.52717
15259619 14410389 2.61194
15259619 10846883 2.90552
15259619 3069341 3.53841
15259619 3199741 4.397
15259619 9515335 4.48425
15259619 16102408 5.29878
15259619 9218198 5.34881
15259619 5756086 5.3757
15259619 14500995 5.38144
15259619 10941398 5.97166
15259619 406613 6.08018
15259619 13490847 6.39585
15259619 7806849 6.43743
15259619 12389429 6.44758
15259619 7401725 6.90263
15259619 6685048 6.9616
15259619 2842351 7.35446
15259619 14116437 7.78506
15259619 6523105 7.85906
15259619 831065 7.86118
15259619 4770894 7.92511
15259619 11920750 8.02448
15259619 2841806 8.04799
15259619 3150217 8.66273
15259619 12700298 8.94929
15259619 16770700 9.57922
15259619 4561632 10.1083
15259619 12945119 10.3344
15259619 6438808 10.4661
15259619 5663483 10.5337
15259619 257106 10.5554
15259619 13974993 10.8094
15259619 11322183 10.8142
15259619 4206122 10.866
15259619 4981986 10.8891
15259619 2822974 11.0542
15259619 733817 11.096
15259619 9315785 11.1011
15259619 13464536 11.1628
15259619 222837 11.6734
15259619 14604049 11.8951
15259619 11449419 12.2002
15259619 13978499 12.3406
15259619 15527259 12.505
15259619 8639761 12.6878
15259619 1335569 12.869
15259619 13958622 12.9962
15259619 4624345 13.0217
15259619 8341507 13.3219
15259619 3901837 13.5337
15259619 13829153 13.7835
15259619 15744848 14.3641
15259619 728695 14.3848
15259619 13022731 14.558
15259619 6824182 14.5641
15259619 1401876 14.5656
15259619 16430206 14.6571
15259619 13451427 15.1105
15259619 6176994 15.248
15259619 15797823 15.4135
15259619 13367848 15.8444
15259619 7550255 16.0739
15259619 15708207 16.3665
6184709 7049525 0.157137
6184709 3992900 0.176785
6184709 7037996 0.187803
6184709 13633441 0.489641
6184709 10053460 0.718925
6184709 7286005 0.947559
6184709 3865618 1.32578
6184709 8923107 2.77997
6184709 9457601 3.00642
6184709 3979812 3.25635
6184709 1494359 3.32248
6184709 14430794 3.34937
6184709 14859853 4.25762
6184709 12463064 6.03615
6184709 4363295 6.06531
6184709 12382792 7.29745
6184709 3069137 7.34692
6184709 7318249 7.6282
6184709 5517594 8.11951
6184709 1339070 8.50376
6184709 198515 8.69071
6184709 13864073 8.79122
6184709 13822000 9.0347
6184709 10412149 9.07786
6184709 14636957 9.4877
6184709 7809263 10.7299
6184709 11679996 11.2028
6184709 215506 11.6203
6184709 3590676 12.6137
6184709 2338515 13.0144
6184709 2908165 13.0974
6184709 8493548 13.5682
6184709 16693105 13.5797
6184709 15819306 13.8235
6184709 3529369 14.0148
6184709 5753599 14.478
6184709 11448605 16.0749
6184709 12905094 16.347
6184709 14296156 16.8031
6184709 2003222 17.3895
6184709 9607480 17.4243
6184709 10793228 17.6057
6184709 8359564 18.2276
6184709 10415104 18.3738
6184709 1644743 18.531
6184709 8687683 19.0103
6184709 11463060 19.2669
6184709 9012791 19.8836
6184709 10015865 20.5157
6184709 3555238 21.2577
6184709 15431875 21.7285
6184709 16469151 22.4934
6184709 793192 22.501
6184709 6292137 22.642
6184709 6308263 22.6799
6184709 282275 23.1486
6184709 12044922 23.4946
6184709 15952618 24.3362
6184709 2400566 24.8908
6184709 11351190 25.5601
6184709 16088289 25.817
6184709 4433838 25.8352
6184709 13644086 25.9773
6184709 1192640 26.878
6184709 4333887 27.0682
6184709 6241263 27.069
6184709 1649605 27.0737
6184709 2492734 27.2775
6184709 1094798 27.7981
6184709 3536129 28.0134
6184709 4025420 29.858
6184709 13282812 30.9095
6184709 13644799 31.6514
6184709 7036890 31.8429
6184709 9021666 32.0137
6184709 11674782 32.09
6184709 12349046 32.5329
15583100 14897306 0.762369
15583100 10899432 1.27982
15583100 15399573 1.49629
15583100 6257060 1.51853
15583100 15786837 1.52847
15583100 950833 1.60737
15583100 4219185 3.2105
15583100 9977310 3.21777
15583100 11764890 3.47614
15583100 11208754 3.58422
15583100 5487773 3.92133
15583100 5125948 3.93535
15583100 3868416 4.04003
15583100 14329674 4.04351
15583100 7435422 4.7474
15583100 9964404 5.14103
15583100 16676348 5.79166
15583100 4554755 5.84619
15583100 1808549 6.70279
15583100 1254403 7.31744
15583100 11423203 7.39159
15583100 858707 7.47076
15583100 3808155 7.48365
15583100 4916094 7.73883
15583100 13659916 7.74454
15583100 2175591 7.78754
15583100 401407 7.88906
15583100 246207 8.77946
15583100 13617422 10.1207
15583100 13496450 10.3433
15583100 6007231 10.8284
15583100 1409623 12.5034
15583100 12222065 12.6573
15583100 4291369 13.8826
15583100 4359682 14.2221
15583100 4330591 14.3127
15583100 7300848 14.8277
15583100 15731708 14.9413
15583100 6487307 15.3719
15583100 2380052 15.4445
15583100 12503607 15.5113
15583100 6664506 15.8114
15583100 7351977 16.1468
15583100 2597575 16.4547
15583100 3876798 16.675
15583100 8216007 16.7676
15583100 6639129 17.0146
15583100 4762710 17.0721
15583100 11268379 17.2417
15583100 8586531 17.4894
15583100 3213909 17.813
15583100 2840196 18.0672
15583100 14703894 18.9184
15583100 15350729 18.9723
15583100 13877186 19.2349
15583100 2302578 19.8531
15583100 6778104 20.2166
15583100 9213425 20.3935
15583100 13421243 20.6313
15583100 3136255 20.7762
15583100 11485739 20.9356
15583100 9678115 21.3759
15583100 13958864 21.6949
15583100 5057882 21.8959
15583100 16187106 22.3237
15583100 14321436 22.683
15583100 4813933 22.6914
15583100 10540834 22.7061
15583100 8074836 23.159
15583100 15168183 23.7868
15583100 12963254 24.2215
15583100 14527493 24.2522
15583100 3924538 24.357
15583100 4956692 24.5285
15583100 2290774 369.956
15583100 3698977 372.641
15583100 3886800 373.426
15583100 16087824 374.5
16026768 13671092 1.21764
16026768 8466783 1.27932
16026768 9413334 1.52113
16026768 13194352 1.68049
16026768 6825252 2.00365
16026768 11809267 2.3524
16026768 14619503 2.90042
16026768 12621410 3.04549
16026768 9914904 3.07342
16026768 7461639 3.21047
16026768 7648859 3.40629
16026768 3682393 3.48353
16026768 1712478 3.64013
16026768 14526834 3.78115
16026768 10942637 3.81386
16026768 4572208 3.90549
16026768 1708201 4.22934
16026768 13541083 4.24037
16026768 2380461 4.4012
16026768 8759985 4.49295
16026768 6768139 5.17655
16026768 1773829 5.18894
16026768 15167551 5.51438
16026768 10623483 6.02641
16026768 1577968 6.23498
16026768 4487043 6.36777
16026768 3208762 6.5704
16026768 2633800 7.56015
16026768 3330387 7.6745
16026768 832345 8.60517
16026768 9933321 8.86506
16026768 2284778 10.0353
16026768 7115572 10.3456
16026768 8053555 10.4939
16026768 4636576 10.5722
16026768 16035312 10.9499
16026768 2064958 11.0157
16026768 7067525 11.0928
16026768 4340398 11.7114
16026768 15964915 12.0204
16026768 13396287 12.2263
16026768 14056896 13.7719
16026768 9351090 14.9141
16026768 11188370 14.9832
16026768 4173324 15.0131
16026768 8747098 15.0699
16026768 12169784 15.0795
16026768 8791632 15.4702
16026768 11667341 15.8818
16026768 10201897 15.9118
16026768 7025237 16.4539
16026768 10466353 16.4544
16026768 3606502 16.6833
16026768 16213297 17.029
16026768 6484819 17.3184
16026768 5074174 17.7742
16026768 6493484 18.9304
16026768 9443677 19.112
16026768 8968614 19.768
16026768 10160358 20.3321
16026768 3209850 20.9118
16026768 16244767 20.9516
16026768 2811718 21.0728
16026768 11454789 21.0937
16026768 9263340 21.3359
16026768 12258688 21.7089
16026768 1455468 22.276
16026768 16479279 22.6742
16026768 12620835 23.4015
16026768 1802961 23.4662
16026768 2817195 23.4795
16026768 11597769 23.4966
16026768 12517229 24.7352
16026768 12569420 24.873
16026768 10224922 25.2239
16026768 11155787 25.2827
16026768 12896973 25.2855
16026768 7134254 25.3735
5151106 8122917 0.0848045
5151106 14647725 0.0926413
5151106 11385906 0.458663
5151106 10382067 0.808008
5151106 8934174 1.3359
5151106 569098 1.61662
5151106 1008786 1.68419
5151106 6000769 1.84833
5151106 8577297 1.87951
5151106 13675314 2.38252
5151106 3760703 2.79335
5151106 15780273 2.85336
5151106 15758743 3.5608
5151106 12116990 3.65719
5151106 13838540 3.7309
5151106 4448118 3.97811
5151106 1427928 4.12985
5151106 9726777 4.49781
5151106 6209054 4.65936
5151106 5305355 5.30713
5151106 12531916 5.61936
5151106 5837624 5.86719
5151106 14794005 6.11061
5151106 12158788 6.11825
5151106 2793205 7.17988
5151106 12117608 7.30347
5151106 12693825 7.68062
5151106 6034389 8.99698
5151106 15586534 10.3199
5151106 7429339 10.7797
5151106 3516847 10.9784
5151106 15759091 11.9123
5151106 275658 12.3488
5151106 15498956 12.5032
5151106 15039528 14.1608
5151106 10164587 14.5522
5151106 12374920 14.7895
5151106 13622047 14.8063
5151106 7053489 15.1073
5151106 10149116 15.2666
5151106 14534741 16.0683
5151106 1998964 16.3326
5151106 16756878 16.3414
5151106 15310928 17.0151
5151106 9850977 18.0676
5151106 16595170 18.7068
5151106 5070837 19.1283
5151106 15576870 19.3671
5151106 4427577 19.5452
5151106 3102941 21.318
5151106 2541133 21.4869
5151106 16361082 21.93
5151106 6654977 22.0182
5151106 2054792 23.038
5151106 9188238 23.0502
5151106 10450585 23.1316
5151106 12958331 23.2806
5151106 11771378 23.426
5151106 6444910 23.5814
5151106 15875982 24.3898
5151106 749828 25.0873
5151106 15159344 26.7089
5151106 11623099 27.2421
5151106 4997511 27.6549
5151106 1103905 27.7469
5151106 2843366 28.0485
5151106 11529102 28.4198
5151106 8923727 28.5349
5151106 14105303 28.5746
5151106 2748086 29.9488
5151106 13540340 30.2127
5151106 9180388 30.2591
5151106 13499173 30.9689
5151106 2771863 31.6907
5151106 13243188 32.3405
5151106 16129246 32.6416
5151106 16216392 32.9315
5151106 7390762 34.5849
5151106 1784329 35.3435
5151106 16025532 35.3494
5151106 14278849 35.4282
5151106 10844311 35.5297
5151106 4468141 35.8752
322702 1185104 0
322702 3577601 0
322702 3570489 0
322702 1243496 0
322702 8355739 0
322702 15518967 0
322702 1262400 0
322702 3653905 0
322702 5916642 0
322702 8308147 0
8375542 9663465 9.14068
8375542 4882252 9.16121
8375542 10976240 9.4872
8375542 13456719 9.69097
8375542 7173115 10.0111
8375542 2423669 10.1625
8375542 7987398 10.8635
8375542 15073896 10.9258
8375542 1959800 11.0823
8375542 4464055 11.1163
8375542 11990496 11.7612
8375542 13622774 11.8188
8375542 6475264 11.8283
8375542 1489138 11.9172
8375542 14660773 12.5443
8375542 10103472 12.5883
8375542 5992052 12.8023
8375542 10509662 12.9624
8375542 5122935 13.0049
8375542 13244322 13.0947
8375542 13247005 13.7398
8375542 3010096 14.1799
8375542 5944120 14.4424
8375542 7040939 14.7216
8375542 9915412 14.9688
8375542 1784256 15.1136
8375542 3352618 15.3577
8375542 2265986 15.4747
8375542 10822833 15.6265
8375542 3879705 15.7032
8375542 1813175 15.9982
8375542 1310197 16.0898
8375542 5238525 16.3422
8375542 10291135 16.6454
8375542 15010310 17.0304
8375542 7919804 17.4745
8375542 12806956 17.8331
8375542 4617000 18.0422
8375542 7227969 18.3298
8375542 10772412 18.5344
8375542 10157112 18.6731
8375542 6083381 19.3413
8375542 11432327 19.6613
8375542 4281280 19.7022
8375542 1274738 21.003
8375542 4100568 21.3117
8375542 4677998 21.3155
8375542 8131312 21.9021
8375542 461134 22.6897
8375542 5559436 24.0038
8375542 11899653 24.115
8375542 9158542 24.6896
8375542 9183423 24.7871
8375542 15177634 24.9868
8375542 3085823 25.1932
8375542 1327163 25.295
8375542 8451990 25.3384
8375542 10831198 25.4952
8375542 10890220 26.1961
8375542 4966765 26.2272
8375542 9309598 26.5429
8375542 2490779 26.5719
8375542 3719490 26.6533
8375542 8629848 26.8674
8375542 9445579 27.5371
8375542 13560737 27.8171
8375542 12320267 28.0072
8375542 7731904 28.1199
8375542 8507672 28.5193
8375542 5339005 28.7475
8375542 5474549 29.2199
8375542 2844817 29.5591
8375542 14874485 29.7031
8375542 3354102 29.7898
8375542 2971633 29.9479
8375542 10949864 30.0021
8375542 10312624 30.5842
8375542 10609114 31.0282
8375542 4819968 31.8885
8375542 7534131 32.3985
8375542 15946460 33.0339
8375542 90907 33.1045
8375542 16105946 33.2673
8375542 16118734 33.8419
8375542 9067846 34.1207
8375542 10987332 34.4066
8375542 14135428 34.8706
8375542 2685029 34.9908
8375542 15846676 35.5835
8375542 2110088 36.1415
8375542 13548843 36.318
8375542 10736307 36.9775
8375542 5351300 37.7716
8375542 1407630 37.8113
8375542 5019634 38.0377
8375542 16097965 39.5812
8375542 10948462 40.3708
8375542 2116526 40.8269
8375542 9777501 41.0412
8375542 13230635 42.6966
8375542 13624128 43.304
8375542 15510253 43.3377
8375542 10951862 43.5777
8375542 13714388 43.9431
8375542 14095945 43.9722
8375542 1511589 44.6467
8375542 8297900 44.9852
8375542 1082371 45.6046
8375542 5055715 45.6138
8375542 4417862 45.9229
8375542 4380421 46.1271
8375542 13306348 46.6871
8375542 1045859 47.1805
8375542 6018787 47.4944
8375542 13902987 47.7446
8375542 11240961 50.5549
8375542 622478 50.7338
8375542 10844364 50.7894
8375542 14045176 50.8232
8375542 7944679 487
7222706 1671184 331.962
7222706 5719774 333.058
7222706 10629679 333.561
7222706 5721207 334.329
7222706 3241534 335.53
7222706 3123726 336.936
7222706 5953769 337.115
7222706 3928251 337.529
7222706 10739663 338.517
7222706 9145411 338.954
7222706 8563991 339.663
7222706 725565 339.757
7222706 1107933 339.848
7222706 3535138 339.865
7222706 13834852 340.585
7222706 13618676 340.985
7222706 11337199 341.648
7222706 4984996 342.045
7222706 11697041 342.174
7222706 12833621 342.383
7222706 9537402 342.434
7222706 15134642 342.663
7222706 12520999 342.725
7222706 14821320 343.517
7222706 16114127 343.558
7222706 2307252 344.744
7222706 1944419 345.191
7222706 11253811 345.934
7222706 10518842 346.374
7222706 14956450 346.436
7222706 16318967 346.584
7222706 3598717 346.85
7222706 3557170 346.963
7222706 15633933 347.226
7222706 9630961 347.321
7222706 15189731 347.67
7222706 4989788 348.017
7222706 10485639 348.273
7222706 16323549 348.427
7222706 2513706 348.524
7222706 11901330 349.674
7222706 6711203 349.84
7222706 156246 350.399
7222706 14885799 350.568
7222706 13372230 351.779
7222706 15910177 352.663
7222706 13665690 352.67
7222706 15737368 352.82
7222706 12808672 352.847
7222706 7673392 353.044
7222706 9201245 353.2
7222706 13093367 353.289
7222706 16592423 354.436
7222706 11507850 354.942
7222706 10618388 355.197
7222706 1630649 355.591
7222706 9370098 355.719
7222706 9512341 356.391
7222706 5538649 356.574
7222706 8095251 356.896
7222706 6316900 357.517
7222706 2038414 357.522
7222706 10941087 357.616
7222706 3762352 357.619
7222706 1169526 357.646
7222706 16509591 357.841
7222706 4478694 358.183
7222706 3164869 358.195
7222706 12427105 358.337
7222706 1945720 358.395
7222706 3656801 358.502
7222706 8818118 358.859
7222706 5628030 358.965
7222706 6778953 359.074
7222706 2472021 359.494
7222706 10698345 359.663
7222706 11667318 359.931
7222706 1818286 360.197
7222706 6754968 360.202
7222706 9935958 360.967
7222706 4928122 361.242
7222706 9792988 362.39
7222706 166006 362.426
7222706 14902515 362.617
7222706 6451336 363.105
7222706 9967808 363.564
7222706 9948950 363.648
7222706 4111477 363.895
7222706 16348864 364.114
7222706 3854834 364.423
7222706 6359012 364.519
7222706 10144973 364.744
7222706 13762350 365.606
7222706 9976293 365.678
7222706 5881390 366.087
7222706 6420392 366.207
7222706 11934283 366.628
7222706 11771392 366.974
7222706 10514400 367.003
7222706 6330566 485.947
7222706 7322433 487.49
7222706 3863347 489.235
7222706 422264 489.966
11424606 16562505 300.518
11424606 13475337 300.731
11424606 6957725 301.806
11424606 10812980 301.972
11424606 8205488 302.002
11424606 15581331 302.272
11424606 2616533 302.321
11424606 2692421 303.126
11424606 6046582 303.568
11424606 11645388 304.253
11424606 14132109 304.83
11424606 14705812 305.577
11424606 3057646 306.097
11424606 13961460 306.348
11424606 8287833 307.164
11424606 7494796 307.513
11424606 2150860 307.632
11424606 5958195 308.756
11424606 12174131 309.312
11424606 5165624 309.371
11424606 12023950 309.465
11424606 10010851 309.488
11424606 5926267 309.908
11424606 2309323 309.996
11424606 4091586 310.144
11424606 8214040 311.048
11424606 4439575 311.406
11424606 1972793 311.516
11424606 9223269 311.679
11424606 955255 311.715
11424606 10043466 312.722
11424606 16639842 312.733
11424606 6759159 312.755
11424606 15257715 313.13
11424606 6119730 314.641
11424606 7134190 315.102
11424606 15650833 315.938
11424606 9034047 315.993
11424606 14053029 316.418
11424606 16173801 316.631
11424606 9917571 316.876
11424606 14342779 316.912
11424606 5905550 316.923
11424606 13687083 316.954
11424606 6017406 318.865
11424606 13050305 318.895
11424606 2245492 320.332
11424606 11769772 320.46
11424606 15786443 320.881
11424606 1237336 321.056
11424606 5281001 321.127
11424606 9425186 321.154
11424606 901697 321.242
11424606 7062649 321.527
11424606 15025901 321.669
11424606 10523816 321.689
11424606 4548208 321.95
11424606 5868372 323.025
11424606 6527810 323.171
11424606 9449386 323.62
11424606 7700984 323.771
11424606 7531592 324.47
11424606 5829599 325.216
11424606 1391227 326.036
11424606 16736399 326.219
11424606 2246694 326.578
11424606 15722493 326.758
11424606 9573742 326.802
11424606 8362020 327.943
11424606 6543536 328.131
11424606 8483440 328.541
11424606 14804121 329.009
11424606 3582630 329.103
11424606 732872 329.165
11424606 16231208 329.652
11424606 15891107 329.969
11424606 10610277 330.265
11424606 6508190 330.881
11424606 4972827 330.923
11424606 12509598 330.955
14509029 7940175 266.126
14509029 5422696 266.723
14509029 15819095 266.752
14509029 5187243 266.928
14509029 11525858 267.031
14509029 8064574 267.037
14509029 5332147 267.264
14509029 2140754 268.199
14509029 14238473 268.422
14509029 12459199 268.637
14509029 13326617 269.158
14509029 11674008 269.255
14509029 15086744 269.797
14509029 3335951 269.953
14509029 5111516 270.183
14509029 4499442 270.205
14509029 11499318 270.741
14509029 4906193 271.134
14509029 11033701 272.28
14509029 12808627 272.658
14509029 7030429 272.699
14509029 15885214 273.396
14509029 14857606 274.038
14509029 3795268 274.413
14509029 1416571 274.509
14509029 8405287 275.065
14509029 3487578 275.356
14509029 3893639 275.359
14509029 14554593 275.472
14509029 4925847 275.582
14509029 608241 276.001
14509029 9065269 278.494
14509029 8124948 278.643
14509029 16037185 278.72
14509029 7691305 279.127
14509029 11578111 279.585
14509029 14494144 280.011
14509029 7656652 280.223
14509029 3088865 280.246
14509029 7153864 280.987
14509029 14060460 281.072
14509029 3077402 282.017
14509029 7126008 283.29
14509029 3101124 283.675
14509029 10902295 283.698
14509029 5966187 284.089
14509029 15173462 284.151
14509029 2891253 284.242
14509029 9583862 284.54
14509029 4942932 285.238
14509029 7511869 285.524
14509029 12578632 286.046
14509029 975105 286.141
14509029 15192094 287.778
14509029 8755442 288.462
14509029 10485790 289.184
14509029 8756286 289.328
14509029 14089771 289.713
14509029 2421259 290.057
14509029 6389574 290.086
14509029 11986693 290.494
14509029 1710052 290.81
14509029 5947899 291.061
14509029 11489766 291.372
14509029 472606 291.471
14509029 5383877 291.713
14509029 3220497 292.625
14509029 8066381 292.672
14509029 12617504 293.419
14509029 3272176 293.436
14509029 7146172 294.037
14509029 190334 294.09
14509029 6736495 294.195
14509029 15634802 294.252
14509029 10792878 294.427
14509029 9222069 295.651
14509029 14766078 295.884
14509029 12599113 297.148
14509029 9784704 297.473
14509029 2933987 298.805
10084026 85848 235.92
10084026 177879 236.152
10084026 12511173 236.314
10084026 11766940 236.848
10084026 4427431 236.987
10084026 14858808 237.067
10084026 8757598 237.139
10084026 16104395 237.775
10084026 16561221 238.215
10084026 13891252 238.298
10084026 14728826 238.328
10084026 4052780 238.693
10084026 2121917 239.175
10084026 11661940 239.339
10084026 5232087 239.646
10084026 4162442 241.183
10084026 13841428 242.172
10084026 8309653 242.208
10084026 6300006 242.227
10084026 11723511 242.344
10084026 11832260 242.714
10084026 9803329 243.274
10084026 12594868 244.169
10084026 4135786 244.212
10084026 14741987 244.437
10084026 8580551 244.74
10084026 14900602 244.867
10084026 711076 245.148
10084026 3324237 245.262
10084026 14884485 245.551
10084026 13609431 247.366
10084026 4459247 247.515
10084026 5931134 247.855
10084026 4448057 248.242
10084026 5605871 248.404
10084026 3583429 248.729
10084026 12724695 248.965
10084026 1740436 249.265
10084026 3040073 249.404
10084026 11277540 250.253
10084026 168282 251.005
10084026 7764073 251.301
10084026 13300624 251.754
10084026 964070 252.269
10084026 1999822 252.285
10084026 5493958 252.425
10084026 14991902 252.616
10084026 8015216 254.144
10084026 13613461 254.214
10084026 16776741 254.508
10084026 16438301 254.673
10084026 8539081 255.045
10084026 2925083 255.478
10084026 752251 255.583
10084026 221034 255.719
10084026 14779573 255.942
10084026 1936741 256.054
10084026 10024595 256.11
10084026 6339604 256.456
10084026 6696846 256.52
10084026 7957737 256.967
10084026 6917873 257.365
10084026 14723095 257.894
10084026 9382728 258.164
10084026 7427484 259.05
10084026 16755064 259.832
10084026 208462 261.03
10084026 15235239 261.224
10084026 7352777 261.358
10084026 11988386 261.743
10084026 13389818 262.61
10084026 16460041 262.812
10084026 8911027 263.133
10084026 6924959 263.226
10084026 13788175 263.552
10084026 543318 263.577
10084026 9049383 263.783
10084026 12396314 264.766
10084026 11702993 265.319
10084026 6381607 265.387
10084026 1709279 265.647
15937845 10766829 199.981
15937845 2291665 200.546
15937845 13516314 201.159
15937845 16678244 201.34
15937845 16230432 202.137
15937845 491477 202.738
15937845 4658726 203.795
15937845 3524175 203.837
15937845 15206345 204.197
15937845 7647030 204.238
15937845 13993301 204.786
15937845 7530972 206.091
15937845 14079428 207.507
15937845 12491278 207.609
15937845 4021574 207.766
15937845 6509290 207.891
15937845 291842 208.67
15937845 6874053 208.825
15937845 3745523 209.521
15937845 5720480 209.905
15937845 12515491 210.059
15937845 521175 211.105
15937845 7591903 211.266
15937845 10130737 211.71
15937845 6320396 212.453
15937845 2686097 212.744
15937845 13626165 213.606
15937845 11611482 214.81
15937845 9136429 214.88
15937845 6780470 214.989
15937845 472947 216.58
15937845 538457 216.737
15937845 4110659 216.799
15937845 14690328 216.816
15937845 422740 217.253
15937845 14701719 217.412
15937845 1499914 218.486
15937845 15335240 219.344
15937845 1325410 219.534
15937845 7807593 220.076
15937845 197388 220.285
15937845 297793 220.304
15937845 16559808 220.336
15937845 15584127 220.654
15937845 13962381 220.786
15937845 10795227 221.128
15937845 14173017 221.292
15937845 15450052 222.007
15937845 1669196 222.322
15937845 5058000 222.616
15937845 11565632 222.955
15937845 14538460 223.331
15937845 820430 223.561
15937845 3163994 224.341
15937845 2008846 224.652
15937845 316010 225.149
15937845 3251202 225.294
15937845 8904251 226.024
15937845 10543469 227.02
15937845 11042996 227.812
15937845 9920623 228.05
15937845 15548021 228.562
15937845 3618995 228.619
15937845 1979660 229.42
15937845 5152400 229.967
15937845 5807559 230.022
15937845 1061571 230.105
15937845 10629016 230.232
15937845 2142809 230.588
15937845 9220341 231.867
15937845 8350970 232.069
15937845 1265015 232.105
15937845 2826177 232.381
15937845 2682602 233.617
15937845 2784953 233.789
15937845 11189188 233.819
15937845 846997 235.118
15937845 5183455 235.703
15937845 7273294 235.784
12829401 4408547 170.247
12829401 587199 170.734
12829401 10124826 171.246
12829401 4976228 171.581
12829401 8184328 171.731
12829401 15467445 172.076
12829401 1584681 172.156
12829401 16270526 172.775
12829401 16764927 172.898
12829401 11136281 173.347
12829401 11521447 173.509
12829401 334855 173.851
12829401 3122545 174.314
12829401 13946419 174.609
12829401 6071551 175.351
12829401 9414072 175.474
12829401 16027387 175.737
12829401 11151818 176.875
12829401 12108354 177.023
12829401 9936328 178.034
12829401 10394062 178.27
12829401 6772385 178.389
12829401 16539464 178.572
12829401 366879 178.611
12829401 12837433 178.675
12829401 5589487 179.697
12829401 2771528 181.304
12829401 3914166 181.368
12829401 11074926 181.728
12829401 3718182 181.921
12829401 3867595 182.609
12829401 8980586 183.617
12829401 8840549 183.831
12829401 5416038 183.913
12829401 10646087 183.926
12829401 11169657 184.262
12829401 14255181 184.412
12829401 3482585 185.207
12829401 13238871 185.234
12829401 6741724 185.302
12829401 15272598 185.555
12829401 8116633 186.1
12829401 6469867 186.161
12829401 10838007 186.418
12829401 4368908 186.78
12829401 11992900 186.825
12829401 10728293 186.928
12829401 13962484 187.038
12829401 16548282 187.212
12829401 15869723 187.694
12829401 11168346 187.778
12829401 215224 187.907
12829401 9786126 187.993
12829401 12095437 188.094
12829401 2245741 188.481
12829401 11697803 188.504
12829401 10523528 188.6
12829401 4564049 188.968
12829401 15154056 189.04
12829401 2648043 189.24
12829401 11601147 190.116
12829401 4864132 190.903
12829401 13951025 191.651
12829401 8257192 192.371
12829401 1279564 192.584
12829401 4214860 192.773
12829401 14844687 192.824
12829401 7908173 193.72
12829401 1914151 194.24
12829401 15562841 195.091
12829401 9692631 196.397
12829401 2878470 196.709
12829401 13478158 196.736
12829401 10232918 197.33
12829401 12894395 199.356
10310643 1537855 0.0943963
10310643 14986754 1.1331
10310643 14631784 1.56524
10310643 14163738 1.62558
10310643 6721111 2.00071
10310643 4129040 2.16922
10310643 1229885 2.50279
10310643 15775989 2.63464
10310643 15124516 2.68472
10310643 14109018 2.92093
10310643 8012014 3.10671
10310643 4936605 3.25407
10310643 8169250 3.27584
10310643 10089398 4.2404
10310643 5187938 4.34881
10310643 8620305 4.91405
10310643 7499810 5.0644
10310643 3736374 5.30544
10310643 10632783 5.33408
10310643 4877796 5.34917
10310643 5500578 5.43553
10310643 12329267 5.54389
10310643 15077032 5.79659
10310643 1438034 6.09989
10310643 5211665 6.14341
10310643 12006166 6.32567
10310643 2629321 6.57755
10310643 2475670 6.60143
10310643 1766524 7.86536
10310643 16394701 8.04942
10310643 1415547 8.20875
10310643 8035800 8.28662
10310643 6549273 8.36535
10310643 11800395 8.71484
10310643 9814219 8.76648
10310643 9698319 8.81843
10310643 1497480 8.87411
10310643 12474481 8.88071
10310643 14361309 9.6338
10310643 8014259 9.84138
10310643 2054037 9.90793
10310643 9575967 10.0751
10310643 838780 10.0777
10310643 9570830 10.08
10310643 12712147 10.4485
10310643 7385183 10.9258
10310643 15129293 11.1278
10310643 7867325 11.7761
10310643 14611556 11.8357
10310643 4028498 12.1516
10310643 8325093 12.2175
10310643 15830017 12.4
10310643 8092381 12.6816
10310643 13223553 13.1436
10310643 12339974 13.2134
10310643 15012796 13.2304
10310643 12500949 13.3384
10310643 1812054 13.3429
10310643 2354983 13.3486
10310643 10068666 13.4455
10310643 10777629 13.5416
10310643 10689876 13.6189
10310643 10185056 14.0324
10310643 6781642 14.0935
10310643 9566623 14.1218
10310643 4386660 14.4114
10310643 12543187 14.6937
10310643 15831493 15.2462
10310643 10486916 15.2585
10310643 3432321 15.2893
10310643 5592447 15.8421
10310643 9053412 15.9933
10310643 7228387 15.9958
10310643 9672506 16.0855
10310643 8768777 16.6842
10310643 6900315 16.8153
10310643 5849128 16.9631
10310643 11814092 17.0459
10310643 15847384 17.4726
10310643 10002773 17.6121
10310643 4357295 17.6409
10310643 14936548 17.7566
10310643 13867084 17.8103
10310643 3961877 17.899
10310643 6303743 18.019
10310643 8679502 18.2042
10310643 6771734 18.2248
10310643 7929529 18.4934
10310643 7739844 18.6033
10310643 12717876 18.7292
10310643 14292840 18.7533
10310643 12836811 19.1009
10310643 11061378 19.2168
10310643 10695401 19.5443
10310643 9538865 19.6271
10310643 2560991 19.6413
10310643 7529833 19.7139
10310643 11602429 19.9062
10310643 10085489 20.395
10310643 13550142 20.6864
10310643 2827585 21.1264
8854493 8287263 158.877
8854493 2368744 158.947
8854493 13484688 159.626
8854493 3120995 159.802
8854493 16621820 160.164
8854493 16625379 160.487
8854493 9077144 161.8
8854493 2750857 161.894
8854493 4537328 161.976
8854493 13882737 163.643
8854493 6180475 163.907
8854493 13974158 164.455
8854493 7421693 164.626
8854493 16558766 165.056
8854493 13763179 166.125
8854493 3255532 166.416
8854493 11722288 168.184
8854493 8175364 168.233
8854493 11829250 168.261
8854493 842536 168.283
8854493 7676436 168.495
8854493 10287947 169.445
8854493 14777471 169.96
8854493 828572 170.356
8854493 6011584 170.761
8854493 1607503 171.032
8854493 14626038 172.099
8854493 10271594 172.268
8854493 15198926 172.455
8854493 1979016 172.704
8854493 2032363 173.832
8854493 537878 174.566
8854493 16405088 174.589
8854493 11268075 175.186
8854493 8626010 175.246
8854493 8953468 175.564
8854493 12969238 175.806
8854493 11456331 175.811
8854493 4972748 176.419
8854493 14396927 176.676
8854493 1554463 177.042
8854493 5999801 177.242
8854493 5360987 177.259
8854493 2113730 177.26
8854493 10680391 177.375
8854493 10890228 178.014
8854493 3630323 178.741
8854493 8740723 178.792
8854493 5530144 179.183
8854493 13202219 180.951
8854493 12701707 181.044
8854493 519917 181.304
8854493 16407599 182.047
8854493 7945852 182.2
8854493 5025906 182.243
8854493 15958265 182.364
8854493 12040637 183.316
8854493 12740432 183.51
8854493 6380091 183.654
8854493 4976805 183.661
8854493 13948528 183.868
8854493 7088438 184.207
8854493 5409339 184.328
8854493 4911804 185.483
8854493 3062500 185.67
8854493 8254161 185.897
8854493 9134138 186.222
8854493 4306168 186.305
8854493 6706149 186.331
8854493 16215843 186.485
8854493 13559506 186.508
8854493 8258837 187.564
8854493 1970888 188.266
8854493 12052057 188.586
8854493 14766171 188.985
8854493 14461371 189.475
8854493 10513472 189.501
8854493 2599772 189.554
770401 7488595 131.764
770401 12812201 131.961
770401 10361380 132.083
770401 3233677 132.372
770401 15896457 132.501
770401 9379359 132.603
770401 5643317 133.382
770401 16150453 133.812
770401 8416688 134.529
770401 7900628 135.163
770401 13784070 135.895
770401 9228572 135.915
770401 12355344 135.918
770401 3733032 136.01
770401 9987632 136.444
770401 13444996 136.73
770401 15990620 136.78
770401 6400919 136.995
770401 8858134 137.403
770401 3687226 137.816
770401 2690471 137.901
770401 2839525 137.91
770401 4515137 137.956
770401 6554850 138.378
770401 13486215 138.462
770401 16172987 138.701
770401 828711 138.728
770401 13177887 139.642
770401 14255009 140.19
770401 13824679 140.769
770401 10435702 140.855
770401 11361623 140.969
770401 7349627 141.775
770401 10444311 142.786
770401 15423063 143.06
770401 878820 143.335
770401 11195559 143.863
770401 8377925 143.912
770401 7283410 144.343
770401 5092029 145.603
770401 5833793 145.668
770401 1047189 147.008
770401 10792284 147.032
770401 8444314 147.176
770401 3988153 147.281
770401 10375327 147.335
770401 13276891 147.342
770401 14668287 147.822
770401 7325866 148.182
770401 2830344 148.497
770401 6392090 148.562
770401 598558 149.514
770401 10373466 149.521
770401 10204245 149.533
770401 15105140 149.906
770401 10806557 150.405
770401 7762996 150.412
770401 12012151 150.978
770401 15207550 151.168
770401 3300860 151.237
770401 4524494 151.438
770401 12403832 151.767
770401 3131689 151.992
770401 14396317 152.571
770401 4067016 152.618
770401 111802 153.482
770401 1878970 153.659
770401 11089918 153.918
770401 6480288 153.958
770401 16727168 154.402
770401 13977344 155.352
770401 13615594 155.399
770401 141286 155.856
770401 584123 156.213
770401 1953764 156.31
770401 13875203 156.43
770401 16515567 157.386
770401 11545348 157.565
770401 8556401 157.726
7739774 7426662 90.97
7739774 5274744 92.0891
7739774 16100656 92.6068
7739774 4798872 92.6476
7739774 15174316 93.0726
7739774 3860635 93.6649
7739774 12090482 93.6905
7739774 12361893 93.9796
7739774 4988410 94.2664
7739774 16375085 95.1364
7739774 12231941 95.321
7739774 11168365 95.4755
7739774 10625870 95.8246
7739774 10409885 96.0698
7739774 1812422 97.6893
7739774 8319730 98.4029
7739774 2826566 98.4333
7739774 8243208 98.6243
7739774 9063685 98.7294
7739774 3945599 99.4707
7739774 4885080 100.173
7739774 16072629 100.354
7739774 15620010 100.995
7739774 14093129 101.114
7739774 5948208 101.417
7739774 4403614 101.594
7739774 5006376 101.812
7739774 6906121 101.86
7739774 16519699 103.029
7739774 2430585 103.307
7739774 7710495 104.32
7739774 15013250 104.347
7739774 3102303 104.354
7739774 13823612 104.945
7739774 4308214 106.791
7739774 2428730 108.882
7739774 9535486 108.898
7739774 13430408 110.528
7739774 3277582 110.95
7739774 6296447 110.976
7739774 9555967 111.261
7739774 13330109 112.557
7739774 11104686 113.293
7739774 5028239 113.339
7739774 5788911 113.52
7739774 11228657 113.529
7739774 11870464 114.029
7739774 14905518 114.514
7739774 13834714 115.325
7739774 13088105 115.394
7739774 12761979 115.884
7739774 15911457 116.321
7739774 6625785 116.613
7739774 3048421 116.815
7739774 8790949 118.554
7739774 14943178 118.948
7739774 15414856 119.096
7739774 16347270 119.206
7739774 2932590 121.183
7739774 12764374 121.647
7739774 3236427 121.835
7739774 10442099 121.95
7739774 16308451 122.336
7739774 15110952 123.744
7739774 5526039 124.029
7739774 5707985 124.242
7739774 4321661 124.589
7739774 8611676 124.865
7739774 15074970 125.042
7739774 11355974 125.377
7739774 10099636 127.042
7739774 12062640 127.293
7739774 1804603 127.938
7739774 15223658 128.395
7739774 14190794 128.491
7739774 8157079 128.75
7739774 12993828 129.156
7739774 121519 130.116
7739774 16245202 130.348
7739774 10775030 130.734
