15361205 11914092 1.99223
15361205 10474484 2.12198
15361205 7328694 2.60114
15361205 10747330 3.05393
15361205 12423791 3.05965
15361205 10586067 3.14611
15361205 16619960 3.31052
15361205 16461458 3.39219
15361205 14459233 3.40991
15361205 5383740 3.71741
15361205 13974216 3.89912
15361205 14983506 4.14632
15361205 12605656 4.49215
15361205 4781550 4.52254
15361205 11492929 4.61554
15361205 11287396 4.71776
15361205 6725840 5.00621
15361205 1876223 5.10596
15361205 11411725 5.36891
15361205 5682525 5.40823
15361205 3763313 5.83407
15361205 550160 5.98255
15361205 7268063 6.38933
15361205 14803276 6.79833
15361205 2402848 6.80238
15361205 8886303 6.84772
15361205 4718484 6.8662
15361205 10666006 6.95225
15361205 1395922 7.20181
15361205 5184887 7.28397
15361205 13273564 7.32398
15361205 11847833 7.4476
15361205 9274008 7.6091
15361205 13653265 7.70823
15361205 1440498 7.8032
15361205 16521133 7.93729
15361205 7067693 8.05716
15361205 404247 8.11387
15361205 12581899 8.43382
15361205 698460 8.48814
15361205 750126 8.49593
15361205 3455521 8.51359
15361205 6284767 8.51362
15361205 9321216 8.52086
15361205 7815724 8.62952
15361205 14835617 8.67076
15361205 6283857 8.83282
15361205 16421044 8.84796
15361205 15493455 9.26751
15361205 15525015 9.63387
15361205 12246308 9.66567
15361205 11489709 9.71125
15361205 6080322 9.78838
15361205 9775557 10.2302
15361205 7185874 10.351
15361205 14448258 10.7116
15361205 322170 10.8594
15361205 546594 11.0009
15361205 7877177 11.2447
15361205 781592 11.909
15361205 13626875 12.2462
15361205 3894466 12.2641
15361205 9921080 12.6058
15361205 4148819 12.6917
15361205 12916001 12.947
15361205 7117496 13.3363
15361205 10421348 13.3838
15361205 2244292 13.6181
15361205 8647657 13.8778
15361205 1667799 13.9346
15361205 5666248 14.1432
15361205 6338419 15.074
15361205 15968944 15.1372
15361205 1838204 15.2236
15361205 10427980 15.4894
15361205 584931 15.8693
15361205 8868163 16.031
15361205 11739151 16.2017
15361205 10967211 16.3478
15361205 9564983 16.7551
15361205 60714 16.906
15361205 12152131 16.9177
3895847 4907278 1.91346
3895847 14876690 2.02057
3895847 8423813 2.17099
3895847 11002017 2.51649
3895847 6278335 2.75991
3895847 7203582 2.76086
3895847 15860887 2.84236
3895847 11525559 2.97615
3895847 8297471 3.11622
3895847 13309058 3.73893
3895847 9438 3.85666
3895847 8508353 4.23996
3895847 8791400 4.4289
3895847 599234 4.45014
3895847 6964007 4.58549
3895847 10808871 4.67495
3895847 8672628 4.70786
3895847 14548692 4.91718
3895847 14839106 5.01222
3895847 8289034 5.15802
3895847 6582646 5.23327
3895847 9714389 5.63279
3895847 2897465 5.736
3895847 4021590 5.90752
3895847 2393864 6.37652
3895847 15336293 6.40188
3895847 1042405 6.75711
3895847 2355004 6.8489
3895847 9752172 6.95562
3895847 13007508 7.11462
3895847 8772619 7.18644
3895847 12065301 7.51855
3895847 3458118 7.54208
3895847 716340 7.661
3895847 5743089 7.75629
3895847 16360608 7.85466
3895847 7397593 8.04619
3895847 8755801 8.29162
3895847 12678173 8.62045
3895847 745193 8.95499
3895847 1070094 9.38196
3895847 4617618 9.58547
3895847 9164680 9.64117
3895847 245424 10.4178
3895847 7110411 10.4442
3895847 3908041 10.611
3895847 13818085 10.6362
3895847 11415334 11.0999
3895847 3741378 11.4447
3895847 16253381 11.5152
3895847 13547001 11.5408
3895847 3155235 11.5608
3895847 16656723 11.5729
3895847 11658703 12.054
3895847 13815464 12.2699
3895847 13096794 12.7369
3895847 1020562 13.0699
3895847 13653910 13.1727
3895847 7613312 13.2234
3895847 3479244 13.6137
3895847 1306870 13.6254
3895847 13520156 13.8107
3895847 10109977 14.511
3895847 9935210 14.8789
3895847 866927 14.9006
3895847 5651711 15.0766
3895847 1153630 15.0987
3895847 655489 15.1521
3895847 2407810 15.3098
3895847 4799144 15.3984
3895847 1669050 15.4059
3895847 16487056 15.5984
3895847 7549428 15.6094
3895847 15022762 15.8899
3895847 16098584 16.0518
3895847 1415384 17.3264
3895847 5125869 17.4362
3895847 12328417 17.4907
3895847 8699705 17.6098
3895847 356762 17.6726
3895847 3085625 17.8905
3895847 1348324 18.1647
3895847 11307864 78.6542
3895847 12080927 107.328
3895847 1195971 112.9
3895847 12261478 113.056
5693245 9263236 1.59793
5693245 7760078 1.88983
5693245 2976939 1.91865
5693245 15586360 1.93097
5693245 16303408 1.93466
5693245 14438518 1.96607
5693245 5851620 1.99042
5693245 1285035 2.21371
5693245 11332402 2.2579
5693245 16775479 2.39217
5693245 12032812 2.43409
5693245 6830805 2.54731
5693245 10654846 2.59136
5693245 3057675 3.22144
5693245 9962685 3.31936
5693245 7666882 3.70049
5693245 16262051 3.7151
5693245 16142140 3.76528
5693245 9819519 3.88901
5693245 15438095 3.98382
5693245 11293210 4.01545
5693245 8033335 4.20261
5693245 9504823 4.24537
5693245 3379783 4.34652
5693245 12955171 4.38556
5693245 5569512 4.96959
5693245 258050 5.04901
5693245 1025346 5.50874
5693245 8392497 5.65223
5693245 12491277 5.67792
5693245 4567485 5.85812
5693245 9518819 5.92848
5693245 3042545 6.23469
5693245 16439412 6.99216
5693245 4901135 7.20631
5693245 2104100 7.32465
5693245 6978456 7.36989
5693245 2996036 7.48255
5693245 4266925 7.62692
5693245 4515504 7.84885
5693245 349178 7.9651
5693245 962524 8.07295
5693245 1307148 8.16871
5693245 11092139 8.27734
5693245 10334132 8.36472
5693245 4699306 8.52885
5693245 7867081 8.89857
5693245 1872339 9.00756
5693245 11988992 9.02165
5693245 539851 9.03227
5693245 8320600 9.26741
5693245 10287746 9.27667
5693245 4353182 9.45994
5693245 3342843 9.62111
5693245 13836372 9.66216
5693245 13094098 9.91026
5693245 5490788 9.92674
5693245 4591474 9.96391
5693245 12043212 9.97157
5693245 14627825 10.8966
5693245 4307271 11.0328
5693245 4878898 11.1371
5693245 1656361 11.5637
5693245 10830537 11.6864
5693245 6984519 11.7193
5693245 15140580 11.8583
5693245 3601725 12.0116
5693245 2334574 12.41
5693245 3909083 12.4407
5693245 4847977 12.8416
5693245 1162045 13.0211
5693245 256517 13.6029
5693245 5334498 13.6695
5693245 13257036 14.0577
5693245 6394114 14.2265
5693245 2734150 14.521
16433386 12603937 1.9517
16433386 3397996 1.95743
16433386 14643820 2.03672
16433386 153402 2.08815
16433386 9064110 2.16506
16433386 4942805 2.48407
16433386 13279088 2.52384
16433386 13195372 2.8472
16433386 12245939 3.11491
16433386 5801339 3.13032
16433386 3270555 3.18022
16433386 13548485 3.25149
16433386 3018267 3.25604
16433386 661752 3.41466
16433386 8515501 3.54729
16433386 16252870 3.83533
16433386 9667250 3.8522
16433386 1521694 4.34765
16433386 3968216 4.36775
16433386 2852407 4.39055
16433386 11137767 4.45595
16433386 1593258 4.46898
16433386 2556856 4.85583
16433386 16010247 5.61813
16433386 2048185 5.69288
16433386 12912807 5.78985
16433386 13859353 6.26776
16433386 14660587 6.38959
16433386 9982851 6.39294
16433386 14715124 6.41411
16433386 7323593 6.4154
16433386 12345728 6.47611
16433386 10314402 6.51401
16433386 6352598 6.66393
16433386 15444292 6.94899
16433386 4223758 6.95883
16433386 16217543 7.86852
16433386 9735135 7.91848
16433386 4800637 8.1422
16433386 10367761 8.56745
16433386 11875346 8.69002
16433386 1998893 9.63941
16433386 9637789 9.69386
16433386 13992748 10.2407
16433386 15521053 10.2977
16433386 9710270 10.4202
16433386 13399510 10.4338
16433386 9443085 10.5583
16433386 8368823 10.666
16433386 6449259 10.6685
16433386 12032250 11.3832
16433386 9188151 11.978
16433386 11693279 11.9966
16433386 12187920 12.1781
16433386 7089669 12.2722
16433386 546247 12.2794
16433386 14745634 12.3317
16433386 15700230 12.421
16433386 13855809 12.4823
16433386 16372600 12.484
16433386 924415 12.9617
16433386 4067320 13.3986
16433386 15545820 13.4408
16433386 3637968 13.4732
16433386 13207958 14.167
16433386 13096634 14.3612
16433386 3849942 14.4586
16433386 2768744 14.5434
16433386 5333921 14.7931
16433386 1589170 14.9607
16433386 13389062 15.3008
16433386 5399732 15.3142
16433386 2360997 15.6264
16433386 152482 15.7786
16433386 2989862 15.8802
16433386 7461127 16.0713
16433386 13193052 16.2352
16433386 7910951 16.2563
16433386 14340825 16.7558
16433386 10378981 84.9448
16433386 11364160 90.6498
16433386 1155831 95.351
5883073 1279547 100.367
5883073 14915489 100.439
5883073 10415275 100.448
5883073 5779617 100.483
5883073 14783337 100.57
5883073 12337057 100.594
5883073 2980508 100.644
5883073 4290728 100.858
5883073 10384701 101.078
5883073 5547356 101.376
5883073 11305425 101.428
5883073 14724251 101.622
5883073 6418808 101.815
5883073 9234252 101.906
5883073 8111603 101.92
5883073 3427759 103.103
5883073 12129166 104.317
5883073 4504384 104.407
5883073 14684386 104.702
5883073 14714177 105.456
5883073 13262527 105.469
5883073 9055381 106.727
5883073 16382468 107.062
5883073 16772003 107.598
5883073 10533140 107.949
5883073 10739473 108.84
5883073 5230220 110.083
5883073 12675693 110.431
5883073 14738173 110.711
5883073 3541367 110.753
5883073 2992248 110.934
5883073 9383082 111.523
5883073 14700319 111.845
5883073 6929336 112.409
5883073 8398324 113.072
5883073 13740304 113.088
5883073 1550083 113.133
5883073 16394359 113.547
5883073 12272517 113.617
5883073 13637394 113.883
5883073 15776412 115.35
5883073 9098418 115.37
5883073 2395079 115.381
5883073 8832962 115.623
5883073 13546638 115.705
5883073 10418537 116.144
5883073 16308285 116.462
5883073 5442422 117.056
5883073 12929606 117.342
5883073 12010268 117.572
5883073 13273114 118.143
5883073 2372258 119.502
5883073 1884936 120.516
5883073 15760052 120.689
5883073 7777489 121.356
5883073 4427261 121.76
5883073 9716957 122.088
5883073 12315837 122.161
5883073 15443238 123.784
5883073 4912577 124.223
5883073 6375357 124.638
5883073 4237419 124.665
5883073 14163189 126.311
5883073 9971796 126.471
5883073 11643028 126.72
5883073 12525584 127.117
5883073 8127828 127.47
5883073 12211415 127.93
5883073 2234172 128.006
5883073 13480705 128.165
5883073 16412488 128.294
5883073 16372654 128.586
5883073 16469086 128.692
5883073 4787840 128.694
5883073 1398642 129.306
5883073 11558366 129.617
5883073 13654630 129.767
5883073 10729370 131.301
5883073 7167376 131.474
5883073 6982821 131.601
5883073 2387795 131.835
5883073 6623890 132.047
5883073 16218196 133.202
5883073 5366761 133.626
5883073 3949602 133.769
5883073 6243639 134.454
5883073 1837906 134.965
5883073 15122386 135.474
12397339 2474933 136.309
12397339 9696178 136.431
12397339 14664436 136.853
12397339 10771082 137.413
12397339 15139784 137.67
12397339 16573038 138.032
12397339 15264224 138.247
12397339 11884735 138.612
12397339 1715071 138.927
12397339 13463166 139.04
12397339 8193877 139.604
12397339 5575464 139.973
12397339 5690562 140.505
12397339 5609789 140.796
12397339 1957183 141.038
12397339 15054327 141.648
12397339 7501118 141.724
12397339 1901766 142.14
12397339 14929365 142.643
12397339 15388353 142.75
12397339 7264575 143
12397339 4964467 143.072
12397339 12010907 144.079
12397339 10420463 144.845
12397339 6023783 145.869
12397339 6723174 146.038
12397339 6366338 146.649
12397339 605161 147.129
12397339 6335866 147.182
12397339 7393709 147.188
12397339 12475154 147.543
12397339 7989617 147.695
12397339 12411122 147.961
12397339 14152653 148.838
12397339 5886852 149.601
12397339 7386022 149.686
12397339 15730699 150.088
12397339 5050600 150.191
12397339 9715476 150.589
12397339 9779939 150.746
12397339 9188184 150.831
12397339 6017090 151.631
12397339 14106561 151.938
12397339 13504312 152.346
12397339 8462028 152.604
12397339 4142951 154.182
12397339 6316764 154.316
12397339 14987325 154.32
12397339 1135134 154.733
12397339 12648858 155.269
12397339 2112681 155.631
12397339 12783116 155.873
12397339 2290330 155.944
12397339 2554250 156.481
12397339 9548453 156.744
12397339 10240777 156.766
12397339 15659879 156.927
12397339 10947782 157.149
12397339 13008012 157.246
12397339 13618350 157.593
12397339 14950530 157.662
12397339 665632 158.034
12397339 11005971 158.101
12397339 4984584 158.765
12397339 14302698 158.794
12397339 3282742 159.345
12397339 7128136 159.361
12397339 1528313 159.94
12397339 6914433 160.076
12397339 4883075 160.161
12397339 7799307 161.283
12397339 2751102 161.984
12397339 940125 162.011
12397339 14373164 162.101
12397339 12557819 162.224
12397339 8997642 162.551
14620159 14886137 1.87046
14620159 16622316 2.13499
14620159 4411339 2.34907
14620159 10926302 2.44206
14620159 12340843 3.22358
14620159 12680201 3.99052
14620159 1013645 3.99208
14620159 10070881 4.13632
14620159 491773 4.37172
14620159 8613585 4.44488
14620159 6893063 4.66066
14620159 6564488 5.35532
14620159 4952256 6.45757
14620159 704042 6.85646
14620159 15828918 7.11544
14620159 15555696 7.4598
14620159 7550042 7.8422
14620159 2605448 8.08582
14620159 2377969 8.97069
14620159 13519407 9.46223
14620159 8108491 10.8012
14620159 14681903 11.4795
14620159 4637438 11.734
14620159 7527469 13.3193
14620159 9751223 13.447
14620159 10285903 13.6568
14620159 7169176 14.1314
14620159 3594550 14.4116
14620159 16592293 14.4304
14620159 337863 15.1898
14620159 3113945 15.6712
14620159 15478829 15.703
14620159 12739513 15.976
14620159 15063843 17.0264
14620159 14250715 17.3191
14620159 1489341 17.6744
14620159 2079773 17.791
14620159 2205130 18.637
14620159 13081048 19.0569
14620159 13323316 19.1169
14620159 2316968 19.4566
14620159 4698822 19.494
14620159 6174605 19.9139
14620159 3955200 20.2622
14620159 12519009 20.2683
14620159 9437533 20.6959
14620159 10562871 20.7047
14620159 7930885 20.9126
14620159 2073178 21.7063
14620159 2649198 21.7933
14620159 5165684 22.1699
14620159 12570188 23.4349
14620159 16371326 23.6402
14620159 14299012 23.7879
14620159 7330697 24.2635
14620159 6578936 24.8111
14620159 10572849 24.9666
14620159 5208421 24.9708
14620159 13033980 25.1872
14620159 7809543 25.6666
14620159 8494196 25.7174
14620159 12382220 25.8974
14620159 10143233 25.9716
14620159 9670425 26.2756
14620159 1838146 26.5286
14620159 13909532 26.7633
14620159 6898553 27.3883
14620159 5501538 27.4731
14620159 4057048 28.5939
14620159 13968018 29.2023
14620159 16384135 29.4408
14620159 4412149 29.6044
14620159 11519107 29.7075
14620159 5102848 29.727
14620159 7690807 30.7408
14620159 8141013 30.7769
14620159 6767791 30.9794
14620159 4016717 31.4728
14620159 13305480 31.6339
14620159 8003730 31.7605
14620159 2955373 32.6632
14620159 2416279 32.6863
5166767 9605743 1.79947
5166767 11090873 2.2918
5166767 6587668 2.40474
5166767 1479399 3.09408
5166767 11840816 3.2864
5166767 3267337 4.0414
5166767 3311646 4.39962
5166767 6167925 4.40431
5166767 14949341 4.58087
5166767 7435927 5.07111
5166767 15163976 5.34515
5166767 6019077 5.65247
5166767 9012240 5.69155
5166767 3316382 6.10904
5166767 2459789 6.26501
5166767 3754436 6.34363
5166767 11345735 6.42556
5166767 3230807 6.66698
5166767 14179924 6.81233
5166767 4394799 7.36499
5166767 10620591 7.89337
5166767 1177154 7.9266
5166767 11293120 8.03895
5166767 905586 8.15383
5166767 454482 8.83083
5166767 7993914 9.96338
5166767 1751861 10.046
5166767 10272942 10.0729
5166767 16237089 10.4475
5166767 16759389 11.3011
5166767 736611 11.3362
5166767 7576817 11.6231
5166767 16545663 11.909
5166767 1261440 11.9204
5166767 5996099 12.2069
5166767 1110790 12.321
5166767 5112669 13.733
5166767 15265103 13.9249
5166767 10981075 14.0909
5166767 16279164 14.6836
5166767 12617057 15.069
5166767 3234014 15.3282
5166767 377414 15.443
5166767 13640337 15.9462
5166767 8686830 16.6092
5166767 16617762 16.6394
5166767 1538887 16.6522
5166767 13043936 17.0788
5166767 894742 17.4267
5166767 7431061 17.6419
5166767 1132511 17.7368
5166767 5220793 17.8977
5166767 7028611 17.9171
5166767 6167642 18.4465
5166767 9949863 18.5315
5166767 4109863 19.226
5166767 16670240 19.8191
5166767 9859788 20.6809
5166767 11745610 20.7055
5166767 6468816 21.0386
5166767 6254665 22.1621
5166767 4446642 22.6447
5166767 10411812 22.6827
5166767 16534618 22.995
5166767 8297690 23.7095
5166767 6192315 23.7108
5166767 8657308 24.3289
5166767 15126625 24.62
5166767 15386413 24.8137
5166767 12129959 25.0349
5166767 2533392 25.2602
5166767 16587824 25.8591
5166767 1548972 26.0734
5166767 6398995 26.7755
5166767 14272156 172.22
5166767 14648046 175.889
5166767 15400003 305.589
5166767 14883620 305.775
3765899 11657202 1.53532
3765899 2225792 1.8364
3765899 5721214 1.93936
3765899 15233978 2.12038
3765899 9130617 2.22217
3765899 3752859 2.31448
3765899 6186707 2.62119
3765899 9824493 3.29186
3765899 3634717 3.71994
3765899 11964089 4.58396
3765899 15072511 6.14316
3765899 11200161 6.90558
3765899 13837419 7.10515
3765899 6967534 7.23365
3765899 2240007 7.36744
3765899 4579239 8.1395
3765899 10757450 8.28933
3765899 3944880 8.71572
3765899 16204639 9.08957
3765899 3664362 9.14016
3765899 2268262 9.46584
3765899 8170376 9.47263
3765899 4825010 9.71523
3765899 5139287 9.73918
3765899 10463372 10.6105
3765899 13940592 11.4802
3765899 9256073 13.0933
3765899 4115525 13.4637
3765899 11381438 13.4716
3765899 11869513 13.894
3765899 10971424 15.6353
3765899 8322477 15.7899
3765899 13779590 16.3238
3765899 13923679 17.248
3765899 9009533 18.2317
3765899 9475445 18.4734
3765899 4277561 18.9387
3765899 16721601 19.1364
3765899 14304984 19.2537
3765899 9957286 19.2562
3765899 2475444 19.3619
3765899 12310184 20.1501
3765899 1877285 20.3347
3765899 13801474 20.3708
3765899 7101939 20.5843
3765899 7224200 20.9209
3765899 13549725 21.0462
3765899 1047420 21.4135
3765899 5141788 21.5399
3765899 10587858 21.6855
3765899 16030110 21.7599
3765899 3166765 22.1314
3765899 1009405 22.3966
3765899 302752 22.4525
3765899 6995027 23.3221
3765899 16442158 24.139
3765899 7573126 24.6381
3765899 16554593 25.1524
3765899 2450627 25.2801
3765899 647301 25.3257
3765899 7748900 26.5663
3765899 9045116 27.1683
3765899 16050306 27.4164
3765899 15369507 28.0844
3765899 2515841 28.1636
3765899 6094485 28.6654
3765899 8496452 29.242
3765899 3837028 29.4738
3765899 14279847 30.6528
3765899 15426960 30.7867
3765899 12637685 32.7704
3765899 16508755 33.6874
3765899 13045753 33.8981
3765899 732299 34.2572
3765899 4663521 34.5415
3765899 15954130 35.4597
4902680 1380578 1.86851
4902680 3731173 2.14197
4902680 2902430 3.57363
4902680 7316700 3.69866
4902680 10003989 3.72924
4902680 15804882 3.91584
4902680 1065879 5.0494
4902680 15588639 5.16944
4902680 10978500 5.25554
4902680 13027549 5.27212
4902680 13927547 5.43538
4902680 11983714 5.53949
4902680 11268583 5.64014
4902680 13215194 5.98942
4902680 14893833 6.70761
4902680 10129024 6.87655
4902680 5651180 7.73522
4902680 14665722 7.75667
4902680 7901503 7.99518
4902680 10886187 8.56251
4902680 7942164 9.08014
4902680 12448409 9.46977
4902680 13082015 10.388
4902680 5527206 10.6033
4902680 4454434 10.714
4902680 4422988 10.9312
4902680 8204941 10.9434
4902680 11184665 11.0932
4902680 15590393 12.9288
4902680 4143871 13.2587
4902680 4210060 13.8757
4902680 5742460 13.9824
4902680 1975858 14.5495
4902680 15754594 15.4397
4902680 7332072 15.4604
4902680 13244377 15.4688
4902680 3368938 15.6121
4902680 2672234 16.1252
4902680 12268003 16.1961
4902680 10553284 16.3804
4902680 1595246 17.0061
4902680 13881669 17.3249
4902680 9170690 17.5684
4902680 3444003 17.6516
4902680 1019576 17.8808
4902680 1532041 18.2402
4902680 14429068 18.5216
4902680 12045505 19.4191
4902680 13216241 19.5382
4902680 4029250 19.6549
4902680 3267352 20.5464
4902680 7738615 21.2056
4902680 16139358 21.6281
4902680 8935499 21.8939
4902680 15587277 22.6676
4902680 221992 23.1758
4902680 3789052 23.9235
4902680 9997962 24.0329
4902680 13971803 25.3351
4902680 124260 25.6977
4902680 12886487 26.3578
4902680 4245747 26.5792
4902680 592322 26.7089
4902680 8339437 26.9446
4902680 3136963 27.2611
4902680 8129758 27.265
4902680 15016745 27.7803
4902680 12333844 27.9896
4902680 10599953 28.4906
4902680 4446011 28.802
4902680 9462400 30.6394
4902680 9011146 31.2992
4902680 10087207 32.4423
4902680 3051511 32.5868
4902680 2604570 32.9212
4902680 15030800 33.333
4902680 5811972 33.6755
4902680 10133484 34.0555
11042914 9310925 1.78431
11042914 12452014 1.87284
11042914 13367379 2.12147
11042914 14415021 2.38307
11042914 14019843 3.43546
11042914 16242001 3.56761
11042914 11416529 3.68291
11042914 12494798 4.08003
11042914 15527461 4.20004
11042914 5643195 4.3661
11042914 6601437 4.41732
11042914 1621008 4.58169
11042914 12912917 4.70893
11042914 396996 4.88307
11042914 12106635 5.21911
11042914 10791886 5.29642
11042914 8142249 5.49009
11042914 6079773 6.0597
11042914 2211420 6.13145
11042914 7550999 7.9579
11042914 6500541 8.41728
11042914 3837785 8.70698
11042914 16358532 8.70885
11042914 11445778 8.8031
11042914 1469925 9.70916
11042914 14299020 10.1876
11042914 899773 10.5628
11042914 7657333 11.094
11042914 6535028 11.3011
11042914 3296502 11.7015
11042914 7302353 11.7488
11042914 6914741 11.9236
11042914 11519360 12.4937
11042914 5019372 12.7233
11042914 505152 12.8686
11042914 6586460 12.9295
11042914 863603 13.3375
11042914 3152681 13.5546
11042914 9069841 14.0925
11042914 2677567 14.1478
11042914 9033961 14.6545
11042914 4364076 15.0648
11042914 12587730 15.2379
11042914 10320306 15.9764
11042914 12665484 16.0244
11042914 5184337 16.2287
11042914 5414365 16.6693
11042914 15589601 17.4656
11042914 14672769 17.5764
11042914 3975772 17.7997
11042914 7504976 18.4827
11042914 2332103 18.5209
11042914 4833482 19.1653
11042914 13750095 19.3667
11042914 10300035 19.7164
11042914 14859725 21.0778
11042914 5291288 21.6333
11042914 9652493 21.7245
11042914 8220935 22.667
11042914 14131748 22.9353
11042914 4715326 23.9286
11042914 16199808 23.9291
11042914 8235522 24.029
11042914 7656137 24.4029
11042914 15165240 24.4743
11042914 8079461 24.7517
11042914 12028303 25.0813
11042914 12246621 25.3838
11042914 10712545 25.7807
11042914 2137448 25.9042
11042914 2102931 26.0158
11042914 6426221 26.0357
11042914 2542519 26.2433
11042914 11659040 26.4545
11042914 9532622 27.1945
11042914 11026442 27.2696
11042914 3992323 28.1615
11042914 2173988 28.1821
11042914 3221842 28.5134
11042914 6896798 28.5771
11051267 9385324 1.93899
11051267 1053823 3.04486
11051267 3638502 3.08088
11051267 14484511 3.79891
11051267 1801565 3.9419
11051267 7905958 4.67029
11051267 73541 4.79338
11051267 11485522 5.13655
11051267 15906795 5.18232
11051267 12839286 5.26117
11051267 8405889 5.28811
11051267 322347 5.32336
11051267 14158844 5.53674
11051267 9685351 5.92077
11051267 3518640 5.92284
11051267 10138164 6.09248
11051267 181441 6.90976
11051267 7040569 7.22172
11051267 4653137 7.32947
11051267 15157219 8.0502
11051267 10147717 8.9068
11051267 9343778 9.30502
11051267 4215078 9.46538
11051267 9661202 9.57563
11051267 2490418 9.62451
11051267 6448382 10.1372
11051267 9324094 10.8256
11051267 1307385 11.0669
11051267 1215627 11.6134
11051267 11255785 11.9442
11051267 13148464 12.3279
11051267 16034123 12.37
11051267 1428977 13.3093
11051267 8724490 13.7049
11051267 7908087 13.8523
11051267 10835444 13.9278
11051267 8219839 13.999
11051267 13743586 14.4196
11051267 3485331 14.5431
11051267 12028650 15.473
11051267 7112931 15.6254
11051267 9876277 15.713
11051267 16584413 15.9918
11051267 11729868 16.2967
11051267 6668471 16.4303
11051267 9549914 16.5889
11051267 8715158 17.3912
11051267 14560651 17.4157
11051267 2835330 18.0869
11051267 12160534 18.1867
11051267 8065180 19.1133
11051267 925163 19.3406
11051267 3241904 19.6663
11051267 5017663 20.0176
11051267 2412274 20.2825
11051267 9276182 20.5687
11051267 9956038 20.8303
11051267 11498550 20.9732
11051267 1364783 20.9836
11051267 16055896 21.852
11051267 16310882 22.0933
11051267 7815586 22.5361
11051267 12432880 22.835
11051267 1632409 23.3288
11051267 7876249 23.4086
11051267 3699511 26.2208
11051267 14274709 26.3406
11051267 5313022 26.3501
11051267 16265996 26.477
11051267 8899348 26.9397
11051267 1193735 27.172
11051267 565090 27.7313
11051267 4422466 28.085
11051267 4424376 28.4677
11051267 13633480 28.4721
11051267 12882114 28.491
11051267 14212967 28.7834
3783430 15301610 5.17805
3783430 12505395 5.30096
3783430 16674673 5.37278
3783430 9853022 6.50912
3783430 11386198 6.97831
3783430 11707677 7.56822
3783430 10839591 7.57762
3783430 2075951 7.60107
3783430 7366441 7.74625
3783430 7322962 7.87663
3783430 9222861 7.95031
3783430 2950784 8.98805
3783430 8919530 9.64865
3783430 16031650 9.68968
3783430 11939006 10.2263
3783430 15277462 10.3345
3783430 5642590 11.7021
3783430 2661652 11.7189
3783430 11735972 11.9354
3783430 10115187 12.1403
3783430 907264 12.8248
3783430 11990248 12.9482
3783430 8535090 13.4723
3783430 2262013 13.7254
3783430 8276956 14.0857
3783430 16240235 14.1837
3783430 6085409 14.4915
3783430 16690110 14.6378
3783430 14291784 15.1167
3783430 12397811 15.226
3783430 9399283 15.4392
3783430 15466811 15.6156
3783430 10159743 15.687
3783430 1020248 15.838
3783430 14938129 15.8783
3783430 7250600 16.5282
3783430 924487 17.9865
3783430 5623292 18.2288
3783430 16300007 18.3989
3783430 10013523 18.6591
3783430 13686590 18.8245
3783430 4035153 19.2622
3783430 3153773 19.4121
3783430 13544752 19.5936
3783430 5952052 19.6646
3783430 13838056 19.7654
3783430 15054346 20.072
3783430 5754768 20.3952
3783430 8682103 20.9266
3783430 1457465 21.7321
3783430 15065156 21.7521
3783430 3241732 22.1011
3783430 3325990 24.6169
3783430 5842350 24.809
3783430 386264 25.0863
3783430 14785852 25.2879
3783430 3239955 26.0352
3783430 9804985 26.1048
3783430 5960771 26.8225
3783430 9422468 27.3867
3783430 8989255 27.7882
3783430 16672406 28.068
3783430 3680120 28.328
3783430 5512352 28.7254
3783430 3199018 29.0617
3783430 12133255 29.4708
3783430 1817814 29.8186
3783430 13364691 30.0835
3783430 5559548 30.2379
3783430 16204053 30.2558
3783430 14428177 30.5841
3783430 8955151 31.3964
3783430 867765 31.4078
3783430 16534596 31.4716
3783430 2009436 31.9864
3783430 8505472 32.3255
3783430 1100423 32.4497
3783430 13312315 32.5351
3783430 16122002 32.7567
3783430 15222719 32.9355
3783430 8797289 32.9724
3783430 12381281 33.3911
3783430 14034758 33.4587
3783430 11786075 33.6708
3783430 5507287 33.6968
3783430 3395481 34.0906
3783430 9483678 34.2372
3783430 15565427 34.3527
3783430 15235662 34.3582
3783430 14740513 34.5226
3783430 10788290 34.8316
3783430 12708879 35.1486
3783430 4229914 35.2054
3783430 6112879 35.336
3783430 15590734 35.3738
3783430 426136 35.7508
3783430 8031458 35.7644
3783430 10518358 35.8173
3783430 16089294 36.1087
3783430 2307 36.6921
3783430 9236510 36.8172
3783430 16224961 36.8264
3783430 16266748 36.875
3783430 4424398 37.2029
3783430 13775766 37.3573
3783430 7059405 37.3574
3783430 4984706 37.6795
3783430 299119 37.8752
3783430 14457673 38.3717
3783430 37676 38.5605
3783430 1011786 38.723
3783430 12017029 39.0282
3783430 5777901 39.6255
3783430 9951757 39.8944
3783430 9747493 40.1752
3783430 8003016 40.3241
3783430 10681090 40.5167
3783430 7573221 40.5953
3783430 489145 40.6039
3783430 9232264 161.776
3609048 9585217 1.25297
3609048 10429459 1.299
3609048 11655682 1.30493
3609048 3163942 1.60039
3609048 10242400 1.85516
3609048 3196924 1.96635
3609048 11659179 2.11946
3609048 7078766 2.29856
3609048 16255160 2.48861
3609048 15075102 2.50117
3609048 5954899 2.68944
3609048 2311811 2.73368
3609048 10825525 2.91473
3609048 8831867 3.084
3609048 2066377 3.22051
3609048 11272531 4.00471
3609048 601103 4.15648
3609048 1689861 4.799
3609048 11622480 5.03087
3609048 6183044 5.16712
3609048 775638 5.27789
3609048 14718510 5.48305
3609048 7024537 5.60259
3609048 2260220 5.8069
3609048 15032120 5.895
3609048 1552143 5.91718
3609048 10326656 6.1341
3609048 9501654 6.16577
3609048 7789851 6.17549
3609048 15291353 6.47462
3609048 8068438 6.58415
3609048 14246209 6.72741
3609048 12467531 6.80357
3609048 15620310 6.92428
3609048 2421408 7.55313
3609048 2079464 7.73776
3609048 1728825 7.94599
3609048 13137786 8.24875
3609048 11233159 8.434
3609048 9014595 8.97956
3609048 11925526 9.17057
3609048 2551644 9.46274
3609048 9136199 9.4887
3609048 14144792 9.57114
3609048 14308590 9.60231
3609048 11052206 9.80636
3609048 2348967 9.83484
3609048 16143474 10.0794
3609048 13971945 10.3975
3609048 808160 10.7637
3609048 11515622 11.0743
3609048 12020953 11.1127
3609048 16579956 11.4547
3609048 780035 11.9058
3609048 16050282 11.9361
3609048 13671992 12.2687
3609048 16638010 12.4394
3609048 9452198 12.5312
3609048 1867257 12.6905
3609048 7233205 12.776
3609048 3237635 13.8505
3609048 4179860 14.1467
3609048 3935984 14.1975
3609048 3554414 14.2585
3609048 3863232 15.0972
3609048 12372554 15.3478
3609048 6986092 15.4583
3609048 2972727 15.5028
3609048 16060092 15.5507
3609048 4414905 15.5906
3609048 14554779 15.735
3609048 12834834 16.4055
3609048 8178122 16.4527
3609048 4751561 16.9332
3609048 1763149 17.2134
3609048 4358418 17.269
3609048 14232530 17.4521
3609048 14472838 17.5565
3609048 4645402 17.6514
3609048 10092786 70.1288
9660521 14024178 1.73964
9660521 4933742 1.77525
9660521 22488 1.89099
9660521 5873959 2.06091
9660521 13661109 2.1827
9660521 4805114 2.53222
9660521 10762294 2.5621
9660521 4776425 2.69613
9660521 2700860 3.07198
9660521 14398013 3.17268
9660521 2088334 3.29563
9660521 4590053 3.34909
9660521 5352010 3.58302
9660521 14915738 3.73344
9660521 10989208 3.82574
9660521 9702562 4.16908
9660521 5491096 4.19315
9660521 6275372 4.27009
9660521 4253836 4.38345
9660521 5615349 4.66542
9660521 5953613 4.82592
9660521 6623511 4.9176
9660521 13602372 5.30683
9660521 12277450 5.59691
9660521 5917141 6.30349
9660521 10409605 6.47176
9660521 2331918 6.74781
9660521 3802284 6.7925
9660521 2822513 6.90679
9660521 12326394 7.01009
9660521 3927288 7.25157
9660521 14316664 7.26537
9660521 7182103 7.36034
9660521 3050146 7.47716
9660521 15331503 7.55029
9660521 15893254 7.63422
9660521 10132108 7.63973
9660521 10457351 8.43196
9660521 10157932 8.55863
9660521 142066 8.82323
9660521 14446415 8.83157
9660521 10870034 8.86637
9660521 9041635 9.09486
9660521 2166750 9.10977
9660521 8014622 9.47846
9660521 15774050 9.9013
9660521 14317533 9.92804
9660521 7260102 10.4009
9660521 1304487 10.4577
9660521 3753220 10.526
9660521 13911951 11.206
9660521 7974835 11.5549
9660521 12396974 11.6401
9660521 13995373 12.0146
9660521 539302 12.5739
9660521 16283479 12.6278
9660521 7791006 12.8015
9660521 12651963 12.9536
9660521 14463400 13.3567
9660521 15995216 13.7926
9660521 5864857 13.8384
9660521 8731447 14.2738
9660521 12586425 14.3413
9660521 15395151 14.3615
9660521 314842 14.651
9660521 5104426 15.0817
9660521 12259082 15.3334
9660521 6201745 15.8862
9660521 5496990 16.0182
9660521 9002311 16.1661
9660521 5145895 16.455
9660521 7283052 16.4897
9660521 13876837 16.6599
9660521 6811908 16.8632
9660521 12575788 16.9077
9660521 8938006 17.1415
9660521 3750057 17.5553
9660521 13039484 19.0138
9660521 8801807 19.1444
9660521 2845189 19.2029
9660521 7889720 19.3441
9660521 12825012 19.4797
9660521 6936127 19.502
9660521 6485893 19.8373
9660521 5711623 20.1016
9660521 3319528 20.2817
4859321 6186872 1.98757
4859321 12684085 2.06848
4859321 6722124 2.23534
4859321 1199107 2.62252
4859321 10978243 2.65191
4859321 3977378 2.66041
4859321 14761188 2.75391
4859321 9072683 2.76532
4859321 1924234 2.92616
4859321 13024890 3.1335
4859321 12467323 3.23884
4859321 15032033 3.31268
4859321 2680926 3.48771
4859321 9762190 3.49948
4859321 6896128 3.62326
4859321 15251315 3.95134
4859321 12198623 4.06608
4859321 6984723 4.15345
4859321 12720035 4.4612
4859321 4287232 4.48502
4859321 15516111 4.72148
4859321 15832835 4.90979
4859321 645860 5.04901
4859321 8598585 5.27926
4859321 8575336 5.44907
4859321 2962663 5.46966
4859321 1140312 5.51235
4859321 16744374 5.78328
4859321 1790869 6.39603
4859321 11707959 6.51619
4859321 16359465 6.64847
4859321 9198654 6.79675
4859321 3472258 6.80585
4859321 9577930 7.32011
4859321 13446707 7.52036
4859321 2310241 7.74724
4859321 1625566 7.77849
4859321 3619492 7.78892
4859321 12810443 8.01516
4859321 11003421 8.37086
4859321 2687329 8.41051
4859321 2445687 8.44442
4859321 16337254 8.70504
4859321 7146245 8.73635
4859321 7475056 8.74048
4859321 7945317 8.85061
4859321 14167283 9.18073
4859321 5919367 9.26488
4859321 13452648 9.45896
4859321 1619527 9.61363
4859321 14012717 10.1204
4859321 8888149 10.233
4859321 8565228 10.2344
4859321 5518417 10.2906
4859321 7859410 10.3892
4859321 971521 10.6443
4859321 4009108 10.7407
4859321 4777493 10.8722
4859321 3554994 11.0278
4859321 6218347 11.3692
4859321 3038061 11.464
4859321 15617268 11.5238
4859321 13978902 11.69
4859321 6948655 11.694
4859321 14328131 11.7637
4859321 8714949 12.1171
4859321 968504 12.3577
4859321 6901214 13.0564
4859321 5196063 13.092
4859321 1862632 13.3299
4859321 15309314 13.3393
4859321 10563416 20.7002
4859321 7192247 13.8721
4859321 13419972 14.4009
4859321 8290843 14.4301
4859321 9542930 14.482
4859321 4880109 14.9045
4859321 10734305 15.1661
4859321 2703559 15.2164
4859321 9278261 15.3962
4859321 11160353 15.6799
4859321 5476575 16.7419
4859321 15754604 17.017
13384228 13848178 1.98066
13384228 2895357 1.98066
13384228 2933189 1.98066
13384228 569260 1.98066
13384228 10111696 1.98066
13384228 12503169 1.98066
13384228 541588 1.98066
13384228 6669671 1.98066
13384228 4278070 1.98066
1811052 4802650 1.28507
1811052 15334396 1.3743
1811052 5966319 1.63542
1811052 9426064 1.75934
1811052 7340196 1.88838
1811052 15688030 2.36347
1811052 4563994 2.40346
1811052 6916550 2.46086
1811052 9035142 2.55411
1811052 4602915 2.78291
1811052 3770597 2.79901
1811052 12481370 3.17339
1811052 2760629 3.32427
1811052 7367497 3.4295
1811052 10947019 3.84802
1811052 11590005 3.98605
1811052 420658 4.30086
1811052 2522811 4.32516
1811052 3462086 4.89641
1811052 9080474 5.28234
1811052 1767005 5.31323
1811052 462033 5.32692
1811052 14430340 5.60353
1811052 3522632 5.82451
1811052 4107054 5.98601
1811052 12010539 6.26697
1811052 10141765 6.43069
1811052 11084484 6.51447
1811052 15595206 6.76743
1811052 2411337 7.08528
1811052 13904723 7.28458
1811052 10933084 7.32263
1811052 15194992 7.6389
1811052 16164619 7.81125
1811052 6739732 8.12406
1811052 7860871 8.19971
1811052 10988599 8.31731
1811052 6306163 8.37562
1811052 11472057 8.63649
1811052 5318836 8.67874
1811052 15989958 8.76507
1811052 2648624 9.03641
1811052 1898382 9.16979
1811052 15864947 9.43382
1811052 10156866 9.4895
1811052 8952138 9.56022
1811052 666307 9.61315
1811052 16372781 10.1944
1811052 4666732 10.3394
1811052 2161681 11.191
1811052 4756798 11.5106
1811052 10478114 11.6214
1811052 12420907 12.016
1811052 10400594 12.0556
1811052 13579370 12.5348
1811052 4645289 12.6253
1811052 7322016 12.6893
1811052 799206 12.9384
1811052 12773357 12.9693
1811052 7247787 13.3028
1811052 5498528 13.4422
1811052 13581936 13.5327
1811052 9658842 13.6691
1811052 12092608 13.7243
1811052 11285157 13.779
1811052 2085275 13.9008
1811052 4385057 14.4517
1811052 12225752 14.621
1811052 11631912 15.2224
1811052 14392829 15.2286
1811052 12963073 15.2321
1811052 12333169 15.3419
1811052 2127822 15.4518
1811052 214968 16.0972
1811052 16726445 17.0145
1811052 5368814 17.3472
1811052 7983364 17.4036
1811052 6257824 17.5352
11883272 16693954 1.4938
11883272 5895902 1.84072
11883272 645067 1.95114
11883272 12314597 2.1119
11883272 16698867 2.19164
11883272 7712241 2.19898
11883272 139899 2.63681
11883272 12154605 2.67739
11883272 6381635 2.93707
11883272 16240309 2.96357
11883272 12484819 3.13719
11883272 2546018 3.32113
11883272 15870102 3.36728
11883272 6663862 3.53111
11883272 10219531 3.93068
11883272 5356909 4.01652
11883272 4669800 4.55621
11883272 5010355 4.72918
11883272 16749159 4.75598
11883272 3568018 4.82076
11883272 7345771 5.2862
11883272 8683570 5.74322
11883272 8675192 5.97506
11883272 8834751 6.08447
11883272 11292645 6.186
11883272 12742482 6.39784
11883272 10389072 6.69696
11883272 5893193 6.75344
11883272 15327556 6.80137
11883272 9720375 6.91009
11883272 1818881 6.98835
11883272 15144862 7.0564
11883272 14952140 7.23431
11883272 11748423 7.3651
11883272 7730209 7.84849
11883272 15092627 8.07523
11883272 16893 8.45139
11883272 13051093 8.66352
11883272 8682581 8.77477
11883272 13142337 9.27433
11883272 6649936 9.44048
11883272 1008848 9.48603
11883272 14661357 9.52499
11883272 312886 9.64091
11883272 2380584 9.71733
11883272 10874917 9.73268
11883272 10388371 9.8983
11883272 8572822 10.0361
11883272 121821 10.0572
11883272 6519330 10.0781
11883272 6614206 10.1534
11883272 14675966 10.4938
11883272 10715879 10.7417
11883272 10422034 11.0948
11883272 3844484 11.1841
11883272 80869 11.2019
11883272 1548575 11.4398
11883272 4898022 11.4933
11883272 9074617 11.504
11883272 8414500 11.8082
11883272 6589495 11.9279
11883272 15312890 12.0794
11883272 12549305 12.1069
11883272 5407663 12.5391
11883272 5725484 12.5466
11883272 8921099 12.8296
11883272 4608608 13.2771
11883272 6735135 13.5215
11883272 1730062 13.7083
11883272 4931693 13.9027
11883272 6476005 13.9682
11883272 963654 14.1535
11883272 2827509 14.5848
11883272 9935071 14.7817
11883272 8109981 15.058
11883272 2706876 15.2461
11883272 14188687 15.4442
11883272 3645551 15.4877
11883272 1578830 15.6859
5761421 4290270 1.7926
5761421 6726377 2.14704
5761421 7767741 3.1641
5761421 6266989 3.1889
5761421 922947 3.32054
5761421 2659332 3.34023
5761421 15300922 3.34973
5761421 3728654 3.4822
5761421 6805464 3.62346
5761421 7988486 3.83873
5761421 7534965 4.04048
5761421 3915880 4.08007
5761421 7235653 4.31568
5761421 11864035 4.55176
5761421 13755969 4.58954
5761421 300526 4.82907
5761421 8535266 4.90824
5761421 15954288 5.07005
5761421 16517136 5.18668
5761421 11541856 5.31575
5761421 16551575 5.37182
5761421 2977090 5.49765
5761421 13463281 5.64318
5761421 2606850 5.69905
5761421 13549947 5.74482
5761421 9283300 6.34093
5761421 6858104 6.35451
5761421 9616401 6.47917
5761421 6506296 6.53832
5761421 8952839 6.77472
5761421 11955014 7.32023
5761421 15727016 7.52642
5761421 13944556 7.56911
5761421 213250 7.63201
5761421 5749497 7.66086
5761421 11147931 7.74091
5761421 5832342 7.96753
5761421 10326106 8.02096
5761421 8238866 8.62092
5761421 12762501 8.88758
5761421 15628692 9.10445
5761421 9641834 9.43565
5761421 8308589 9.53926
5761421 14041953 9.63962
5761421 10392279 9.66236
5761421 6791880 9.95535
5761421 9074194 10.1732
5761421 11868014 10.1838
5761421 570573 10.2525
5761421 2962036 10.8121
5761421 15993872 10.9819
5761421 11807560 11.4132
5761421 14630319 11.8795
5761421 15514038 11.969
5761421 13325852 12.4092
5761421 5944004 12.6039
5761421 9587416 12.8084
5761421 4771975 13.0693
5761421 14563055 13.1867
5761421 7209199 13.6401
5761421 11596736 13.8789
5761421 5759341 13.897
5761421 5025075 14.0049
5761421 12838168 14.4374
5761421 4014326 14.4779
5761421 9848580 15.1459
5761421 2534959 16.2841
5761421 9449218 16.3003
5761421 11321267 16.4362
5761421 9586779 17.0303
5761421 8843465 17.0927
5761421 4905226 17.1272
5761421 8546510 17.3435
5761421 321096 17.4388
5761421 8603635 17.6009
5761421 14450173 17.6288
5761421 5820936 18.056
5761421 11002297 102.564
5761421 11266893 104.701
5761421 10646458 104.701
11222674 13075803 1.73739
11222674 6451358 1.93297
11222674 15079871 2.02695
11222674 2529163 2.42623
11222674 7989872 2.49145
11222674 5364553 2.95064
11222674 5489634 3.19398
11222674 1218053 3.23006
11222674 13284356 3.30159
11222674 10359759 4.00895
11222674 5818018 4.94432
11222674 9668483 5.40941
11222674 7260432 5.41775
11222674 12271426 5.51043
11222674 15643723 5.69023
11222674 14756877 5.8216
11222674 12207453 5.88606
11222674 9269262 5.8915
11222674 15104698 6.05908
11222674 2180681 6.10624
11222674 15473521 6.51718
11222674 8547147 6.86241
11222674 9022623 7.1055
11222674 9581974 7.11604
11222674 2296911 7.47177
11222674 10447843 7.66609
11222674 13236223 7.84282
11222674 109389 8.05981
11222674 14155962 8.16639
11222674 2412367 8.39932
11222674 12865683 8.42516
11222674 13213347 9.11211
11222674 951358 9.4683
11222674 14624648 9.78904
11222674 8866622 10.1218
11222674 5397881 10.1671
11222674 8113715 10.1968
11222674 11615722 10.5383
11222674 7321164 10.7871
11222674 9935364 10.9019
11222674 6475271 11.202
11222674 5024976 11.3144
11222674 8435347 11.8859
11222674 5215047 13.165
11222674 9148887 13.1977
11222674 9707328 13.2321
11222674 1942639 13.3317
11222674 10516812 13.953
11222674 14737829 14.1178
11222674 11131123 14.2004
11222674 8010277 14.2032
11222674 11166521 14.5684
11222674 1149934 14.6502
11222674 11405818 15.0769
11222674 5888270 15.2819
11222674 5596804 15.5727
11222674 11694030 16.0562
11222674 11394232 16.2787
11222674 13119802 16.5235
11222674 3645066 16.6339
11222674 1003954 16.8777
11222674 5400998 16.8846
11222674 10990279 17.2999
11222674 10777062 17.3434
11222674 10809043 17.4828
11222674 3516777 17.6821
11222674 6329761 17.7026
11222674 14487532 17.7743
11222674 13519046 17.9132
11222674 15723298 17.9851
11222674 317418 18.633
11222674 15449847 18.6693
11222674 14010318 19.0949
11222674 3750231 19.6229
7748968 1357667 2.6209
7748968 8634023 2.80263
7748968 4370712 3.13072
7748968 5863165 3.24165
7748968 14675085 3.35261
7748968 14102350 3.78334
7748968 14868396 3.84212
7748968 6974635 3.86072
7748968 4822450 4.03795
7748968 13297203 4.98383
7748968 15596793 5.80624
7748968 4144372 7.01769
7748968 6497078 7.45313
7748968 2728820 7.5618
7748968 12325478 8.08336
7748968 5537138 8.44995
7748968 9841401 9.13054
7748968 12185412 9.20749
7748968 9992957 9.3191
7748968 1959587 9.5029
7748968 9999729 10.8101
7748968 7103661 11.3363
7748968 920020 11.4418
7748968 5269969 11.453
7748968 9182108 11.5603
7748968 6574604 11.6593
7748968 6867325 11.7357
7748968 10648060 11.9138
7748968 6380190 12.3759
7748968 4033699 12.5112
7748968 5599899 12.7474
7748968 8193381 12.9953
7748968 10424387 13.2119
7748968 11808951 13.5134
7748968 9623186 14.2213
7748968 15864671 14.5395
7748968 1741501 14.7168
7748968 6107783 15.1063
7748968 7149086 15.4601
7748968 14581974 15.6646
7748968 16350112 15.6712
7748968 16118338 15.8207
7748968 7322081 16.1792
7748968 1096059 16.8546
7748968 14511564 17.4878
7748968 789636 17.8866
7748968 13364481 18.0035
7748968 16021130 18.2143
7748968 15884193 18.3222
7748968 14491192 18.5781
7748968 10965524 19.145
7748968 7927125 21.0438
7748968 15708021 21.2075
7748968 14380574 21.5676
7748968 7762290 21.6347
7748968 4538461 22.0019
7748968 7239976 22.1259
7748968 7807910 22.2423
7748968 9829575 22.7076
7748968 10603987 24.0394
7748968 15171628 24.2102
7748968 8082384 24.7701
7748968 3746596 25.2989
7748968 15888305 25.3322
7748968 733528 25.8431
7748968 16310972 25.9821
7748968 7957155 26.8925
7748968 11057084 27.1692
7748968 4072608 27.4398
7748968 14212014 27.7129
7748968 4170414 27.8159
7748968 2809382 27.9581
7748968 546318 28.4168
7748968 7210789 28.9575
7748968 6994678 29.1544
7748968 7613679 29.5106
7748968 6368517 30.1037
13366516 15512175 1.53097
13366516 986985 1.64381
13366516 7746050 1.69433
13366516 2315751 2.22124
13366516 3347712 2.41109
13366516 8186561 2.51643
13366516 14750525 2.60711
13366516 609276 3.04527
13366516 12718870 3.07919
13366516 13947549 3.32239
13366516 5060644 4.14655
13366516 16241129 4.29143
13366516 11608941 4.47629
13366516 5555175 4.78451
13366516 10672931 4.91795
13366516 11608800 5.28402
13366516 4964069 5.71848
13366516 10741673 5.82948
13366516 10683737 5.9037
13366516 1469554 6.10471
13366516 5509480 6.18593
13366516 12554141 6.44535
13366516 12791959 6.45036
13366516 3961240 6.65545
13366516 14080504 7.02039
13366516 10137556 7.95555
13366516 10337036 8.9848
13366516 5040874 9.17059
13366516 5484793 9.35867
13366516 16265048 9.89288
13366516 9827416 9.95732
13366516 1612156 10.0156
13366516 8870368 10.0752
13366516 2106321 10.1498
13366516 2314882 10.5737
13366516 11872945 11.8251
13366516 5802588 12.7786
13366516 8645421 13.4856
13366516 15091674 13.5863
13366516 15112178 13.621
13366516 788295 14.2117
13366516 15193703 14.281
13366516 15247875 14.7572
13366516 8926699 15.1397
13366516 2812836 16.0329
13366516 662805 16.6462
13366516 3557902 17.4115
13366516 14196893 17.665
13366516 819971 18.1291
13366516 3348209 18.1921
13366516 16073878 19.0098
13366516 12554846 20.3464
13366516 6262261 21.1134
13366516 12837003 21.5735
13366516 9969574 21.7528
13366516 10200412 22.3059
13366516 4926206 22.3486
13366516 14041495 22.8238
13366516 13769630 22.8669
13366516 8251072 23.0506
13366516 8377952 23.2274
13366516 11040384 23.4117
13366516 963385 23.5648
13366516 1777566 23.893
13366516 2439675 24.748
13366516 5358175 24.7872
13366516 16105050 25.4496
13366516 2230367 26.3427
13366516 2399033 27.2727
13366516 8801239 27.2752
13366516 1005147 27.4992
13366516 11942375 27.5067
13366516 13552739 27.6298
13366516 5199076 27.7166
13366516 6259673 27.7683
13366516 8532235 27.992
13366516 1192189 29.4078
13366516 16044752 29.6505
13366516 16621481 29.9769
13366516 12567941 30.2492
13366516 15656597 30.4746
13366516 12970344 30.5051
13366516 4344696 30.7309
5690375 16219458 3.07121
5690375 4358707 3.14774
5690375 7090781 4.29092
5690375 12614967 5.3786
5690375 5776990 5.88616
5690375 14975340 6.44539
5690375 13681576 6.512
5690375 4146026 7.55098
5690375 13983239 7.75057
5690375 8791982 7.8333
5690375 1057906 7.9018
5690375 13440871 8.75806
5690375 13466776 8.77772
5690375 3175701 9.10919
5690375 2477550 9.97822
5690375 9603074 10.135
5690375 6896059 10.2908
5690375 7314882 10.3863
5690375 9134421 10.6233
5690375 9978466 11.1096
5690375 5658625 12.0821
5690375 15671981 12.1024
5690375 8584926 12.2367
5690375 11504622 13.4853
5690375 2889099 13.5422
5690375 10862098 13.6887
5690375 1212555 13.8212
5690375 10813699 13.9675
5690375 8730127 14.173
5690375 12982915 15.2004
5690375 2330372 15.339
5690375 2213892 15.4059
5690375 9855875 15.4651
5690375 63023 16.9276
5690375 15025024 17.1436
5690375 13882126 17.1774
5690375 9917710 17.1941
5690375 1897981 18.0277
5690375 13946473 18.4023
5690375 4815516 19.1577
5690375 3280494 19.4726
5690375 3285232 19.6574
5690375 6237675 19.8176
5690375 12698656 20.9327
5690375 8400569 21.3625
5690375 14965332 22.9233
5690375 11476244 23.8994
5690375 2111524 23.9128
5690375 11200561 24.259
5690375 4050276 24.7545
5690375 485125 25.2457
5690375 15470577 25.421
5690375 14817946 25.6045
5690375 3677042 26.1898
5690375 11405451 26.7024
5690375 10165665 26.8395
5690375 3160073 26.9782
5690375 12604752 27.1015
5690375 8748465 28.1604
5690375 6285388 28.3165
5690375 4794571 28.5531
5690375 14287179 28.5754
5690375 8340680 29.0647
5690375 9354904 29.2243
5690375 3280284 29.9092
5690375 6898890 29.9775
5690375 13768838 29.9972
5690375 4304771 30.9563
5690375 7993561 31.1283
5690375 8375761 31.2242
5690375 4891127 31.453
5690375 3004417 31.6776
5690375 6582833 31.7527
5690375 6860330 31.7862
5690375 5545471 31.9515
5690375 15253792 32.5287
5690375 14103571 32.6036
7650092 15985025 1.99092
7650092 14117840 1.99092
7650092 14125032 1.99092
7650092 15926713 1.99092
7650092 10388298 1.99092
7650092 5179005 1.99092
7650092 11569610 1.99092
7650092 9702299 1.99092
7650092 16354664 1.99092
7650092 14487353 1.99092
14401667 12604452 24.6304
14401667 3153284 24.634
14401667 9586274 24.7433
14401667 10077421 24.9275
14401667 13165805 24.9709
14401667 1615286 25.3224
14401667 703703 25.5347
14401667 1719038 25.5731
14401667 4006048 25.6138
14401667 2442768 25.7715
14401667 6988435 25.8342
14401667 9497561 25.876
14401667 4933054 25.9747
14401667 16293892 26.0083
14401667 10961227 26.1608
14401667 16084655 27.1813
14401667 13928223 27.1846
14401667 1462672 27.1846
14401667 8683433 27.3205
14401667 5269255 27.4032
14401667 1029640 27.5177
14401667 1978910 27.5669
14401667 3189874 27.6408
14401667 3265758 28.2802
14401667 3076715 28.7337
14401667 5632645 28.8428
14401667 13585150 28.9898
14401667 5873228 29.2006
14401667 5587837 29.8335
14401667 11904558 29.9779
14401667 13724316 29.9819
14401667 6513419 30.0967
14401667 10012557 30.1708
14401667 5780775 30.2014
14401667 6495771 30.2131
14401667 16733485 31.1337
14401667 15727276 31.8931
14401667 5405118 31.9585
14401667 14325607 32.3771
14401667 15333419 32.4491
14401667 5390404 32.9125
14401667 8787638 32.9383
14401667 5742110 33.0443
14401667 16208008 33.6859
14401667 6123455 34.1508
14401667 6012564 34.3093
14401667 1705673 34.8298
14401667 3548320 34.9494
14401667 4942002 35.0572
14401667 7550529 35.8813
14401667 1878389 36.5559
14401667 5463150 36.8654
14401667 12477629 37.0847
14401667 11496493 37.1254
14401667 14320456 37.9686
14401667 949679 38.3009
14401667 2899223 38.6466
14401667 10377548 38.7717
14401667 1161254 38.7943
14401667 7746845 39.5738
14401667 318320 41.1394
14401667 14899710 41.704
14401667 2493036 41.9447
14401667 3663754 41.9517
14401667 2407914 43.0128
14401667 136344 43.2581
14401667 5259703 43.775
14401667 6567852 43.7754
14401667 8219577 45.339
14401667 14413476 45.669
14401667 896921 45.8477
14401667 13140675 45.881
14401667 15758589 46.0525
14401667 3257647 46.0988
14401667 6274462 46.408
14401667 10484919 46.4271
14401667 1501657 47.7669
14401667 7685666 47.8729
14401667 3638772 48.101
14401667 4626428 48.3746
14401667 4301439 48.9017
14401667 320328 49.3012
14401667 702084 49.4445
14401667 10036626 50.1323
14401667 8417518 51.6431
14401667 5451953 51.6633
14401667 13907378 51.7745
14401667 11990503 51.9558
14401667 6056235 52.0294
14401667 14141636 52.0476
14401667 10231081 54.5601
14401667 2344256 54.987
14401667 14373295 55.021
14401667 9527590 55.0514
14401667 1429603 55.1081
14401667 2527406 55.5882
14401667 6211570 55.5949
14401667 4596636 55.8574
14401667 5721624 56.7029
14401667 9413 56.7272
14401667 8659073 57.1251
14401667 512283 58.9874
14401667 7903609 59.0317
14401667 15920373 59.3492
14401667 8650146 59.4069
14401667 14949733 60.5394
14401667 2011175 61.321
14401667 9829877 61.405
14401667 16474994 62.01
14401667 7178686 62.4153
14401667 10003440 62.5886
14401667 5666194 63.4234
14401667 15322084 63.8321
14401667 16712532 63.9444
14401667 1437871 64.208
14401667 16090398 65.5757
14401667 98582 65.6328
14401667 9914121 65.6507
14401667 7637482 65.8149
14401667 6900934 66.5344
4792831 45485 4.27285
4792831 12171562 4.98987
4792831 12284357 5.16934
4792831 9909078 5.39057
4792831 3816605 5.73064
4792831 2679128 5.9345
4792831 1715014 6.05893
4792831 4068793 6.12639
4792831 13449543 6.19177
4792831 14668527 6.92409
4792831 10990405 6.98424
4792831 117541 7.48562
4792831 16752136 7.60527
4792831 13143515 7.85765
4792831 14725192 8.34742
4792831 6895674 8.34985
4792831 2598007 8.89106
4792831 14172776 8.9835
4792831 13864321 9.82079
4792831 4258479 10.3582
4792831 12359337 10.5393
4792831 2240979 10.9869
4792831 9673149 11.4734
4792831 12913022 11.5964
4792831 5256949 12.6579
4792831 2882605 12.7202
4792831 15294425 12.7267
4792831 9943662 12.7448
4792831 15537644 12.8914
4792831 5965521 13.0649
4792831 15864163 13.1154
4792831 14970039 13.1862
4792831 7853783 13.2536
4792831 14599210 13.5813
4792831 14832550 13.9947
4792831 9972044 14.2598
4792831 5304234 14.4469
4792831 4974258 14.4835
4792831 1865341 14.658
4792831 2524527 14.8849
4792831 1215894 15.615
4792831 10919429 16.2513
4792831 14773501 16.4131
4792831 8540205 16.9394
4792831 11131195 17.559
4792831 14441693 17.6978
4792831 6470354 18.5638
4792831 4642728 18.5967
4792831 8085395 19.1139
4792831 2771713 19.3204
4792831 6418546 19.3319
4792831 14340775 19.8462
4792831 7273343 19.8719
4792831 7027786 20.0069
4792831 12734513 20.0713
4792831 13856873 20.1339
4792831 287848 20.4252
4792831 9418456 20.6479
4792831 13691525 20.9842
4792831 1639100 21.0587
4792831 10499144 21.296
4792831 3248458 21.5707
4792831 2530051 21.8819
4792831 12380269 22.0578
4792831 129589 22.1806
4792831 1315558 22.3522
4792831 6917509 22.3605
4792831 4404320 22.4204
4792831 15049625 22.7244
4792831 12663469 22.7254
4792831 5891513 22.7741
4792831 6210352 23.6583
4792831 3112773 23.6589
4792831 4758588 23.6711
4792831 2409402 23.7321
4792831 16460390 23.8196
4792831 10501232 23.8394
4792831 4031891 24.4243
4792831 109941 24.4886
4792831 10627385 24.9153
4792831 16759329 25.1234
4792831 9153453 25.1436
4792831 3583463 25.1846
4792831 2643542 25.4092
4792831 4288250 25.5552
4792831 4585023 25.9827
4792831 16176948 26.3129
4792831 9355256 26.6379
4792831 14217060 27.6446
4792831 3602241 27.9928
4792831 14801595 28.0808
4792831 432567 28.0923
4792831 7098765 28.4656
4792831 16077435 29.2479
4792831 13308612 29.6136
4792831 6209661 29.9853
4792831 13639547 30.0748
4792831 9149324 30.1192
4792831 11463920 30.1886
4792831 14273438 30.3114
4792831 10860931 30.4384
4792831 16521035 31.1108
4792831 7149589 31.1761
4792831 9505372 31.2334
4792831 9381458 32.045
4792831 5680573 32.1225
4792831 7090442 32.692
4792831 9609068 32.9672
4792831 8490469 33.0263
4792831 7280577 33.7309
4792831 3599011 33.9823
4792831 8019056 34.0809
4792831 10612022 34.1514
4792831 7841642 34.5097
4792831 13086872 34.5866
4792831 11103555 34.6171
4792831 3302533 34.7739
4792831 10272928 34.895
4792831 15808537 34.9762
4792831 510856 35.3625
1632903 11862744 1.92939
1632903 5462012 1.95156
1632903 1040184 2.10138
1632903 15226869 2.11058
1632903 12902232 2.12551
1632903 9208769 2.23307
1632903 6579620 2.27575
1632903 15280907 2.4185
1632903 15693310 2.58032
1632903 545937 2.70487
1632903 5546176 3.02942
1632903 15265264 3.20509
1632903 6337595 3.39016
1632903 9040531 3.40399
1632903 12582158 3.59685
1632903 11192437 3.61667
1632903 3882572 3.76981
1632903 13547655 4.79589
1632903 1984089 4.92425
1632903 10089346 5.29357
1632903 16002667 5.31795
1632903 8517622 5.33495
1632903 11503149 5.34281
1632903 15529244 5.42548
1632903 3941432 5.47355
1632903 14456684 5.50836
1632903 2212165 5.61741
1632903 15164304 5.79939
1632903 15003646 5.86785
1632903 10145647 6.11721
1632903 10122903 6.14017
1632903 11414877 6.15033
1632903 3691312 6.18494
1632903 2231288 6.28929
1632903 11951188 6.74434
1632903 2959454 6.75663
1632903 13615951 7.25406
1632903 8819226 7.72404
1632903 2745160 8.116
1632903 3541783 8.55254
1632903 3242837 8.83278
1632903 467959 9.10289
1632903 15891471 9.16136
1632903 7960 9.39356
1632903 7604592 10.0569
1632903 13958950 10.1354
1632903 8054091 10.5623
1632903 8235725 10.9497
1632903 2490618 10.9778
1632903 6270678 11.1649
1632903 6560873 11.7617
1632903 5185210 12.1148
1632903 3195333 12.3974
1632903 11099471 12.5323
1632903 6275578 12.6861
1632903 15859938 12.7285
1632903 12581075 12.8049
1632903 4197718 12.8173
1632903 363422 13.3193
1632903 9198658 13.3342
1632903 13214178 13.373
1632903 13040942 13.5088
1632903 9823214 13.7248
1632903 15830136 14.0471
1632903 7836146 14.1025
1632903 11839498 14.2437
1632903 11737418 14.4752
1632903 8557635 14.5209
1632903 4913931 14.7477
1632903 6116302 14.8482
1632903 14542783 14.9192
1632903 4274407 14.9716
1632903 6128696 14.9948
1632903 8235723 15.3629
1632903 6465388 15.4585
1632903 12339777 15.469
1632903 6472718 15.805
1632903 16673084 15.8332
1632903 341460 16.1569
1632903 6004962 16.5908
1632903 12023816 16.8258
1632903 5563954 16.9701
1632903 10852793 16.9879
307488 7578917 390.002
307488 14806782 390.197
307488 2911162 390.445
307488 7737079 391.094
307488 9181014 391.872
307488 16757116 392.027
307488 1553706 392.106
307488 15270706 392.731
307488 14549740 393.38
307488 12888766 393.83
307488 460926 394.449
307488 1294965 394.554
307488 4956868 394.76
307488 6360829 394.815
307488 13326540 395.339
307488 16769102 395.377
307488 1051555 395.419
307488 14306372 395.545
307488 8989255 396.147
307488 16672406 396.427
307488 14272156 396.579
307488 3680120 396.687
307488 5512352 397.084
307488 3199018 397.42
307488 12133255 397.83
307488 1817814 398.177
307488 7384954 398.216
307488 13364691 398.442
307488 5559548 398.597
307488 16204053 398.615
307488 14428177 398.943
307488 5865422 399.056
307488 8955151 399.755
307488 867765 399.767
307488 16534596 399.83
307488 14648046 400.248
307488 2009436 400.345
307488 8505472 400.684
307488 1100423 400.808
307488 13312315 400.894
307488 16122002 401.115
307488 15222719 401.294
307488 8797289 401.331
307488 12381281 401.75
307488 14034758 401.817
307488 11786075 402.029
307488 5507287 402.056
307488 3395481 402.449
307488 9483678 402.596
307488 15235662 402.717
307488 14740513 402.881
307488 10788290 403.19
307488 12708879 403.507
307488 4229914 403.564
307488 6112879 403.695
307488 15590734 403.733
307488 8031458 404.123
307488 10518358 404.176
307488 16089294 404.467
307488 2307 405.051
307488 16224961 405.185
307488 16266748 405.234
307488 4424398 405.562
307488 13775766 405.716
307488 7059405 405.716
307488 4984706 406.038
307488 299119 406.234
307488 14457673 406.73
307488 37676 406.919
307488 1011786 407.082
307488 12017029 407.387
307488 5777901 407.984
307488 9951757 408.253
307488 9747493 408.534
307488 8003016 408.683
307488 10681090 408.875
307488 7573221 408.954
307488 489145 408.963
447400 14664262 349.21
447400 14965481 349.342
447400 1835377 350.011
447400 16234228 350.253
447400 10619660 350.574
447400 12598150 352.083
447400 7474127 352.595
447400 14423577 353.377
447400 4709555 353.881
447400 539821 354.918
447400 5643754 355.064
447400 9255473 355.179
447400 8029743 355.502
447400 9751628 357.147
447400 156576 357.377
447400 1115471 358.362
447400 4668959 358.559
447400 2019641 359.357
447400 2297235 360.547
447400 11459026 360.627
447400 9181223 361.047
447400 948030 361.081
447400 6768872 361.899
447400 7293691 362.634
447400 14016183 362.957
447400 2152815 363.231
447400 9640274 364.597
447400 7586008 364.864
447400 16106708 365.476
447400 149588 365.8
447400 5906179 366.599
447400 1362807 366.6
447400 12507952 367.414
447400 9892473 369.151
447400 9594117 369.596
447400 3098075 370.099
447400 12416907 370.69
447400 1480828 371.093
447400 12684217 371.46
447400 11027253 373.498
447400 4876572 374.116
447400 1219134 374.222
447400 9689659 374.246
447400 2699337 374.503
447400 11869183 374.589
447400 200341 375.125
447400 15921936 375.361
447400 858170 375.582
447400 10531012 376.4
447400 7717867 376.502
447400 13864038 378.022
447400 9945075 378.26
447400 5762049 378.857
447400 16339570 378.929
447400 15463275 379.277
447400 3093057 380.448
447400 3021313 380.509
447400 13364806 380.553
447400 365787 381.124
447400 5672582 381.262
447400 13530217 381.791
447400 11649238 381.974
447400 191254 382.885
447400 11034432 383.216
447400 4814251 384.906
447400 1841430 385.005
447400 7449520 385.524
447400 1359840 386.34
447400 9291903 386.738
447400 889808 386.815
447400 3360052 388.328
447400 2286896 389.112
447400 3886800 529.06
447400 14185668 529.721
447400 7944679 530.134
72657 1295400 313.848
72657 4868399 314.044
72657 11584411 314.421
72657 12979420 314.655
72657 3614108 314.78
72657 636840 314.899
72657 8920810 316.983
72657 13404317 316.988
72657 769867 317.061
72657 16113400 317.744
72657 3160100 318.18
72657 15009883 318.6
72657 9722643 318.903
72657 13486972 319.03
72657 14891130 319.138
72657 1142651 319.454
72657 6785457 320.011
72657 9178911 320.522
72657 8110453 321.049
72657 12074654 321.275
72657 9303960 321.45
72657 1024100 321.542
72657 14503907 321.597
72657 110150 323.618
72657 2806896 323.642
72657 16305541 323.825
72657 12709842 325.079
72657 12579627 325.527
72657 5618680 326.027
72657 3876447 327.718
72657 515611 328.58
72657 6386770 328.809
72657 8189029 328.93
72657 16542264 328.985
72657 4408340 329.184
72657 7792227 330.403
72657 14714620 330.692
72657 7190357 330.76
72657 9641616 330.818
72657 9751303 330.862
72657 9912132 330.866
72657 14438143 331.662
72657 2942460 332.704
72657 15974527 332.95
72657 14701627 333.274
72657 16640156 333.466
72657 217369 333.609
72657 356862 334.548
72657 14105635 334.645
72657 359182 335.47
72657 1130161 335.493
72657 3419561 335.517
72657 8515418 335.654
72657 7098904 335.878
72657 15048031 336.548
72657 2924690 338.046
72657 2387787 338.404
72657 16318485 339.067
72657 7071442 339.368
72657 13187755 340.081
72657 8988746 340.177
72657 392062 340.834
72657 5691372 341.214
72657 6466654 342.75
72657 8056223 343.174
72657 6746841 344.656
72657 15303764 344.668
72657 1184293 345.039
72657 9646621 345.191
72657 2637205 345.677
72657 12087068 346.528
72657 15555194 346.727
72657 4990124 346.948
72657 5561587 347.064
72657 1028729 347.582
72657 7129370 347.611
72657 350292 348.092
72657 2831751 348.829
72657 8281687 348.924
72657 10579712 349.136
11668377 14441326 282.574
11668377 2940154 282.963
11668377 14338648 283.207
11668377 11304484 283.473
11668377 5929449 283.803
11668377 3771321 284.468
11668377 9009978 285.468
11668377 8834212 286.1
11668377 13823348 286.208
11668377 16153900 286.807
11668377 9757840 287.156
11668377 14351538 287.859
11668377 16113688 288.565
11668377 4744053 288.594
11668377 1630321 288.684
11668377 10455347 288.718
11668377 11046035 289.082
11668377 1207262 289.365
11668377 3241613 289.838
11668377 3915140 289.895
11668377 15807605 290.185
11668377 4816392 290.567
11668377 5732286 291.674
11668377 14724586 291.754
11668377 502269 292.049
11668377 12727848 292.221
11668377 16342570 292.958
11668377 263438 293.069
11668377 10262523 293.434
11668377 8398148 294.243
11668377 12648184 294.351
11668377 14493725 294.406
11668377 9833601 296.145
11668377 16154308 296.272
11668377 3310636 296.572
11668377 16427565 296.701
11668377 15281530 297.526
11668377 8704052 297.561
11668377 12168256 297.649
11668377 8495638 299.177
11668377 2220325 299.898
11668377 119723 299.978
11668377 4556564 300.293
11668377 14391276 300.32
11668377 8524773 300.363
11668377 10548839 300.436
11668377 2929072 301.425
11668377 12053876 301.636
11668377 353406 301.734
11668377 6328123 301.907
11668377 4861108 302
11668377 5738976 302.876
11668377 2287200 303.181
11668377 197102 303.462
11668377 15876076 303.616
11668377 8972639 303.672
11668377 12362299 303.866
11668377 5079227 304.033
11668377 15239719 304.161
11668377 9161717 304.445
11668377 15155509 304.652
11668377 15190838 306.281
11668377 663715 306.374
11668377 15671120 306.503
11668377 15820954 307.043
11668377 10967351 307.063
11668377 7960173 307.133
11668377 14749552 307.602
11668377 2379279 307.698
11668377 4113148 307.88
11668377 7880261 308.516
11668377 4570264 309.825
11668377 11560070 310.158
11668377 15965235 310.569
11668377 12386546 312.451
11668377 3144360 312.5
11668377 9452278 312.817
11668377 11239269 313.034
14643546 848764 252.237
14643546 5216752 252.411
14643546 4989715 252.592
14643546 7811792 253.717
14643546 4057883 253.85
14643546 14874616 254.261
14643546 10304470 254.397
14643546 10948689 254.499
14643546 2181336 254.522
14643546 4881082 255.408
14643546 14206506 255.919
14643546 5776071 256.139
14643546 8933597 256.472
14643546 3431779 256.524
14643546 8405712 256.644
14643546 9335208 256.895
14643546 14510897 257.39
14643546 7895740 257.436
14643546 9697698 257.799
14643546 359417 257.972
14643546 2776175 258.09
14643546 2460225 259.937
14643546 14681039 261.2
14643546 2044920 261.351
14643546 7845391 261.367
14643546 14685038 261.897
14643546 3483419 262.052
14643546 10926112 262.396
14643546 239050 262.864
14643546 2610937 263.486
14643546 5324035 263.8
14643546 1164756 263.96
14643546 9964010 265.383
14643546 6983197 265.523
14643546 11951563 266.18
14643546 1190517 266.429
14643546 5484629 266.624
14643546 8582062 266.755
14643546 7554776 267.833
14643546 13926378 267.841
14643546 9987514 268.236
14643546 1868370 268.447
14643546 7356928 268.485
14643546 4022492 268.594
14643546 4750859 268.669
14643546 8018579 268.997
14643546 10905910 269.362
14643546 14391414 269.485
14643546 2667744 270.02
14643546 11443690 270.28
14643546 13805162 270.568
14643546 1936651 272.339
14643546 11231194 272.732
14643546 7228073 272.754
14643546 15452947 273.375
14643546 3986782 273.507
14643546 16025964 273.778
14643546 7063452 275.021
14643546 594017 275.259
14643546 4620845 275.517
14643546 9794919 275.611
14643546 2562464 276.152
14643546 6090740 276.526
14643546 16565023 276.551
14643546 14818311 277.524
14643546 8743913 277.814
14643546 5801390 277.853
14643546 9654412 278.14
14643546 7157349 278.39
14643546 4844021 278.631
14643546 14532429 278.722
14643546 7279874 278.739
14643546 12817401 279.184
14643546 803351 279.335
14643546 9610424 279.453
14643546 16162681 279.742
14643546 12912510 279.941
14643546 3903633 280.364
14643546 1593965 280.388
14643546 4199296 281.014
14643546 5412807 281.276
14643546 2458240 281.504
14277075 8453622 219.383
14277075 11297484 219.594
14277075 2102869 219.726
14277075 9250825 220.524
14277075 2640092 220.966
14277075 9030274 221.131
14277075 9213438 222.117
14277075 4849268 222.167
14277075 13139896 222.541
14277075 3260711 222.726
14277075 1714853 222.885
14277075 15804050 223.152
14277075 10106211 223.214
14277075 1210420 223.233
14277075 12996853 223.599
14277075 8796148 223.815
14277075 13384600 224.243
14277075 6846130 225.041
14277075 4145593 225.524
14277075 1882022 226.053
14277075 11830095 226.323
14277075 1915742 227.276
14277075 407309 227.538
14277075 16100788 228.283
14277075 15757128 228.465
14277075 10227815 228.783
14277075 9844880 229.278
14277075 11039300 230.097
14277075 15031930 230.475
14277075 7755365 230.75
14277075 14634625 231.339
14277075 10511620 231.577
14277075 4452860 232.888
14277075 6811860 233.191
14277075 7021318 233.305
14277075 10345086 233.331
14277075 2369379 233.743
14277075 6863002 233.781
14277075 5246532 234.397
14277075 16204537 234.503
14277075 9406499 235.368
14277075 11978082 236.805
14277075 16436441 237.077
14277075 9684006 237.515
14277075 865928 237.835
14277075 6839825 238.858
14277075 4837197 238.914
14277075 855995 239.155
14277075 8658585 239.298
14277075 1190930 239.58
14277075 1181585 239.593
14277075 1461778 240.086
14277075 7911250 240.093
14277075 8420927 240.683
14277075 16214610 240.845
14277075 7667639 241.068
14277075 9587995 242.904
14277075 7316275 242.966
14277075 16411186 243.022
14277075 1344311 243.762
14277075 8143040 244.226
14277075 1122203 244.238
14277075 3955078 244.918
14277075 5145762 245.134
14277075 11193583 245.277
14277075 13946407 245.349
14277075 15948755 245.388
14277075 1432626 246.208
14277075 9522926 247.11
14277075 392680 247.892
14277075 15623313 248.696
14277075 16467094 249.014
14277075 15912642 249.154
14277075 9442394 249.187
14277075 12595980 249.384
14277075 11957687 249.61
14277075 8948198 249.658
14277075 6134287 249.706
14277075 13456293 249.837
14277075 6222000 250.816
11514038 7983996 190.176
11514038 11831519 190.598
11514038 15122442 190.629
11514038 15087350 191.242
11514038 8323673 191.608
11514038 10986339 191.742
11514038 8658086 191.952
11514038 16661205 192.111
11514038 7225026 192.187
11514038 6905823 192.712
11514038 11737078 193.295
11514038 1577891 193.346
11514038 12256761 193.359
11514038 16156488 193.503
11514038 10107044 193.85
11514038 9350870 194.587
11514038 15605467 194.66
11514038 11966006 194.972
11514038 13341997 195.734
11514038 8726883 195.849
11514038 39191 196.589
11514038 5985401 197.25
11514038 13924986 197.328
11514038 260059 197.652
11514038 1311457 197.856
11514038 7629586 199.268
11514038 1274904 199.614
11514038 12926723 199.805
11514038 6774797 200.676
11514038 4423485 200.839
11514038 16177387 201.063
11514038 2739506 201.499
11514038 5929743 201.88
11514038 6543496 201.972
11514038 7842704 202.511
11514038 12006244 202.555
11514038 4891599 202.776
11514038 5328896 203.037
11514038 1417583 203.098
11514038 12106366 204.053
11514038 3775514 204.917
11514038 9988296 206.317
11514038 9845348 206.517
11514038 9048139 206.835
11514038 6074700 208.391
11514038 12344093 208.939
11514038 14092935 209.154
11514038 6660745 209.552
11514038 12421113 209.687
11514038 4299354 209.736
11514038 15238967 210.036
11514038 12899688 210.12
11514038 8664863 210.317
11514038 1117107 210.524
11514038 15726223 210.545
11514038 7563889 210.733
11514038 7116390 211.17
11514038 3364926 211.717
11514038 7302965 212.416
11514038 16022 212.921
11514038 12275836 213.703
11514038 15654600 213.889
11514038 5217516 214.228
11514038 5308905 214.716
11514038 7983732 214.854
11514038 10350965 215.186
11514038 3895928 215.914
11514038 1497326 216.192
11514038 618987 216.789
11514038 11906627 216.894
11514038 8221917 217.678
11514038 7429616 217.763
11514038 1013885 217.764
11514038 9947866 217.816
11514038 2989695 217.828
11514038 86084 218.1
11514038 3116556 218.428
11514038 10296520 218.531
959966 12267899 163.192
959966 15792798 163.392
959966 1445372 163.421
959966 13431770 163.756
959966 14760171 163.855
959966 12897342 164.177
959966 7725705 164.224
959966 5929406 164.654
959966 11505626 165.369
959966 16086839 165.901
959966 14600875 165.928
959966 5534215 166.899
959966 9184653 167.12
959966 8929167 167.282
959966 2144369 169.173
959966 9419884 169.222
959966 15744429 169.43
959966 923842 169.526
959966 5114347 170.287
959966 2318272 170.834
959966 8419253 170.922
959966 13252016 170.97
959966 3107391 171.234
959966 6754119 171.553
959966 15727241 171.648
959966 10227765 172.16
959966 8102999 172.471
959966 6733430 172.816
959966 5509752 172.901
959966 14347196 173.985
959966 1921837 174.068
959966 11922694 174.141
959966 14468595 174.47
959966 8607780 174.889
959966 12642952 175.109
959966 567354 175.353
959966 10685543 175.396
959966 12651336 176.383
959966 1487923 176.591
959966 12217659 177.131
959966 10364200 177.308
959966 2421770 177.352
959966 8308625 177.72
959966 8959221 177.882
959966 1534500 177.94
959966 1211946 178.091
959966 3766520 178.222
959966 11968987 178.955
959966 5020420 179.255
959966 1559891 180.777
959966 13467122 181.912
959966 12954833 182.055
959966 15836136 182.125
959966 4452265 182.145
959966 993710 182.605
959966 14647747 182.76
959966 10948103 182.946
959966 3117923 183.042
959966 16501274 183.097
959966 13175835 183.156
959966 10688523 183.732
959966 10568430 183.819
959966 9590037 184.073
959966 481215 184.933
959966 11404943 186.014
959966 7100272 186.496
959966 511981 186.641
959966 11691220 186.772
959966 4843946 187.062
959966 4468644 187.063
959966 11283541 187.101
959966 15835621 187.589
959966 14541909 188.348
959966 9423662 188.378
959966 33356 188.649
959966 7593255 188.735
959966 251415 188.99
959966 2141951 189.572
959966 2368376 189.753
