15361205 11914092 1.96667
15361205 10474484 2.09643
15361205 7328694 2.57559
15361205 10747330 3.02838
15361205 12423791 3.0341
15361205 10586067 3.12056
15361205 16619960 3.28497
15361205 16461458 3.36664
15361205 14459233 3.38436
15361205 5383740 3.69186
15361205 13974216 3.87357
15361205 14983506 4.12077
15361205 12605656 4.4666
15361205 4781550 4.49699
15361205 11492929 4.58999
15361205 11287396 4.69221
15361205 6725840 4.98066
15361205 1876223 5.0804
15361205 11411725 5.34336
15361205 5682525 5.38268
15361205 3763313 5.80852
15361205 550160 5.957
15361205 7268063 6.36378
15361205 14803276 6.77278
15361205 2402848 6.77683
15361205 8886303 6.82217
15361205 4718484 6.84065
15361205 10666006 6.92669
15361205 1395922 7.17626
15361205 5184887 7.25841
15361205 13273564 7.29843
15361205 11847833 7.42205
15361205 9274008 7.58355
15361205 13653265 7.68268
15361205 1440498 7.77765
15361205 16521133 7.91173
15361205 7067693 8.03161
15361205 404247 8.08832
15361205 12581899 8.40827
15361205 698460 8.46258
15361205 750126 8.47038
15361205 3455521 8.48804
15361205 6284767 8.48807
15361205 9321216 8.49531
15361205 7815724 8.60397
15361205 14835617 8.64521
15361205 6283857 8.80727
15361205 16421044 8.82241
15361205 15493455 9.24196
15361205 15525015 9.60832
15361205 12246308 9.64012
15361205 11489709 9.6857
15361205 6080322 9.76282
15361205 9775557 10.2046
15361205 7185874 10.3254
15361205 14448258 10.6861
15361205 322170 10.8339
15361205 546594 10.9753
15361205 7877177 11.2192
15361205 781592 11.8834
15361205 13626875 12.2207
15361205 3894466 12.2385
15361205 9921080 12.5803
15361205 4148819 12.6661
15361205 12916001 12.9215
15361205 7117496 13.3107
15361205 10421348 13.3582
15361205 2244292 13.5925
15361205 8647657 13.8522
15361205 1667799 13.909
15361205 5666248 14.1176
15361205 6338419 15.0485
15361205 15968944 15.1116
15361205 1838204 15.1981
15361205 10427980 15.4639
15361205 584931 15.8438
15361205 8868163 16.0054
15361205 11739151 16.1762
15361205 10967211 16.3222
15361205 9564983 16.7296
15361205 60714 16.8804
15361205 12152131 16.8922
3895847 4907278 1.90937
3895847 14876690 2.01648
3895847 8423813 2.1669
3895847 11002017 2.5124
3895847 6278335 2.75582
3895847 7203582 2.75677
3895847 15860887 2.83827
3895847 11525559 2.97206
3895847 8297471 3.11213
3895847 13309058 3.73484
3895847 9438 3.85257
3895847 8508353 4.23587
3895847 8791400 4.42481
3895847 599234 4.44605
3895847 6964007 4.5814
3895847 10808871 4.67086
3895847 8672628 4.70377
3895847 14548692 4.91309
3895847 14839106 5.00813
3895847 8289034 5.15393
3895847 6582646 5.22918
3895847 9714389 5.6287
3895847 2897465 5.73191
3895847 4021590 5.90343
3895847 2393864 6.37243
3895847 15336293 6.39779
3895847 1042405 6.75302
3895847 2355004 6.84481
3895847 9752172 6.95153
3895847 13007508 7.11053
3895847 8772619 7.18235
3895847 12065301 7.51446
3895847 3458118 7.53799
3895847 716340 7.65691
3895847 5743089 7.7522
3895847 16360608 7.85057
3895847 7397593 8.0421
3895847 8755801 8.28753
3895847 12678173 8.61636
3895847 745193 8.9509
3895847 1070094 9.37787
3895847 4617618 9.58138
3895847 9164680 9.63708
3895847 245424 10.4137
3895847 7110411 10.4401
3895847 3908041 10.6069
3895847 13818085 10.6321
3895847 11415334 11.0958
3895847 3741378 11.4406
3895847 16253381 11.5112
3895847 13547001 11.5367
3895847 3155235 11.5567
3895847 16656723 11.5688
3895847 11658703 12.0499
3895847 13815464 12.2658
3895847 13096794 12.7328
3895847 1020562 13.0658
3895847 13653910 13.1687
3895847 7613312 13.2193
3895847 3479244 13.6096
3895847 1306870 13.6213
3895847 13520156 13.8066
3895847 10109977 14.5069
3895847 9935210 14.8748
3895847 866927 14.8965
3895847 5651711 15.0725
3895847 1153630 15.0946
3895847 655489 15.148
3895847 2407810 15.3058
3895847 4799144 15.3943
3895847 1669050 15.4018
3895847 16487056 15.5943
3895847 7549428 15.6053
3895847 15022762 15.8858
3895847 16098584 16.0477
3895847 1415384 17.3223
3895847 5125869 17.4321
3895847 12328417 17.4866
3895847 8699705 17.6057
3895847 356762 17.6685
3895847 3085625 17.8864
3895847 1348324 18.1606
3895847 11307864 78.6501
3895847 12080927 107.324
3895847 1195971 112.896
3895847 12261478 113.052
5693245 9263236 1.59421
5693245 7760078 1.88611
5693245 2976939 1.91493
5693245 15586360 1.92725
5693245 16303408 1.93094
5693245 14438518 1.96235
5693245 5851620 1.9867
5693245 1285035 2.20999
5693245 11332402 2.25418
5693245 16775479 2.38845
5693245 12032812 2.43037
5693245 6830805 2.54359
5693245 10654846 2.58764
5693245 3057675 3.21772
5693245 9962685 3.31564
5693245 7666882 3.69677
5693245 16262051 3.71138
5693245 16142140 3.76156
5693245 9819519 3.88529
5693245 15438095 3.9801
5693245 11293210 4.01173
5693245 8033335 4.19889
5693245 9504823 4.24166
5693245 3379783 4.3428
5693245 12955171 4.38185
5693245 5569512 4.96587
5693245 258050 5.04529
5693245 1025346 5.50502
5693245 8392497 5.64851
5693245 12491277 5.67421
5693245 4567485 5.8544
5693245 9518819 5.92476
5693245 3042545 6.23097
5693245 16439412 6.98844
5693245 4901135 7.20259
5693245 2104100 7.32093
5693245 6978456 7.36617
5693245 2996036 7.47883
5693245 4266925 7.6232
5693245 4515504 7.84513
5693245 349178 7.96138
5693245 962524 8.06923
5693245 1307148 8.16499
5693245 11092139 8.27362
5693245 10334132 8.361
5693245 4699306 8.52513
5693245 7867081 8.89485
5693245 1872339 9.00384
5693245 11988992 9.01793
5693245 539851 9.02855
5693245 8320600 9.26369
5693245 10287746 9.27295
5693245 4353182 9.45622
5693245 3342843 9.61739
5693245 13836372 9.65844
5693245 13094098 9.90654
5693245 5490788 9.92302
5693245 4591474 9.96019
5693245 12043212 9.96785
5693245 14627825 10.8929
5693245 4307271 11.0291
5693245 4878898 11.1334
5693245 1656361 11.5599
5693245 10830537 11.6827
5693245 6984519 11.7156
5693245 15140580 11.8546
5693245 3601725 12.0078
5693245 2334574 12.4063
5693245 3909083 12.437
5693245 4847977 12.8379
5693245 1162045 13.0174
5693245 256517 13.5992
5693245 5334498 13.6658
5693245 13257036 14.054
5693245 6394114 14.2228
5693245 2734150 14.5173
16433386 12603937 1.9312
16433386 3397996 1.93693
16433386 14643820 2.01621
16433386 153402 2.06765
16433386 9064110 2.14455
16433386 4942805 2.46356
16433386 13279088 2.50334
16433386 13195372 2.82669
16433386 12245939 3.09441
16433386 5801339 3.10982
16433386 3270555 3.15971
16433386 13548485 3.23099
16433386 3018267 3.23553
16433386 661752 3.39416
16433386 8515501 3.52679
16433386 16252870 3.81482
16433386 9667250 3.83169
16433386 1521694 4.32714
16433386 3968216 4.34725
16433386 2852407 4.37005
16433386 11137767 4.43545
16433386 1593258 4.44848
16433386 2556856 4.83533
16433386 16010247 5.59763
16433386 2048185 5.67237
16433386 12912807 5.76934
16433386 13859353 6.24726
16433386 14660587 6.36908
16433386 9982851 6.37244
16433386 14715124 6.39361
16433386 7323593 6.3949
16433386 12345728 6.45561
16433386 10314402 6.4935
16433386 6352598 6.64343
16433386 15444292 6.92848
16433386 4223758 6.93833
16433386 16217543 7.84802
16433386 9735135 7.89797
16433386 4800637 8.1217
16433386 10367761 8.54695
16433386 11875346 8.66952
16433386 1998893 9.6189
16433386 9637789 9.67336
16433386 13992748 10.2202
16433386 15521053 10.2772
16433386 9710270 10.3997
16433386 13399510 10.4133
16433386 9443085 10.5378
16433386 8368823 10.6455
16433386 6449259 10.648
16433386 12032250 11.3627
16433386 9188151 11.9575
16433386 11693279 11.9761
16433386 12187920 12.1576
16433386 7089669 12.2517
16433386 546247 12.2589
16433386 14745634 12.3112
16433386 15700230 12.4005
16433386 13855809 12.4618
16433386 16372600 12.4635
16433386 924415 12.9412
16433386 4067320 13.3781
16433386 15545820 13.4203
16433386 3637968 13.4527
16433386 13207958 14.1465
16433386 13096634 14.3407
16433386 3849942 14.4381
16433386 2768744 14.5229
16433386 5333921 14.7726
16433386 1589170 14.9402
16433386 13389062 15.2803
16433386 5399732 15.2937
16433386 2360997 15.6059
16433386 152482 15.7581
16433386 2989862 15.8597
16433386 7461127 16.0508
16433386 13193052 16.2147
16433386 7910951 16.2358
16433386 14340825 16.7353
16433386 10378981 84.9243
16433386 11364160 90.6293
16433386 1155831 95.3305
1632903 11862744 1.92018
1632903 5462012 1.94235
1632903 1040184 2.09217
1632903 15226869 2.10137
1632903 12902232 2.1163
1632903 9208769 2.22386
1632903 6579620 2.26654
1632903 15280907 2.40929
1632903 15693310 2.57111
1632903 545937 2.69566
1632903 5546176 3.02021
1632903 15265264 3.19588
1632903 6337595 3.38094
1632903 9040531 3.39477
1632903 12582158 3.58763
1632903 11192437 3.60746
1632903 3882572 3.7606
1632903 13547655 4.78668
1632903 1984089 4.91504
1632903 10089346 5.28436
1632903 16002667 5.30874
1632903 8517622 5.32574
1632903 11503149 5.33359
1632903 15529244 5.41626
1632903 3941432 5.46433
1632903 14456684 5.49915
1632903 2212165 5.6082
1632903 15164304 5.79018
1632903 15003646 5.85864
1632903 10145647 6.108
1632903 10122903 6.13096
1632903 11414877 6.14112
1632903 3691312 6.17573
1632903 2231288 6.28008
1632903 11951188 6.73513
1632903 2959454 6.74742
1632903 13615951 7.24485
1632903 8819226 7.71483
1632903 2745160 8.10679
1632903 3541783 8.54333
1632903 3242837 8.82356
1632903 467959 9.09368
1632903 15891471 9.15215
1632903 7960 9.38435
1632903 7604592 10.0477
1632903 13958950 10.1262
1632903 8054091 10.5531
1632903 8235725 10.9405
1632903 2490618 10.9686
1632903 6270678 11.1557
1632903 6560873 11.7525
1632903 5185210 12.1056
1632903 3195333 12.3882
1632903 11099471 12.5231
1632903 6275578 12.6769
1632903 15859938 12.7193
1632903 12581075 12.7957
1632903 4197718 12.8081
1632903 363422 13.3101
1632903 9198658 13.325
1632903 13214178 13.3638
1632903 13040942 13.4996
1632903 9823214 13.7156
1632903 15830136 14.0379
1632903 7836146 14.0933
1632903 11839498 14.2345
1632903 11737418 14.466
1632903 8557635 14.5117
1632903 4913931 14.7385
1632903 6116302 14.839
1632903 14542783 14.91
1632903 4274407 14.9623
1632903 6128696 14.9855
1632903 8235723 15.3537
1632903 6465388 15.4493
1632903 12339777 15.4598
1632903 6472718 15.7958
1632903 16673084 15.824
1632903 341460 16.1477
1632903 6004962 16.5816
1632903 12023816 16.8166
1632903 5563954 16.9609
1632903 10852793 16.9787
14620159 14886137 1.86827
14620159 16622316 2.13279
14620159 4411339 2.34687
14620159 10926302 2.43987
14620159 12340843 3.22138
14620159 12680201 3.98832
14620159 1013645 3.98988
14620159 10070881 4.13412
14620159 491773 4.36953
14620159 8613585 4.44268
14620159 6893063 4.65846
14620159 6564488 5.35313
14620159 4952256 6.45538
14620159 704042 6.85426
14620159 15828918 7.11324
14620159 15555696 7.4576
14620159 7550042 7.84
14620159 2605448 8.08362
14620159 2377969 8.96849
14620159 13519407 9.46003
14620159 8108491 10.799
14620159 14681903 11.4773
14620159 4637438 11.7318
14620159 7527469 13.3171
14620159 9751223 13.4448
14620159 10285903 13.6546
14620159 7169176 14.1292
14620159 3594550 14.4094
14620159 16592293 14.4282
14620159 337863 15.1876
14620159 3113945 15.669
14620159 15478829 15.7008
14620159 12739513 15.9738
14620159 15063843 17.0242
14620159 14250715 17.3169
14620159 1489341 17.6722
14620159 2079773 17.7888
14620159 2205130 18.6348
14620159 13081048 19.0547
14620159 13323316 19.1147
14620159 2316968 19.4544
14620159 4698822 19.4918
14620159 6174605 19.9117
14620159 3955200 20.26
14620159 12519009 20.2661
14620159 9437533 20.6937
14620159 10562871 20.7025
14620159 7930885 20.9104
14620159 2073178 21.7041
14620159 2649198 21.7911
14620159 5165684 22.1677
14620159 12570188 23.4327
14620159 16371326 23.638
14620159 14299012 23.7857
14620159 7330697 24.2613
14620159 6578936 24.8089
14620159 10572849 24.9644
14620159 5208421 24.9686
14620159 13033980 25.185
14620159 7809543 25.6644
14620159 8494196 25.7152
14620159 12382220 25.8952
14620159 10143233 25.9694
14620159 9670425 26.2734
14620159 1838146 26.5264
14620159 13909532 26.7611
14620159 6898553 27.3861
14620159 5501538 27.4709
14620159 4057048 28.5917
14620159 13968018 29.2001
14620159 16384135 29.4386
14620159 4412149 29.6022
14620159 11519107 29.7053
14620159 5102848 29.7248
14620159 7690807 30.7386
14620159 8141013 30.7747
14620159 6767791 30.9772
14620159 4016717 31.4706
14620159 13305480 31.6317
14620159 8003730 31.7583
14620159 2955373 32.661
14620159 2416279 32.6841
5166767 9605743 1.79709
5166767 11090873 2.28942
5166767 6587668 2.40236
5166767 1479399 3.09171
5166767 11840816 3.28402
5166767 3267337 4.03902
5166767 3311646 4.39724
5166767 6167925 4.40193
5166767 14949341 4.57849
5166767 7435927 5.06873
5166767 15163976 5.34277
5166767 6019077 5.6501
5166767 9012240 5.68918
5166767 3316382 6.10666
5166767 2459789 6.26263
5166767 3754436 6.34125
5166767 11345735 6.42318
5166767 3230807 6.6646
5166767 14179924 6.80995
5166767 4394799 7.36261
5166767 10620591 7.89099
5166767 1177154 7.92422
5166767 11293120 8.03658
5166767 905586 8.15145
5166767 454482 8.82845
5166767 7993914 9.961
5166767 1751861 10.0437
5166767 10272942 10.0706
5166767 16237089 10.4451
5166767 16759389 11.2987
5166767 736611 11.3339
5166767 7576817 11.6208
5166767 16545663 11.9066
5166767 1261440 11.918
5166767 5996099 12.2046
5166767 1110790 12.3186
5166767 5112669 13.7306
5166767 15265103 13.9225
5166767 10981075 14.0885
5166767 16279164 14.6812
5166767 12617057 15.0666
5166767 3234014 15.3258
5166767 377414 15.4406
5166767 13640337 15.9438
5166767 8686830 16.6068
5166767 16617762 16.637
5166767 1538887 16.6499
5166767 13043936 17.0764
5166767 894742 17.4243
5166767 7431061 17.6396
5166767 1132511 17.7345
5166767 5220793 17.8953
5166767 7028611 17.9147
5166767 6167642 18.4441
5166767 9949863 18.5291
5166767 4109863 19.2236
5166767 16670240 19.8168
5166767 9859788 20.6785
5166767 11745610 20.7031
5166767 6468816 21.0362
5166767 6254665 22.1597
5166767 4446642 22.6424
5166767 10411812 22.6804
5166767 16534618 22.9926
5166767 8297690 23.7071
5166767 6192315 23.7084
5166767 8657308 24.3265
5166767 15126625 24.6176
5166767 15386413 24.8113
5166767 12129959 25.0325
5166767 2533392 25.2579
5166767 16587824 25.8567
5166767 1548972 26.071
5166767 6398995 26.7731
5166767 14272156 172.218
5166767 14648046 175.886
5166767 15400003 305.587
5166767 14883620 305.773
3765899 11657202 1.53278
3765899 2225792 1.83387
3765899 5721214 1.93682
3765899 15233978 2.11784
3765899 9130617 2.21963
3765899 3752859 2.31194
3765899 6186707 2.61865
3765899 9824493 3.28932
3765899 3634717 3.71741
3765899 11964089 4.58142
3765899 15072511 6.14062
3765899 11200161 6.90304
3765899 13837419 7.10261
3765899 6967534 7.23112
3765899 2240007 7.36491
3765899 4579239 8.13696
3765899 10757450 8.2868
3765899 3944880 8.71318
3765899 16204639 9.08704
3765899 3664362 9.13762
3765899 2268262 9.4633
3765899 8170376 9.47009
3765899 4825010 9.71269
3765899 5139287 9.73664
3765899 10463372 10.608
3765899 13940592 11.4776
3765899 9256073 13.0908
3765899 4115525 13.4611
3765899 11381438 13.4691
3765899 11869513 13.8914
3765899 10971424 15.6328
3765899 8322477 15.7874
3765899 13779590 16.3212
3765899 13923679 17.2454
3765899 9009533 18.2291
3765899 9475445 18.4709
3765899 4277561 18.9362
3765899 16721601 19.1339
3765899 14304984 19.2512
3765899 9957286 19.2537
3765899 2475444 19.3593
3765899 12310184 20.1475
3765899 1877285 20.3322
3765899 13801474 20.3682
3765899 7101939 20.5817
3765899 7224200 20.9184
3765899 13549725 21.0437
3765899 1047420 21.411
3765899 5141788 21.5373
3765899 10587858 21.683
3765899 16030110 21.7574
3765899 3166765 22.1289
3765899 1009405 22.394
3765899 302752 22.4499
3765899 6995027 23.3196
3765899 16442158 24.1364
3765899 7573126 24.6355
3765899 16554593 25.1499
3765899 2450627 25.2775
3765899 647301 25.3232
3765899 7748900 26.5638
3765899 9045116 27.1658
3765899 16050306 27.4139
3765899 15369507 28.0818
3765899 2515841 28.1611
3765899 6094485 28.6628
3765899 8496452 29.2395
3765899 3837028 29.4713
3765899 14279847 30.6503
3765899 15426960 30.7841
3765899 12637685 32.7678
3765899 16508755 33.6848
3765899 13045753 33.8956
3765899 732299 34.2547
3765899 4663521 34.539
3765899 15954130 35.4572
4902680 1380578 1.86589
4902680 3731173 2.13935
4902680 2902430 3.57101
4902680 7316700 3.69604
4902680 10003989 3.72662
4902680 15804882 3.91322
4902680 1065879 5.04678
4902680 15588639 5.16682
4902680 10978500 5.25292
4902680 13027549 5.2695
4902680 13927547 5.43276
4902680 11983714 5.53687
4902680 11268583 5.63752
4902680 13215194 5.9868
4902680 14893833 6.70499
4902680 10129024 6.87393
4902680 5651180 7.73261
4902680 14665722 7.75405
4902680 7901503 7.99257
4902680 10886187 8.55989
4902680 7942164 9.07752
4902680 12448409 9.46715
4902680 13082015 10.3853
4902680 5527206 10.6007
4902680 4454434 10.7114
4902680 4422988 10.9285
4902680 8204941 10.9408
4902680 11184665 11.0905
4902680 15590393 12.9262
4902680 4143871 13.2561
4902680 4210060 13.8731
4902680 5742460 13.9798
4902680 1975858 14.5469
4902680 15754594 15.4371
4902680 7332072 15.4578
4902680 13244377 15.4662
4902680 3368938 15.6095
4902680 2672234 16.1225
4902680 12268003 16.1935
4902680 10553284 16.3778
4902680 1595246 17.0035
4902680 13881669 17.3223
4902680 9170690 17.5658
4902680 3444003 17.6489
4902680 1019576 17.8782
4902680 1532041 18.2376
4902680 14429068 18.519
4902680 12045505 19.4165
4902680 13216241 19.5355
4902680 4029250 19.6523
4902680 3267352 20.5438
4902680 7738615 21.203
4902680 16139358 21.6254
4902680 8935499 21.8913
4902680 15587277 22.665
4902680 221992 23.1732
4902680 3789052 23.9209
4902680 9997962 24.0303
4902680 13971803 25.3325
4902680 124260 25.6951
4902680 12886487 26.3552
4902680 4245747 26.5765
4902680 592322 26.7063
4902680 8339437 26.9419
4902680 3136963 27.2585
4902680 8129758 27.2624
4902680 15016745 27.7777
4902680 12333844 27.9869
4902680 10599953 28.488
4902680 4446011 28.7994
4902680 9462400 30.6368
4902680 9011146 31.2966
4902680 10087207 32.4396
4902680 3051511 32.5842
4902680 2604570 32.9185
4902680 15030800 33.3304
4902680 5811972 33.6729
4902680 10133484 34.0529
11042914 9310925 1.78163
11042914 12452014 1.87016
11042914 13367379 2.11879
11042914 14415021 2.38039
11042914 14019843 3.43278
11042914 16242001 3.56493
11042914 11416529 3.68024
11042914 12494798 4.07735
11042914 15527461 4.19736
11042914 5643195 4.36342
11042914 6601437 4.41464
11042914 1621008 4.57901
11042914 12912917 4.70626
11042914 396996 4.88039
11042914 12106635 5.21644
11042914 10791886 5.29375
11042914 8142249 5.48741
11042914 6079773 6.05702
11042914 2211420 6.12877
11042914 7550999 7.95522
11042914 6500541 8.4146
11042914 3837785 8.7043
11042914 16358532 8.70617
11042914 11445778 8.80042
11042914 1469925 9.70649
11042914 14299020 10.1849
11042914 899773 10.5601
11042914 7657333 11.0913
11042914 6535028 11.2984
11042914 3296502 11.6988
11042914 7302353 11.7462
11042914 6914741 11.9209
11042914 11519360 12.491
11042914 5019372 12.7207
11042914 505152 12.8659
11042914 6586460 12.9268
11042914 863603 13.3348
11042914 3152681 13.5519
11042914 9069841 14.0899
11042914 2677567 14.1451
11042914 9033961 14.6518
11042914 4364076 15.0622
11042914 12587730 15.2352
11042914 10320306 15.9737
11042914 12665484 16.0218
11042914 5184337 16.2261
11042914 5414365 16.6666
11042914 15589601 17.4629
11042914 14672769 17.5738
11042914 3975772 17.797
11042914 7504976 18.48
11042914 2332103 18.5182
11042914 4833482 19.1626
11042914 13750095 19.364
11042914 10300035 19.7137
11042914 14859725 21.0751
11042914 5291288 21.6307
11042914 9652493 21.7219
11042914 8220935 22.6643
11042914 14131748 22.9326
11042914 4715326 23.9259
11042914 16199808 23.9264
11042914 8235522 24.0263
11042914 7656137 24.4003
11042914 15165240 24.4716
11042914 8079461 24.7491
11042914 12028303 25.0787
11042914 12246621 25.3811
11042914 10712545 25.778
11042914 2137448 25.9015
11042914 2102931 26.0131
11042914 6426221 26.033
11042914 2542519 26.2406
11042914 11659040 26.4518
11042914 9532622 27.1918
11042914 11026442 27.2669
11042914 3992323 28.1588
11042914 2173988 28.1795
11042914 3221842 28.5107
11042914 6896798 28.5744
11051267 9385324 1.93675
11051267 1053823 3.04262
11051267 3638502 3.07864
11051267 14484511 3.79668
11051267 1801565 3.93966
11051267 7905958 4.66805
11051267 73541 4.79114
11051267 11485522 5.13431
11051267 15906795 5.18008
11051267 12839286 5.25894
11051267 8405889 5.28587
11051267 322347 5.32112
11051267 14158844 5.5345
11051267 9685351 5.91853
11051267 3518640 5.9206
11051267 10138164 6.09024
11051267 181441 6.90752
11051267 7040569 7.21948
11051267 4653137 7.32723
11051267 15157219 8.04796
11051267 10147717 8.90456
11051267 9343778 9.30278
11051267 4215078 9.46314
11051267 9661202 9.57339
11051267 2490418 9.62228
11051267 6448382 10.135
11051267 9324094 10.8234
11051267 1307385 11.0647
11051267 1215627 11.6112
11051267 11255785 11.942
11051267 13148464 12.3256
11051267 16034123 12.3678
11051267 1428977 13.3071
11051267 8724490 13.7027
11051267 7908087 13.8501
11051267 10835444 13.9256
11051267 8219839 13.9967
11051267 13743586 14.4173
11051267 3485331 14.5409
11051267 12028650 15.4707
11051267 7112931 15.6231
11051267 9876277 15.7108
11051267 16584413 15.9896
11051267 11729868 16.2944
11051267 6668471 16.4281
11051267 9549914 16.5867
11051267 8715158 17.389
11051267 14560651 17.4134
11051267 2835330 18.0847
11051267 12160534 18.1845
11051267 8065180 19.111
11051267 925163 19.3384
11051267 3241904 19.664
11051267 5017663 20.0153
11051267 2412274 20.2803
11051267 9276182 20.5664
11051267 9956038 20.8281
11051267 11498550 20.971
11051267 1364783 20.9813
11051267 16055896 21.8498
11051267 16310882 22.0911
11051267 7815586 22.5339
11051267 12432880 22.8327
11051267 1632409 23.3265
11051267 7876249 23.4064
11051267 3699511 26.2185
11051267 14274709 26.3384
11051267 5313022 26.3479
11051267 16265996 26.4748
11051267 8899348 26.9374
11051267 1193735 27.1697
11051267 565090 27.7291
11051267 4422466 28.0828
11051267 4424376 28.4655
11051267 13633480 28.4699
11051267 12882114 28.4887
11051267 14212967 28.7812
3783430 15301610 5.17557
3783430 12505395 5.29849
3783430 16674673 5.3703
3783430 9853022 6.50665
3783430 11386198 6.97583
3783430 11707677 7.56575
3783430 10839591 7.57515
3783430 2075951 7.59859
3783430 7366441 7.74377
3783430 7322962 7.87416
3783430 9222861 7.94783
3783430 2950784 8.98558
3783430 8919530 9.64617
3783430 16031650 9.68721
3783430 11939006 10.2238
3783430 15277462 10.332
3783430 5642590 11.6996
3783430 2661652 11.7164
3783430 11735972 11.9329
3783430 10115187 12.1378
3783430 907264 12.8224
3783430 11990248 12.9457
3783430 8535090 13.4698
3783430 2262013 13.7229
3783430 8276956 14.0833
3783430 16240235 14.1812
3783430 6085409 14.4891
3783430 16690110 14.6353
3783430 14291784 15.1142
3783430 12397811 15.2235
3783430 9399283 15.4367
3783430 15466811 15.6132
3783430 10159743 15.6845
3783430 1020248 15.8356
3783430 14938129 15.8758
3783430 7250600 16.5257
3783430 924487 17.984
3783430 5623292 18.2263
3783430 16300007 18.3964
3783430 10013523 18.6566
3783430 13686590 18.822
3783430 4035153 19.2598
3783430 3153773 19.4096
3783430 13544752 19.5911
3783430 5952052 19.6621
3783430 13838056 19.7629
3783430 15054346 20.0695
3783430 5754768 20.3927
3783430 8682103 20.9241
3783430 1457465 21.7296
3783430 15065156 21.7496
3783430 3241732 22.0986
3783430 3325990 24.6144
3783430 5842350 24.8065
3783430 386264 25.0838
3783430 14785852 25.2854
3783430 3239955 26.0327
3783430 9804985 26.1023
3783430 5960771 26.8201
3783430 9422468 27.3843
3783430 8989255 27.7857
3783430 16672406 28.0655
3783430 3680120 28.3256
3783430 5512352 28.7229
3783430 3199018 29.0592
3783430 12133255 29.4684
3783430 1817814 29.8161
3783430 13364691 30.081
3783430 5559548 30.2354
3783430 16204053 30.2533
3783430 14428177 30.5816
3783430 8955151 31.3939
3783430 867765 31.4053
3783430 16534596 31.4691
3783430 2009436 31.9839
3783430 8505472 32.323
3783430 1100423 32.4472
3783430 13312315 32.5326
3783430 16122002 32.7542
3783430 15222719 32.9331
3783430 8797289 32.9699
3783430 12381281 33.3886
3783430 14034758 33.4562
3783430 11786075 33.6683
3783430 5507287 33.6943
3783430 3395481 34.0881
3783430 9483678 34.2348
3783430 15565427 34.3503
3783430 15235662 34.3557
3783430 14740513 34.5201
3783430 10788290 34.8291
3783430 12708879 35.1461
3783430 4229914 35.203
3783430 6112879 35.3335
3783430 15590734 35.3714
3783430 426136 35.7483
3783430 8031458 35.7619
3783430 10518358 35.8148
3783430 16089294 36.1062
3783430 2307 36.6896
3783430 9236510 36.8147
3783430 16224961 36.8239
3783430 16266748 36.8725
3783430 4424398 37.2004
3783430 13775766 37.3548
3783430 7059405 37.3549
3783430 4984706 37.677
3783430 299119 37.8728
3783430 14457673 38.3692
3783430 37676 38.558
3783430 1011786 38.7205
3783430 12017029 39.0257
3783430 5777901 39.623
3783430 9951757 39.892
3783430 9747493 40.1727
3783430 8003016 40.3216
3783430 10681090 40.5142
3783430 7573221 40.5929
3783430 489145 40.6015
3783430 9232264 161.773
3609048 9585217 1.2493
3609048 10429459 1.29533
3609048 11655682 1.30126
3609048 3163942 1.59672
3609048 10242400 1.8515
3609048 3196924 1.96268
3609048 11659179 2.11579
3609048 7078766 2.29489
3609048 16255160 2.48494
3609048 15075102 2.4975
3609048 5954899 2.68577
3609048 2311811 2.73001
3609048 10825525 2.91107
3609048 8831867 3.08033
3609048 2066377 3.21684
3609048 11272531 4.00104
3609048 601103 4.15281
3609048 1689861 4.79533
3609048 11622480 5.0272
3609048 6183044 5.16345
3609048 775638 5.27422
3609048 14718510 5.47938
3609048 7024537 5.59893
3609048 2260220 5.80323
3609048 15032120 5.89134
3609048 1552143 5.91352
3609048 10326656 6.13044
3609048 9501654 6.16211
3609048 7789851 6.17182
3609048 15291353 6.47095
3609048 8068438 6.58048
3609048 14246209 6.72375
3609048 12467531 6.7999
3609048 15620310 6.92062
3609048 2421408 7.54947
3609048 2079464 7.7341
3609048 1728825 7.94233
3609048 13137786 8.24508
3609048 11233159 8.43033
3609048 9014595 8.97589
3609048 11925526 9.16691
3609048 2551644 9.45908
3609048 9136199 9.48503
3609048 14144792 9.56748
3609048 14308590 9.59864
3609048 11052206 9.8027
3609048 2348967 9.83117
3609048 16143474 10.0757
3609048 13971945 10.3938
3609048 808160 10.76
3609048 11515622 11.0707
3609048 12020953 11.109
3609048 16579956 11.4511
3609048 780035 11.9021
3609048 16050282 11.9325
3609048 13671992 12.2651
3609048 16638010 12.4357
3609048 9452198 12.5275
3609048 1867257 12.6869
3609048 7233205 12.7724
3609048 3237635 13.8469
3609048 4179860 14.143
3609048 3935984 14.1938
3609048 3554414 14.2548
3609048 3863232 15.0936
3609048 12372554 15.3441
3609048 6986092 15.4546
3609048 2972727 15.4992
3609048 16060092 15.547
3609048 4414905 15.5869
3609048 14554779 15.7313
3609048 12834834 16.4019
3609048 8178122 16.4491
3609048 4751561 16.9295
3609048 1763149 17.2097
3609048 4358418 17.2654
3609048 14232530 17.4485
3609048 14472838 17.5528
3609048 4645402 17.6477
3609048 10092786 70.1251
9660521 14024178 1.736
9660521 4933742 1.77161
9660521 22488 1.88734
9660521 5873959 2.05726
9660521 13661109 2.17905
9660521 4805114 2.52857
9660521 10762294 2.55845
9660521 4776425 2.69248
9660521 2700860 3.06834
9660521 14398013 3.16904
9660521 2088334 3.29198
9660521 4590053 3.34544
9660521 5352010 3.57937
9660521 14915738 3.72979
9660521 10989208 3.82209
9660521 9702562 4.16543
9660521 5491096 4.1895
9660521 6275372 4.26644
9660521 4253836 4.37981
9660521 5615349 4.66178
9660521 5953613 4.82227
9660521 6623511 4.91396
9660521 13602372 5.30318
9660521 12277450 5.59326
9660521 5917141 6.29985
9660521 10409605 6.46812
9660521 2331918 6.74417
9660521 3802284 6.78885
9660521 2822513 6.90315
9660521 12326394 7.00644
9660521 3927288 7.24792
9660521 14316664 7.26172
9660521 7182103 7.35669
9660521 3050146 7.47352
9660521 15331503 7.54665
9660521 15893254 7.63057
9660521 10132108 7.63608
9660521 10457351 8.42831
9660521 10157932 8.55499
9660521 142066 8.81959
9660521 14446415 8.82792
9660521 10870034 8.86272
9660521 9041635 9.09122
9660521 2166750 9.10613
9660521 8014622 9.47482
9660521 15774050 9.89765
9660521 14317533 9.92439
9660521 7260102 10.3972
9660521 1304487 10.4541
9660521 3753220 10.5223
9660521 13911951 11.2023
9660521 7974835 11.5513
9660521 12396974 11.6364
9660521 13995373 12.011
9660521 539302 12.5703
9660521 16283479 12.6242
9660521 7791006 12.7978
9660521 12651963 12.9499
9660521 14463400 13.353
9660521 15995216 13.7889
9660521 5864857 13.8348
9660521 8731447 14.2702
9660521 12586425 14.3377
9660521 15395151 14.3578
9660521 314842 14.6474
9660521 5104426 15.078
9660521 12259082 15.3298
9660521 6201745 15.8826
9660521 5496990 16.0146
9660521 9002311 16.1624
9660521 5145895 16.4514
9660521 7283052 16.486
9660521 13876837 16.6562
9660521 6811908 16.8596
9660521 12575788 16.904
9660521 8938006 17.1378
9660521 3750057 17.5517
9660521 13039484 19.0101
9660521 8801807 19.1407
9660521 2845189 19.1992
9660521 7889720 19.3404
9660521 12825012 19.4761
9660521 6936127 19.4984
9660521 6485893 19.8337
9660521 5711623 20.098
9660521 3319528 20.278
4859321 6186872 1.98397
4859321 12684085 2.06488
4859321 6722124 2.23175
4859321 1199107 2.61892
4859321 10978243 2.64831
4859321 3977378 2.65681
4859321 14761188 2.75032
4859321 9072683 2.76172
4859321 1924234 2.92256
4859321 13024890 3.1299
4859321 12467323 3.23524
4859321 15032033 3.30908
4859321 2680926 3.48411
4859321 9762190 3.49588
4859321 6896128 3.61966
4859321 15251315 3.94774
4859321 12198623 4.06248
4859321 6984723 4.14986
4859321 12720035 4.4576
4859321 4287232 4.48142
4859321 15516111 4.71788
4859321 15832835 4.90619
4859321 645860 5.04541
4859321 8598585 5.27566
4859321 8575336 5.44547
4859321 2962663 5.46606
4859321 1140312 5.50875
4859321 16744374 5.77968
4859321 1790869 6.39243
4859321 11707959 6.51259
4859321 16359465 6.64487
4859321 9198654 6.79315
4859321 3472258 6.80225
4859321 9577930 7.31651
4859321 13446707 7.51676
4859321 2310241 7.74364
4859321 1625566 7.77489
4859321 3619492 7.78532
4859321 12810443 8.01156
4859321 11003421 8.36726
4859321 2687329 8.40691
4859321 2445687 8.44082
4859321 16337254 8.70144
4859321 7146245 8.73275
4859321 7475056 8.73688
4859321 7945317 8.84701
4859321 14167283 9.17713
4859321 5919367 9.26128
4859321 13452648 9.45536
4859321 1619527 9.61003
4859321 14012717 10.1168
4859321 8888149 10.2294
4859321 8565228 10.2308
4859321 5518417 10.287
4859321 7859410 10.3856
4859321 971521 10.6407
4859321 4009108 10.7371
4859321 4777493 10.8686
4859321 3554994 11.0242
4859321 6218347 11.3656
4859321 3038061 11.4604
4859321 15617268 11.5202
4859321 13978902 11.6864
4859321 6948655 11.6904
4859321 14328131 11.7601
4859321 8714949 12.1135
4859321 968504 12.3541
4859321 6901214 13.0528
4859321 5196063 13.0884
4859321 1862632 13.3263
4859321 15309314 13.3357
4859321 10563416 20.6966
4859321 7192247 13.8685
4859321 13419972 14.3973
4859321 8290843 14.4265
4859321 9542930 14.4784
4859321 4880109 14.9009
4859321 10734305 15.1625
4859321 2703559 15.2128
4859321 9278261 15.3926
4859321 11160353 15.6763
4859321 5476575 16.7383
4859321 15754604 17.0134
13384228 13848178 1.97738
13384228 2895357 1.97738
13384228 2933189 1.97738
13384228 569260 1.97738
13384228 10111696 1.97738
13384228 12503169 1.97738
13384228 541588 1.97738
13384228 6669671 1.97738
13384228 4278070 1.97738
1811052 4802650 1.28152
1811052 15334396 1.37075
1811052 5966319 1.63188
1811052 9426064 1.75579
1811052 7340196 1.88483
1811052 15688030 2.35992
1811052 4563994 2.39991
1811052 6916550 2.45731
1811052 9035142 2.55056
1811052 4602915 2.77936
1811052 3770597 2.79547
1811052 12481370 3.16984
1811052 2760629 3.32072
1811052 7367497 3.42595
1811052 10947019 3.84447
1811052 11590005 3.9825
1811052 420658 4.29732
1811052 2522811 4.32161
1811052 3462086 4.89287
1811052 9080474 5.27879
1811052 1767005 5.30968
1811052 462033 5.32337
1811052 14430340 5.59998
1811052 3522632 5.82096
1811052 4107054 5.98246
1811052 12010539 6.26343
1811052 10141765 6.42714
1811052 11084484 6.51092
1811052 15595206 6.76388
1811052 2411337 7.08173
1811052 13904723 7.28103
1811052 10933084 7.31908
1811052 15194992 7.63535
1811052 16164619 7.8077
1811052 6739732 8.12051
1811052 7860871 8.19616
1811052 10988599 8.31376
1811052 6306163 8.37208
1811052 11472057 8.63294
1811052 5318836 8.6752
1811052 15989958 8.76152
1811052 2648624 9.03287
1811052 1898382 9.16625
1811052 15864947 9.43027
1811052 10156866 9.48595
1811052 8952138 9.55668
1811052 666307 9.6096
1811052 16372781 10.1909
1811052 4666732 10.3359
1811052 2161681 11.1874
1811052 4756798 11.507
1811052 10478114 11.6178
1811052 12420907 12.0125
1811052 10400594 12.0521
1811052 13579370 12.5312
1811052 4645289 12.6218
1811052 7322016 12.6857
1811052 799206 12.9348
1811052 12773357 12.9658
1811052 7247787 13.2993
1811052 5498528 13.4387
1811052 13581936 13.5292
1811052 9658842 13.6656
1811052 12092608 13.7208
1811052 11285157 13.7755
1811052 2085275 13.8972
1811052 4385057 14.4482
1811052 12225752 14.6174
1811052 11631912 15.2188
1811052 14392829 15.225
1811052 12963073 15.2286
1811052 12333169 15.3384
1811052 2127822 15.4483
1811052 214968 16.0937
1811052 16726445 17.011
1811052 5368814 17.3436
1811052 7983364 17.4001
1811052 6257824 17.5317
11883272 16693954 1.49021
11883272 5895902 1.83713
11883272 645067 1.94755
11883272 12314597 2.10832
11883272 16698867 2.18805
11883272 7712241 2.1954
11883272 139899 2.63323
11883272 12154605 2.6738
11883272 6381635 2.93349
11883272 16240309 2.95998
11883272 12484819 3.1336
11883272 2546018 3.31754
11883272 15870102 3.3637
11883272 6663862 3.52752
11883272 10219531 3.92709
11883272 5356909 4.01294
11883272 4669800 4.55263
11883272 5010355 4.7256
11883272 16749159 4.75239
11883272 3568018 4.81717
11883272 7345771 5.28261
11883272 8683570 5.73963
11883272 8675192 5.97147
11883272 8834751 6.08089
11883272 11292645 6.18241
11883272 12742482 6.39426
11883272 10389072 6.69337
11883272 5893193 6.74985
11883272 15327556 6.79778
11883272 9720375 6.9065
11883272 1818881 6.98477
11883272 15144862 7.05281
11883272 14952140 7.23072
11883272 11748423 7.36151
11883272 7730209 7.84491
11883272 15092627 8.07164
11883272 16893 8.4478
11883272 13051093 8.65994
11883272 8682581 8.77119
11883272 13142337 9.27074
11883272 6649936 9.4369
11883272 1008848 9.48244
11883272 14661357 9.52141
11883272 312886 9.63732
11883272 2380584 9.71375
11883272 10874917 9.72909
11883272 10388371 9.89471
11883272 8572822 10.0325
11883272 121821 10.0537
11883272 6519330 10.0746
11883272 6614206 10.1499
11883272 14675966 10.4902
11883272 10715879 10.7381
11883272 10422034 11.0912
11883272 3844484 11.1805
11883272 80869 11.1983
11883272 1548575 11.4363
11883272 4898022 11.4898
11883272 9074617 11.5004
11883272 8414500 11.8047
11883272 6589495 11.9243
11883272 15312890 12.0758
11883272 12549305 12.1033
11883272 5407663 12.5355
11883272 5725484 12.5431
11883272 8921099 12.826
11883272 4608608 13.2735
11883272 6735135 13.5179
11883272 1730062 13.7048
11883272 4931693 13.8991
11883272 6476005 13.9646
11883272 963654 14.15
11883272 2827509 14.5812
11883272 9935071 14.7781
11883272 8109981 15.0544
11883272 2706876 15.2425
11883272 14188687 15.4406
11883272 3645551 15.4841
11883272 1578830 15.6823
5761421 4290270 1.78862
5761421 6726377 2.14307
5761421 7767741 3.16012
5761421 6266989 3.18492
5761421 922947 3.31656
5761421 2659332 3.33625
5761421 15300922 3.34575
5761421 3728654 3.47822
5761421 6805464 3.61948
5761421 7988486 3.83476
5761421 7534965 4.0365
5761421 3915880 4.07609
5761421 7235653 4.31171
5761421 11864035 4.54778
5761421 13755969 4.58556
5761421 300526 4.82509
5761421 8535266 4.90426
5761421 15954288 5.06607
5761421 16517136 5.1827
5761421 11541856 5.31177
5761421 16551575 5.36784
5761421 2977090 5.49367
5761421 13463281 5.6392
5761421 2606850 5.69507
5761421 13549947 5.74084
5761421 9283300 6.33695
5761421 6858104 6.35053
5761421 9616401 6.47519
5761421 6506296 6.53434
5761421 8952839 6.77074
5761421 11955014 7.31625
5761421 15727016 7.52244
5761421 13944556 7.56513
5761421 213250 7.62803
5761421 5749497 7.65688
5761421 11147931 7.73693
5761421 5832342 7.96355
5761421 10326106 8.01698
5761421 8238866 8.61694
5761421 12762501 8.8836
5761421 15628692 9.10047
5761421 9641834 9.43167
5761421 8308589 9.53528
5761421 14041953 9.63564
5761421 10392279 9.65838
5761421 6791880 9.95137
5761421 9074194 10.1692
5761421 11868014 10.1799
5761421 570573 10.2485
5761421 2962036 10.8081
5761421 15993872 10.9779
5761421 11807560 11.4092
5761421 14630319 11.8756
5761421 15514038 11.965
5761421 13325852 12.4052
5761421 5944004 12.5999
5761421 9587416 12.8044
5761421 4771975 13.0653
5761421 14563055 13.1827
5761421 7209199 13.6361
5761421 11596736 13.8749
5761421 5759341 13.893
5761421 5025075 14.001
5761421 12838168 14.4335
5761421 4014326 14.4739
5761421 9848580 15.1419
5761421 2534959 16.2802
5761421 9449218 16.2963
5761421 11321267 16.4322
5761421 9586779 17.0263
5761421 8843465 17.0888
5761421 4905226 17.1233
5761421 8546510 17.3395
5761421 321096 17.4348
5761421 8603635 17.5969
5761421 14450173 17.6249
5761421 5820936 18.052
5761421 11002297 102.56
5761421 11266893 104.697
5761421 10646458 104.697
11222674 13075803 1.73409
11222674 6451358 1.92966
11222674 15079871 2.02365
11222674 2529163 2.42292
11222674 7989872 2.48814
11222674 5364553 2.94733
11222674 5489634 3.19067
11222674 1218053 3.22675
11222674 13284356 3.29829
11222674 10359759 4.00564
11222674 5818018 4.94101
11222674 9668483 5.4061
11222674 7260432 5.41445
11222674 12271426 5.50713
11222674 15643723 5.68693
11222674 14756877 5.8183
11222674 12207453 5.88275
11222674 9269262 5.88819
11222674 15104698 6.05577
11222674 2180681 6.10293
11222674 15473521 6.51387
11222674 8547147 6.85911
11222674 9022623 7.1022
11222674 9581974 7.11273
11222674 2296911 7.46847
11222674 10447843 7.66279
11222674 13236223 7.83951
11222674 109389 8.0565
11222674 14155962 8.16309
11222674 2412367 8.39601
11222674 12865683 8.42185
11222674 13213347 9.1088
11222674 951358 9.465
11222674 14624648 9.78573
11222674 8866622 10.1185
11222674 5397881 10.1638
11222674 8113715 10.1935
11222674 11615722 10.535
11222674 7321164 10.7838
11222674 9935364 10.8986
11222674 6475271 11.1987
11222674 5024976 11.3111
11222674 8435347 11.8826
11222674 5215047 13.1617
11222674 9148887 13.1944
11222674 9707328 13.2288
11222674 1942639 13.3284
11222674 10516812 13.9496
11222674 14737829 14.1145
11222674 11131123 14.1971
11222674 8010277 14.1999
11222674 11166521 14.5651
11222674 1149934 14.6469
11222674 11405818 15.0736
11222674 5888270 15.2786
11222674 5596804 15.5693
11222674 11694030 16.0529
11222674 11394232 16.2754
11222674 13119802 16.5202
11222674 3645066 16.6306
11222674 1003954 16.8744
11222674 5400998 16.8813
11222674 10990279 17.2966
11222674 10777062 17.3401
11222674 10809043 17.4795
11222674 3516777 17.6788
11222674 6329761 17.6992
11222674 14487532 17.771
11222674 13519046 17.9099
11222674 15723298 17.9818
11222674 317418 18.6297
11222674 15449847 18.666
11222674 14010318 19.0916
11222674 3750231 19.6196
7748968 1357667 2.61852
7748968 8634023 2.80025
7748968 4370712 3.12834
7748968 5863165 3.23927
7748968 14675085 3.35023
7748968 14102350 3.78097
7748968 14868396 3.83974
7748968 6974635 3.85834
7748968 4822450 4.03557
7748968 13297203 4.98145
7748968 15596793 5.80386
7748968 4144372 7.01531
7748968 6497078 7.45075
7748968 2728820 7.55942
7748968 12325478 8.08099
7748968 5537138 8.44757
7748968 9841401 9.12816
7748968 12185412 9.20511
7748968 9992957 9.31673
7748968 1959587 9.50052
7748968 9999729 10.8077
7748968 7103661 11.3339
7748968 920020 11.4394
7748968 5269969 11.4506
7748968 9182108 11.5579
7748968 6574604 11.6569
7748968 6867325 11.7333
7748968 10648060 11.9114
7748968 6380190 12.3736
7748968 4033699 12.5088
7748968 5599899 12.7451
7748968 8193381 12.993
7748968 10424387 13.2095
7748968 11808951 13.511
7748968 9623186 14.2189
7748968 15864671 14.5371
7748968 1741501 14.7144
7748968 6107783 15.1039
7748968 7149086 15.4577
7748968 14581974 15.6622
7748968 16350112 15.6689
7748968 16118338 15.8183
7748968 7322081 16.1768
7748968 1096059 16.8523
7748968 14511564 17.4854
7748968 789636 17.8842
7748968 13364481 18.0012
7748968 16021130 18.2119
7748968 15884193 18.3198
7748968 14491192 18.5757
7748968 10965524 19.1426
7748968 7927125 21.0414
7748968 15708021 21.2052
7748968 14380574 21.5653
7748968 7762290 21.6323
7748968 4538461 21.9995
7748968 7239976 22.1235
7748968 7807910 22.2399
7748968 9829575 22.7053
7748968 10603987 24.037
7748968 15171628 24.2078
7748968 8082384 24.7677
7748968 3746596 25.2965
7748968 15888305 25.3298
7748968 733528 25.8408
7748968 16310972 25.9797
7748968 7957155 26.8902
7748968 11057084 27.1668
7748968 4072608 27.4374
7748968 14212014 27.7105
7748968 4170414 27.8135
7748968 2809382 27.9558
7748968 546318 28.4144
7748968 7210789 28.9552
7748968 6994678 29.152
7748968 7613679 29.5082
7748968 6368517 30.1013
13366516 15512175 1.52799
13366516 986985 1.64082
13366516 7746050 1.69135
13366516 2315751 2.21826
13366516 3347712 2.40811
13366516 8186561 2.51345
13366516 14750525 2.60413
13366516 609276 3.04229
13366516 12718870 3.07621
13366516 13947549 3.31941
13366516 5060644 4.14357
13366516 16241129 4.28845
13366516 11608941 4.47331
13366516 5555175 4.78153
13366516 10672931 4.91497
13366516 11608800 5.28104
13366516 4964069 5.7155
13366516 10741673 5.8265
13366516 10683737 5.90072
13366516 1469554 6.10173
13366516 5509480 6.18295
13366516 12554141 6.44237
13366516 12791959 6.44738
13366516 3961240 6.65247
13366516 14080504 7.01741
13366516 10137556 7.95257
13366516 10337036 8.98182
13366516 5040874 9.16761
13366516 5484793 9.35569
13366516 16265048 9.8899
13366516 9827416 9.95434
13366516 1612156 10.0126
13366516 8870368 10.0722
13366516 2106321 10.1469
13366516 2314882 10.5707
13366516 11872945 11.8221
13366516 5802588 12.7756
13366516 8645421 13.4826
13366516 15091674 13.5834
13366516 15112178 13.618
13366516 788295 14.2087
13366516 15193703 14.278
13366516 15247875 14.7542
13366516 8926699 15.1368
13366516 2812836 16.0299
13366516 662805 16.6432
13366516 3557902 17.4085
13366516 14196893 17.662
13366516 819971 18.1261
13366516 3348209 18.1891
13366516 16073878 19.0068
13366516 12554846 20.3434
13366516 6262261 21.1104
13366516 12837003 21.5705
13366516 9969574 21.7499
13366516 10200412 22.303
13366516 4926206 22.3456
13366516 14041495 22.8208
13366516 13769630 22.8639
13366516 8251072 23.0476
13366516 8377952 23.2245
13366516 11040384 23.4087
13366516 963385 23.5618
13366516 1777566 23.89
13366516 2439675 24.745
13366516 5358175 24.7842
13366516 16105050 25.4466
13366516 2230367 26.3398
13366516 2399033 27.2697
13366516 8801239 27.2722
13366516 1005147 27.4962
13366516 11942375 27.5038
13366516 13552739 27.6268
13366516 5199076 27.7136
13366516 6259673 27.7653
13366516 8532235 27.989
13366516 1192189 29.4048
13366516 16044752 29.6475
13366516 16621481 29.974
13366516 12567941 30.2462
13366516 15656597 30.4717
13366516 12970344 30.5021
13366516 4344696 30.7279
5690375 16219458 3.06861
5690375 4358707 3.14514
5690375 7090781 4.28832
5690375 12614967 5.376
5690375 5776990 5.88357
5690375 14975340 6.44279
5690375 13681576 6.5094
5690375 4146026 7.54838
5690375 13983239 7.74797
5690375 8791982 7.8307
5690375 1057906 7.8992
5690375 13440871 8.75546
5690375 13466776 8.77512
5690375 3175701 9.10659
5690375 2477550 9.97562
5690375 9603074 10.1324
5690375 6896059 10.2882
5690375 7314882 10.3837
5690375 9134421 10.6207
5690375 9978466 11.107
5690375 5658625 12.0795
5690375 15671981 12.0998
5690375 8584926 12.2341
5690375 11504622 13.4827
5690375 2889099 13.5396
5690375 10862098 13.6861
5690375 1212555 13.8186
5690375 10813699 13.9649
5690375 8730127 14.1704
5690375 12982915 15.1978
5690375 2330372 15.3364
5690375 2213892 15.4033
5690375 9855875 15.4625
5690375 63023 16.925
5690375 15025024 17.141
5690375 13882126 17.1748
5690375 9917710 17.1915
5690375 1897981 18.0251
5690375 13946473 18.3997
5690375 4815516 19.1551
5690375 3280494 19.47
5690375 3285232 19.6548
5690375 6237675 19.815
5690375 12698656 20.9301
5690375 8400569 21.3599
5690375 14965332 22.9207
5690375 11476244 23.8968
5690375 2111524 23.9102
5690375 11200561 24.2564
5690375 4050276 24.7519
5690375 485125 25.2431
5690375 15470577 25.4184
5690375 14817946 25.6019
5690375 3677042 26.1872
5690375 11405451 26.6998
5690375 10165665 26.8369
5690375 3160073 26.9756
5690375 12604752 27.0989
5690375 8748465 28.1578
5690375 6285388 28.3139
5690375 4794571 28.5505
5690375 14287179 28.5728
5690375 8340680 29.0621
5690375 9354904 29.2217
5690375 3280284 29.9066
5690375 6898890 29.9749
5690375 13768838 29.9946
5690375 4304771 30.9537
5690375 7993561 31.1257
5690375 8375761 31.2216
5690375 4891127 31.4504
5690375 3004417 31.675
5690375 6582833 31.7501
5690375 6860330 31.7836
5690375 5545471 31.9489
5690375 15253792 32.5261
5690375 14103571 32.601
7650092 15985025 1.98632
7650092 14117840 1.98632
7650092 14125032 1.98632
7650092 15926713 1.98632
7650092 10388298 1.98632
7650092 5179005 1.98632
7650092 11569610 1.98632
7650092 9702299 1.98632
7650092 16354664 1.98632
7650092 14487353 1.98632
307488 7578917 355.061
307488 14806782 355.257
307488 2911162 355.504
307488 7737079 356.154
307488 9181014 356.931
307488 16757116 357.087
307488 1553706 357.165
307488 15270706 357.791
307488 14549740 358.44
307488 12888766 358.889
307488 460926 359.509
307488 1294965 359.614
307488 4956868 359.82
307488 6360829 359.874
307488 13326540 360.398
307488 16769102 360.437
307488 1051555 360.479
307488 14306372 360.605
307488 8989255 361.206
307488 16672406 361.486
307488 14272156 361.638
307488 3680120 361.746
307488 5512352 362.143
307488 3199018 362.48
307488 12133255 362.889
307488 1817814 363.237
307488 7384954 363.275
307488 13364691 363.502
307488 5559548 363.656
307488 16204053 363.674
307488 14428177 364.002
307488 5865422 364.116
307488 8955151 364.814
307488 867765 364.826
307488 16534596 364.89
307488 14648046 365.307
307488 2009436 365.404
307488 8505472 365.744
307488 1100423 365.868
307488 13312315 365.953
307488 16122002 366.175
307488 15222719 366.354
307488 8797289 366.39
307488 12381281 366.809
307488 14034758 366.877
307488 11786075 367.089
307488 5507287 367.115
307488 3395481 367.509
307488 9483678 367.655
307488 15235662 367.776
307488 14740513 367.941
307488 10788290 368.25
307488 12708879 368.567
307488 4229914 368.623
307488 6112879 368.754
307488 15590734 368.792
307488 8031458 369.182
307488 10518358 369.235
307488 16089294 369.527
307488 2307 370.11
307488 16224961 370.244
307488 16266748 370.293
307488 4424398 370.621
307488 13775766 370.775
307488 7059405 370.775
307488 4984706 371.098
307488 299119 371.293
307488 14457673 371.79
307488 37676 371.979
307488 1011786 372.141
307488 12017029 372.446
307488 5777901 373.044
307488 9951757 373.312
307488 9747493 373.593
307488 8003016 373.742
307488 10681090 373.935
307488 7573221 374.013
307488 489145 374.022
447400 14664262 314.27
447400 14965481 314.402
447400 1835377 315.07
447400 16234228 315.313
447400 10619660 315.634
447400 12598150 317.143
447400 7474127 317.654
447400 14423577 318.436
447400 4709555 318.94
447400 539821 319.977
447400 5643754 320.124
447400 9255473 320.238
447400 8029743 320.561
447400 9751628 322.206
447400 156576 322.436
447400 1115471 323.422
447400 4668959 323.618
447400 2019641 324.417
447400 2297235 325.606
447400 11459026 325.686
447400 9181223 326.106
447400 948030 326.14
447400 6768872 326.958
447400 7293691 327.694
447400 14016183 328.016
447400 2152815 328.29
447400 9640274 329.656
447400 7586008 329.923
447400 16106708 330.535
447400 149588 330.86
447400 5906179 331.659
447400 1362807 331.66
447400 12507952 332.474
447400 9892473 334.21
447400 9594117 334.655
447400 3098075 335.159
447400 12416907 335.749
447400 1480828 336.153
447400 12684217 336.52
447400 11027253 338.557
447400 4876572 339.175
447400 1219134 339.282
447400 9689659 339.306
447400 2699337 339.562
447400 11869183 339.648
447400 200341 340.185
447400 15921936 340.42
447400 858170 340.641
447400 10531012 341.459
447400 7717867 341.561
447400 13864038 343.081
447400 9945075 343.319
447400 5762049 343.917
447400 16339570 343.989
447400 15463275 344.336
447400 3093057 345.507
447400 3021313 345.568
447400 13364806 345.613
447400 365787 346.183
447400 5672582 346.322
447400 13530217 346.851
447400 11649238 347.033
447400 191254 347.944
447400 11034432 348.275
447400 4814251 349.966
447400 1841430 350.065
447400 7449520 350.583
447400 1359840 351.399
447400 9291903 351.797
447400 889808 351.875
447400 3360052 353.388
447400 2286896 354.171
447400 3886800 494.119
447400 14185668 494.78
447400 7944679 495.194
72657 1295400 278.907
72657 4868399 279.103
72657 11584411 279.481
72657 12979420 279.714
72657 3614108 279.839
72657 636840 279.958
72657 8920810 282.042
72657 13404317 282.047
72657 769867 282.12
72657 16113400 282.804
72657 3160100 283.239
72657 15009883 283.66
72657 9722643 283.963
72657 13486972 284.09
72657 14891130 284.198
72657 1142651 284.513
72657 6785457 285.07
72657 9178911 285.581
72657 8110453 286.108
72657 12074654 286.334
72657 9303960 286.509
72657 1024100 286.601
72657 14503907 286.656
72657 110150 288.677
72657 2806896 288.701
72657 16305541 288.884
72657 12709842 290.138
72657 12579627 290.586
72657 5618680 291.086
72657 3876447 292.778
72657 515611 293.639
72657 6386770 293.869
72657 8189029 293.989
72657 16542264 294.044
72657 4408340 294.244
72657 7792227 295.462
72657 14714620 295.751
72657 7190357 295.82
72657 9641616 295.878
72657 9751303 295.921
72657 9912132 295.925
72657 14438143 296.721
72657 2942460 297.763
72657 15974527 298.01
72657 14701627 298.334
72657 16640156 298.525
72657 217369 298.669
72657 356862 299.608
72657 14105635 299.704
72657 359182 300.529
72657 1130161 300.553
72657 3419561 300.576
72657 8515418 300.713
72657 7098904 300.937
72657 15048031 301.607
72657 2924690 303.105
72657 2387787 303.463
72657 16318485 304.127
72657 7071442 304.428
72657 13187755 305.141
72657 8988746 305.236
72657 392062 305.893
72657 5691372 306.274
72657 6466654 307.809
72657 8056223 308.234
72657 6746841 309.715
72657 15303764 309.727
72657 1184293 310.098
72657 9646621 310.25
72657 2637205 310.736
72657 12087068 311.587
72657 15555194 311.787
72657 4990124 312.007
72657 5561587 312.123
72657 1028729 312.641
72657 7129370 312.671
72657 350292 313.152
72657 2831751 313.888
72657 8281687 313.983
72657 10579712 314.195
11668377 14441326 247.633
11668377 2940154 248.022
11668377 14338648 248.266
11668377 11304484 248.533
11668377 5929449 248.863
11668377 3771321 249.527
11668377 9009978 250.527
11668377 8834212 251.16
11668377 13823348 251.267
11668377 16153900 251.866
11668377 9757840 252.216
11668377 14351538 252.919
11668377 16113688 253.625
11668377 4744053 253.654
11668377 1630321 253.743
11668377 10455347 253.777
11668377 11046035 254.142
11668377 1207262 254.424
11668377 3241613 254.897
11668377 3915140 254.955
11668377 15807605 255.244
11668377 4816392 255.627
11668377 5732286 256.733
11668377 14724586 256.814
11668377 502269 257.108
11668377 12727848 257.28
11668377 16342570 258.018
11668377 263438 258.129
11668377 10262523 258.493
11668377 8398148 259.302
11668377 12648184 259.41
11668377 14493725 259.465
11668377 9833601 261.204
11668377 16154308 261.331
11668377 3310636 261.631
11668377 16427565 261.76
11668377 15281530 262.586
11668377 8704052 262.62
11668377 12168256 262.709
11668377 8495638 264.236
11668377 2220325 264.957
11668377 119723 265.038
11668377 4556564 265.352
11668377 14391276 265.38
11668377 8524773 265.422
11668377 10548839 265.495
11668377 2929072 266.484
11668377 12053876 266.696
11668377 353406 266.793
11668377 6328123 266.966
11668377 4861108 267.059
11668377 5738976 267.935
11668377 2287200 268.24
11668377 197102 268.521
11668377 15876076 268.676
11668377 8972639 268.732
11668377 12362299 268.926
11668377 5079227 269.092
11668377 15239719 269.221
11668377 9161717 269.504
11668377 15155509 269.711
11668377 15190838 271.341
11668377 663715 271.433
11668377 15671120 271.563
11668377 15820954 272.102
11668377 10967351 272.123
11668377 7960173 272.192
11668377 14749552 272.662
11668377 2379279 272.757
11668377 4113148 272.939
11668377 7880261 273.575
11668377 4570264 274.885
11668377 11560070 275.218
11668377 15965235 275.628
11668377 12386546 277.51
11668377 3144360 277.56
11668377 9452278 277.876
11668377 11239269 278.094
14643546 848764 217.297
14643546 5216752 217.47
14643546 4989715 217.651
14643546 7811792 218.777
14643546 4057883 218.909
14643546 14874616 219.32
14643546 10304470 219.456
14643546 10948689 219.558
14643546 2181336 219.582
14643546 4881082 220.468
14643546 14206506 220.978
14643546 5776071 221.198
14643546 8933597 221.531
14643546 3431779 221.584
14643546 8405712 221.703
14643546 9335208 221.954
14643546 14510897 222.449
14643546 7895740 222.495
14643546 9697698 222.858
14643546 359417 223.031
14643546 2776175 223.149
14643546 2460225 224.997
14643546 14681039 226.26
14643546 2044920 226.41
14643546 7845391 226.427
14643546 14685038 226.956
14643546 3483419 227.111
14643546 10926112 227.456
14643546 239050 227.924
14643546 2610937 228.545
14643546 5324035 228.859
14643546 1164756 229.02
14643546 9964010 230.442
14643546 6983197 230.582
14643546 11951563 231.239
14643546 1190517 231.489
14643546 5484629 231.683
14643546 8582062 231.815
14643546 7554776 232.892
14643546 13926378 232.9
14643546 9987514 233.296
14643546 1868370 233.506
14643546 7356928 233.544
14643546 4022492 233.653
14643546 4750859 233.728
14643546 8018579 234.057
14643546 10905910 234.421
14643546 14391414 234.544
14643546 2667744 235.079
14643546 11443690 235.339
14643546 13805162 235.627
14643546 1936651 237.398
14643546 11231194 237.791
14643546 7228073 237.814
14643546 15452947 238.435
14643546 3986782 238.566
14643546 16025964 238.837
14643546 7063452 240.081
14643546 594017 240.319
14643546 4620845 240.576
14643546 9794919 240.67
14643546 2562464 241.211
14643546 6090740 241.586
14643546 16565023 241.611
14643546 14818311 242.584
14643546 8743913 242.874
14643546 5801390 242.913
14643546 9654412 243.199
14643546 7157349 243.45
14643546 4844021 243.691
14643546 14532429 243.781
14643546 7279874 243.799
14643546 12817401 244.243
14643546 803351 244.394
14643546 9610424 244.512
14643546 16162681 244.802
14643546 12912510 245.001
14643546 3903633 245.424
14643546 1593965 245.447
14643546 4199296 246.073
14643546 5412807 246.336
14643546 2458240 246.563
14277075 8453622 184.442
14277075 11297484 184.654
14277075 2102869 184.786
14277075 9250825 185.583
14277075 2640092 186.026
14277075 9030274 186.191
14277075 9213438 187.176
14277075 4849268 187.226
14277075 13139896 187.6
14277075 3260711 187.785
14277075 1714853 187.945
14277075 15804050 188.212
14277075 10106211 188.273
14277075 1210420 188.292
14277075 12996853 188.658
14277075 8796148 188.874
14277075 13384600 189.302
14277075 6846130 190.1
14277075 4145593 190.583
14277075 1882022 191.112
14277075 11830095 191.383
14277075 1915742 192.335
14277075 407309 192.597
14277075 16100788 193.343
14277075 15757128 193.524
14277075 10227815 193.842
14277075 9844880 194.337
14277075 11039300 195.156
14277075 15031930 195.535
14277075 7755365 195.809
14277075 14634625 196.398
14277075 10511620 196.637
14277075 4452860 197.947
14277075 6811860 198.25
14277075 7021318 198.365
14277075 10345086 198.391
14277075 2369379 198.802
14277075 6863002 198.841
14277075 5246532 199.456
14277075 16204537 199.563
14277075 9406499 200.427
14277075 11978082 201.865
14277075 16436441 202.137
14277075 9684006 202.574
14277075 865928 202.895
14277075 6839825 203.917
14277075 4837197 203.973
14277075 855995 204.214
14277075 8658585 204.358
14277075 1190930 204.639
14277075 1181585 204.652
14277075 1461778 205.145
14277075 7911250 205.153
14277075 8420927 205.743
14277075 16214610 205.905
14277075 7667639 206.127
14277075 9587995 207.963
14277075 7316275 208.025
14277075 16411186 208.082
14277075 1344311 208.821
14277075 8143040 209.286
14277075 1122203 209.297
14277075 3955078 209.978
14277075 5145762 210.194
14277075 11193583 210.336
14277075 13946407 210.408
14277075 15948755 210.448
14277075 1432626 211.267
14277075 9522926 212.169
14277075 392680 212.952
14277075 15623313 213.755
14277075 16467094 214.073
14277075 15912642 214.214
14277075 9442394 214.246
14277075 12595980 214.443
14277075 11957687 214.669
14277075 8948198 214.717
14277075 6134287 214.765
14277075 13456293 214.896
14277075 6222000 215.875
11514038 7983996 155.235
11514038 11831519 155.658
11514038 15122442 155.689
11514038 15087350 156.301
11514038 8323673 156.668
11514038 10986339 156.801
11514038 8658086 157.011
11514038 16661205 157.17
11514038 7225026 157.246
11514038 6905823 157.771
11514038 11737078 158.355
11514038 1577891 158.405
11514038 12256761 158.418
11514038 16156488 158.563
11514038 10107044 158.91
11514038 9350870 159.646
11514038 15605467 159.719
11514038 11966006 160.031
11514038 13341997 160.793
11514038 8726883 160.908
11514038 39191 161.648
11514038 5985401 162.31
11514038 13924986 162.387
11514038 260059 162.711
11514038 1311457 162.916
11514038 7629586 164.328
11514038 1274904 164.674
11514038 12926723 164.865
11514038 6774797 165.736
11514038 4423485 165.898
11514038 16177387 166.122
11514038 2739506 166.558
11514038 5929743 166.939
11514038 6543496 167.032
11514038 7842704 167.571
11514038 12006244 167.614
11514038 4891599 167.836
11514038 5328896 168.097
11514038 1417583 168.157
11514038 12106366 169.112
11514038 3775514 169.977
11514038 9988296 171.376
11514038 9845348 171.576
11514038 9048139 171.894
11514038 6074700 173.451
11514038 12344093 173.999
11514038 14092935 174.214
11514038 6660745 174.612
11514038 12421113 174.746
11514038 4299354 174.795
11514038 15238967 175.096
11514038 12899688 175.179
11514038 8664863 175.377
11514038 1117107 175.583
11514038 15726223 175.604
11514038 7563889 175.793
11514038 7116390 176.23
11514038 3364926 176.777
11514038 7302965 177.476
11514038 16022 177.98
11514038 12275836 178.762
11514038 15654600 178.949
11514038 5217516 179.288
11514038 5308905 179.776
11514038 7983732 179.914
11514038 10350965 180.245
11514038 3895928 180.974
11514038 1497326 181.251
11514038 618987 181.849
11514038 11906627 181.953
11514038 8221917 182.738
11514038 7429616 182.822
11514038 1013885 182.823
11514038 9947866 182.875
11514038 2989695 182.887
11514038 86084 183.16
11514038 3116556 183.487
11514038 10296520 183.59
959966 12267899 128.379
959966 15792798 128.579
959966 1445372 128.608
959966 13431770 128.944
959966 14760171 129.042
959966 12897342 129.365
959966 7725705 129.412
959966 5929406 129.842
959966 11505626 130.557
959966 16086839 131.088
959966 14600875 131.115
959966 5534215 132.087
959966 9184653 132.307
959966 8929167 132.47
959966 2144369 134.361
959966 9419884 134.41
959966 15744429 134.618
959966 923842 134.713
959966 5114347 135.475
959966 2318272 136.022
959966 8419253 136.11
959966 13252016 136.158
959966 3107391 136.422
959966 6754119 136.741
959966 15727241 136.835
959966 10227765 137.347
959966 8102999 137.658
959966 6733430 138.004
959966 5509752 138.089
959966 14347196 139.172
959966 1921837 139.256
959966 11922694 139.328
959966 14468595 139.658
959966 8607780 140.077
959966 12642952 140.297
959966 567354 140.54
959966 10685543 140.584
959966 12651336 141.571
959966 1487923 141.779
959966 12217659 142.319
959966 10364200 142.496
959966 2421770 142.539
959966 8308625 142.908
959966 8959221 143.07
959966 1534500 143.128
959966 1211946 143.279
959966 3766520 143.41
959966 11968987 144.143
959966 5020420 144.442
959966 1559891 145.964
959966 13467122 147.1
959966 12954833 147.242
959966 15836136 147.312
959966 4452265 147.332
959966 993710 147.793
959966 14647747 147.947
959966 10948103 148.134
959966 3117923 148.23
959966 16501274 148.284
959966 13175835 148.343
959966 10688523 148.919
959966 10568430 149.007
959966 9590037 149.261
959966 481215 150.12
959966 11404943 151.201
959966 7100272 151.684
959966 511981 151.828
959966 11691220 151.96
959966 4843946 152.249
959966 4468644 152.25
959966 11283541 152.288
959966 15835621 152.777
959966 14541909 153.536
959966 9423662 153.566
959966 33356 153.836
959966 7593255 153.923
959966 251415 154.178
959966 2141951 154.76
959966 2368376 154.94
12397339 2474933 101.496
12397339 9696178 101.618
12397339 14664436 102.041
12397339 10771082 102.601
12397339 15139784 102.857
12397339 16573038 103.219
12397339 15264224 103.434
12397339 11884735 103.8
12397339 1715071 104.114
12397339 13463166 104.227
12397339 8193877 104.791
12397339 5575464 105.161
12397339 5690562 105.693
12397339 5609789 105.983
12397339 1957183 106.225
12397339 15054327 106.835
12397339 7501118 106.912
12397339 1901766 107.327
12397339 14929365 107.831
12397339 15388353 107.937
12397339 7264575 108.187
12397339 4964467 108.259
12397339 12010907 109.266
12397339 10420463 110.033
12397339 6023783 111.056
12397339 6723174 111.225
12397339 6366338 111.836
12397339 605161 112.316
12397339 6335866 112.369
12397339 7393709 112.376
12397339 12475154 112.731
12397339 7989617 112.882
12397339 12411122 113.149
12397339 14152653 114.025
12397339 5886852 114.789
12397339 7386022 114.873
12397339 15730699 115.275
12397339 5050600 115.378
12397339 9715476 115.777
12397339 9779939 115.934
12397339 9188184 116.018
12397339 6017090 116.818
12397339 14106561 117.126
12397339 13504312 117.534
12397339 8462028 117.792
12397339 4142951 119.37
12397339 6316764 119.503
12397339 14987325 119.507
12397339 1135134 119.921
12397339 12648858 120.457
12397339 2112681 120.818
12397339 12783116 121.06
12397339 2290330 121.131
12397339 2554250 121.669
12397339 9548453 121.931
12397339 10240777 121.954
12397339 15659879 122.114
12397339 10947782 122.336
12397339 13008012 122.433
12397339 13618350 122.78
12397339 14950530 122.85
12397339 665632 123.222
12397339 11005971 123.289
12397339 4984584 123.952
12397339 14302698 123.981
12397339 3282742 124.532
12397339 7128136 124.548
12397339 1528313 125.127
12397339 6914433 125.263
12397339 4883075 125.348
12397339 7799307 126.47
12397339 2751102 127.172
12397339 940125 127.198
12397339 14373164 127.288
12397339 12557819 127.411
12397339 8997642 127.738
5883073 1279547 65.5541
5883073 14915489 65.6266
5883073 10415275 65.6358
5883073 5779617 65.6709
5883073 14783337 65.7576
5883073 12337057 65.782
5883073 2980508 65.8315
5883073 4290728 66.0459
5883073 10384701 66.2654
5883073 5547356 66.5632
5883073 11305425 66.6155
5883073 14724251 66.8091
5883073 6418808 67.0027
5883073 9234252 67.0936
5883073 8111603 67.1074
5883073 3427759 68.2905
5883073 12129166 69.5048
5883073 4504384 69.5945
5883073 14684386 69.8894
5883073 14714177 70.6434
5883073 13262527 70.6561
5883073 9055381 71.9141
5883073 16382468 72.2498
5883073 16772003 72.7851
5883073 10533140 73.1367
5883073 10739473 74.028
5883073 5230220 75.2702
5883073 12675693 75.6183
5883073 14738173 75.8987
5883073 3541367 75.94
5883073 2992248 76.1215
5883073 9383082 76.7109
5883073 14700319 77.0323
5883073 6929336 77.5968
5883073 8398324 78.2592
5883073 13740304 78.2755
5883073 1550083 78.3204
5883073 16394359 78.7344
5883073 12272517 78.8048
5883073 13637394 79.0705
5883073 15776412 80.5374
5883073 9098418 80.5578
5883073 2395079 80.5682
5883073 8832962 80.8107
5883073 13546638 80.8928
5883073 10418537 81.3313
5883073 16308285 81.6495
5883073 5442422 82.2437
5883073 12929606 82.5291
5883073 12010268 82.7598
5883073 13273114 83.3305
5883073 2372258 84.6894
5883073 1884936 85.7034
5883073 15760052 85.8769
5883073 7777489 86.5434
5883073 4427261 86.9477
5883073 9716957 87.2758
5883073 12315837 87.3482
5883073 15443238 88.971
5883073 4912577 89.4107
5883073 6375357 89.8259
5883073 4237419 89.8529
5883073 14163189 91.4986
5883073 9971796 91.6587
5883073 11643028 91.9079
5883073 12525584 92.3049
5883073 8127828 92.6577
5883073 12211415 93.1176
5883073 2234172 93.1938
5883073 13480705 93.352
5883073 16412488 93.4815
5883073 16372654 93.7739
5883073 16469086 93.8794
5883073 4787840 93.8815
5883073 1398642 94.4933
5883073 11558366 94.8049
5883073 13654630 94.9541
5883073 10729370 96.4884
5883073 7167376 96.6611
5883073 6982821 96.7883
5883073 2387795 97.0221
5883073 6623890 97.2348
5883073 16218196 98.39
5883073 5366761 98.8133
5883073 3949602 98.9562
5883073 6243639 99.6415
5883073 1837906 100.152
5883073 15122386 100.661
14401667 12604452 24.4479
14401667 3153284 24.4515
14401667 9586274 24.5608
14401667 10077421 24.745
14401667 13165805 24.7884
14401667 1615286 25.1399
14401667 703703 25.3522
14401667 1719038 25.3906
14401667 4006048 25.4313
14401667 2442768 25.589
14401667 6988435 25.6517
14401667 9497561 25.6935
14401667 4933054 25.7922
14401667 16293892 25.8258
14401667 10961227 25.9783
14401667 16084655 26.9988
14401667 13928223 27.0021
14401667 1462672 27.0021
14401667 8683433 27.1381
14401667 5269255 27.2207
14401667 1029640 27.3352
14401667 1978910 27.3844
14401667 3189874 27.4583
14401667 3265758 28.0977
14401667 3076715 28.5512
14401667 5632645 28.6603
14401667 13585150 28.8073
14401667 5873228 29.0181
14401667 5587837 29.651
14401667 11904558 29.7954
14401667 13724316 29.7994
14401667 6513419 29.9142
14401667 10012557 29.9883
14401667 5780775 30.0189
14401667 6495771 30.0306
14401667 16733485 30.9512
14401667 15727276 31.7106
14401667 5405118 31.776
14401667 14325607 32.1946
14401667 15333419 32.2666
14401667 5390404 32.73
14401667 8787638 32.7558
14401667 5742110 32.8619
14401667 16208008 33.5034
14401667 6123455 33.9683
14401667 6012564 34.1268
14401667 1705673 34.6473
14401667 3548320 34.7669
14401667 4942002 34.8747
14401667 7550529 35.6988
14401667 1878389 36.3734
14401667 5463150 36.6829
14401667 12477629 36.9022
14401667 11496493 36.9429
14401667 14320456 37.7861
14401667 949679 38.1184
14401667 2899223 38.4641
14401667 10377548 38.5892
14401667 1161254 38.6118
14401667 7746845 39.3913
14401667 318320 40.9569
14401667 14899710 41.5215
14401667 2493036 41.7622
14401667 3663754 41.7692
14401667 2407914 42.8303
14401667 136344 43.0756
14401667 5259703 43.5925
14401667 6567852 43.5929
14401667 8219577 45.1565
14401667 14413476 45.4865
14401667 896921 45.6653
14401667 13140675 45.6985
14401667 15758589 45.87
14401667 3257647 45.9163
14401667 6274462 46.2255
14401667 10484919 46.2446
14401667 1501657 47.5844
14401667 7685666 47.6904
14401667 3638772 47.9185
14401667 4626428 48.1921
14401667 4301439 48.7192
14401667 320328 49.1187
14401667 702084 49.262
14401667 10036626 49.9498
14401667 8417518 51.4606
14401667 5451953 51.4808
14401667 13907378 51.592
14401667 11990503 51.7733
14401667 6056235 51.8469
14401667 14141636 51.8651
14401667 10231081 54.3776
14401667 2344256 54.8045
14401667 14373295 54.8385
14401667 9527590 54.8689
14401667 1429603 54.9256
14401667 2527406 55.4057
14401667 6211570 55.4124
14401667 4596636 55.6749
14401667 5721624 56.5204
14401667 9413 56.5447
14401667 8659073 56.9426
14401667 512283 58.8049
14401667 7903609 58.8492
14401667 15920373 59.1667
14401667 8650146 59.2244
14401667 14949733 60.3569
14401667 2011175 61.1385
14401667 9829877 61.2225
14401667 16474994 61.8275
14401667 7178686 62.2328
14401667 10003440 62.4061
14401667 5666194 63.2409
14401667 15322084 63.6496
14401667 16712532 63.7619
14401667 1437871 64.0256
14401667 16090398 65.3932
14401667 98582 65.4503
14401667 9914121 65.4682
14401667 7637482 65.6324
14401667 6900934 66.3519
4792831 45485 4.26923
4792831 12171562 4.98625
4792831 12284357 5.16571
4792831 9909078 5.38694
4792831 3816605 5.72701
4792831 2679128 5.93088
4792831 1715014 6.05531
4792831 4068793 6.12276
4792831 13449543 6.18815
4792831 14668527 6.92047
4792831 10990405 6.98061
4792831 117541 7.482
4792831 16752136 7.60165
4792831 13143515 7.85403
4792831 14725192 8.34379
4792831 6895674 8.34622
4792831 2598007 8.88744
4792831 14172776 8.97988
4792831 13864321 9.81716
4792831 4258479 10.3546
4792831 12359337 10.5357
4792831 2240979 10.9833
4792831 9673149 11.4698
4792831 12913022 11.5928
4792831 5256949 12.6542
4792831 2882605 12.7166
4792831 15294425 12.7231
4792831 9943662 12.7412
4792831 15537644 12.8878
4792831 5965521 13.0613
4792831 15864163 13.1118
4792831 14970039 13.1826
4792831 7853783 13.2499
4792831 14599210 13.5776
4792831 14832550 13.9911
4792831 9972044 14.2562
4792831 5304234 14.4432
4792831 4974258 14.4798
4792831 1865341 14.6543
4792831 2524527 14.8813
4792831 1215894 15.6114
4792831 10919429 16.2477
4792831 14773501 16.4095
4792831 8540205 16.9358
4792831 11131195 17.5554
4792831 14441693 17.6942
4792831 6470354 18.5602
4792831 4642728 18.5931
4792831 8085395 19.1103
4792831 2771713 19.3168
4792831 6418546 19.3283
4792831 14340775 19.8426
4792831 7273343 19.8683
4792831 7027786 20.0033
4792831 12734513 20.0677
4792831 13856873 20.1303
4792831 287848 20.4216
4792831 9418456 20.6443
4792831 13691525 20.9805
4792831 1639100 21.0551
4792831 10499144 21.2924
4792831 3248458 21.567
4792831 2530051 21.8782
4792831 12380269 22.0541
4792831 129589 22.177
4792831 1315558 22.3486
4792831 6917509 22.3569
4792831 4404320 22.4168
4792831 15049625 22.7207
4792831 12663469 22.7217
4792831 5891513 22.7704
4792831 6210352 23.6546
4792831 3112773 23.6553
4792831 4758588 23.6675
4792831 2409402 23.7285
4792831 16460390 23.816
4792831 10501232 23.8358
4792831 4031891 24.4207
4792831 109941 24.4849
4792831 10627385 24.9117
4792831 16759329 25.1198
4792831 9153453 25.14
4792831 3583463 25.181
4792831 2643542 25.4056
4792831 4288250 25.5516
4792831 4585023 25.9791
4792831 16176948 26.3093
4792831 9355256 26.6343
4792831 14217060 27.641
4792831 3602241 27.9892
4792831 14801595 28.0771
4792831 432567 28.0886
4792831 7098765 28.462
4792831 16077435 29.2443
4792831 13308612 29.61
4792831 6209661 29.9816
4792831 13639547 30.0712
4792831 9149324 30.1156
4792831 11463920 30.185
4792831 14273438 30.3078
4792831 10860931 30.4348
4792831 16521035 31.1072
4792831 7149589 31.1725
4792831 9505372 31.2298
4792831 9381458 32.0414
4792831 5680573 32.1189
4792831 7090442 32.6883
4792831 9609068 32.9636
4792831 8490469 33.0227
4792831 7280577 33.7273
4792831 3599011 33.9787
4792831 8019056 34.0772
4792831 10612022 34.1478
4792831 7841642 34.506
4792831 13086872 34.583
4792831 11103555 34.6134
4792831 3302533 34.7703
4792831 10272928 34.8913
4792831 15808537 34.9726
4792831 510856 35.3589
