9844610 7544239 0.0501187
9844610 15358779 0.0740775
9844610 6995946 0.586449
9844610 4281401 1.01048
9844610 4427681 1.01844
9844610 3926872 1.10036
9844610 7253256 1.24039
9844610 889781 1.56621
9844610 5024012 1.64014
9844610 3854470 1.68941
9844610 13724872 1.75862
9844610 10228777 1.9122
9844610 8259830 1.96493
9844610 5267368 2.25605
9844610 12201006 2.27707
9844610 16618548 2.33214
9844610 14548510 2.62485
9844610 1258337 2.73562
9844610 3861649 2.9228
9844610 7446292 3.58813
9844610 2677139 3.93257
9844610 1950814 4.0469
9844610 8012609 4.06374
9844610 16494489 4.30288
9844610 4084301 4.33896
9844610 6015760 4.62933
9844610 12153322 4.67218
9844610 7065530 4.69766
9844610 350296 4.8927
9844610 15085083 5.36395
9844610 15465696 5.81328
9844610 15837163 5.82611
9844610 3263391 5.886
9844610 5950998 6.40162
9844610 14954761 6.48486
9844610 284281 6.50611
9844610 2712906 7.09743
9844610 10785430 7.33094
9844610 15358411 8.15936
9844610 2824824 8.28148
9844610 656449 9.54292
9844610 3421687 9.68262
9844610 10354256 10.3851
9844610 4405468 10.6573
9844610 16012080 10.744
9844610 11660990 10.8933
9844610 11133571 10.9474
9844610 8438278 10.9912
9844610 7967535 11.2107
9844610 15390308 11.3588
9844610 12538734 11.8941
9844610 15853036 11.967
9844610 4229260 12.13
9844610 286160 12.3586
9844610 5789958 12.6896
9844610 11035923 12.6932
9844610 14558193 13.1316
9844610 14603623 13.2456
9844610 4270706 13.4569
9844610 7839400 13.6032
9844610 2314404 13.6033
9844610 15576334 13.6804
9844610 10424387 13.7192
9844610 8103915 13.8434
9844610 13483150 14.343
9844610 1960045 14.4078
9844610 6145608 14.569
9844610 6764286 14.631
9844610 12038524 14.9073
9844610 5415829 15.3359
9844610 8127310 15.6376
9844610 5875663 16.0479
9844610 15973688 16.1565
9844610 10776263 16.2781
9844610 12544024 16.6701
9844610 4614621 16.8505
9844610 7291398 16.8944
9844610 2161897 16.9999
9844610 3966858 17.0672
9844610 10722615 17.1924
9844610 9786524 17.3804
9844610 6511219 17.4421
9844610 16061322 17.456
9844610 3489609 17.6223
16740664 8004954 0.0371062
16740664 16700944 1.03028
16740664 13845639 1.14229
16740664 8549608 1.17667
16740664 14045830 1.1922
16740664 11960171 1.56046
16740664 15624077 1.57011
16740664 14496369 1.8207
16740664 9343096 1.84828
16740664 838426 1.87996
16740664 8351187 1.96814
16740664 12317238 2.11909
16740664 4859196 2.18117
16740664 8465733 2.52524
16740664 16147420 2.54014
16740664 10296708 2.75952
16740664 3571354 2.80551
16740664 3279838 3.53335
16740664 4496517 3.85253
16740664 1931306 4.07514
16740664 5208208 4.31112
16740664 1451816 4.32228
16740664 13859391 4.41017
16740664 15381884 4.42325
16740664 6110714 4.62249
16740664 6560340 4.66231
16740664 11578733 4.72587
16740664 6571936 4.85972
16740664 2896893 5.31064
16740664 12556944 5.41917
16740664 14618972 5.72957
16740664 4820858 6.04715
16740664 9086699 6.08382
16740664 36523 6.34146
16740664 10582654 6.61441
16740664 7395895 7.32982
16740664 13071336 7.60188
16740664 5152724 7.66888
16740664 7827511 7.92537
16740664 9524063 7.96295
16740664 5802096 8.06286
16740664 7079618 8.17114
16740664 1673312 8.186
16740664 2325434 8.35529
16740664 2420826 8.52763
16740664 14400715 9.07987
16740664 4591919 9.12143
16740664 14324800 9.1278
16740664 13971052 9.32455
16740664 13954889 9.49609
16740664 2894094 9.77812
16740664 4363891 9.84433
16740664 12511749 9.88882
16740664 12989331 11.1263
16740664 12907373 11.6517
16740664 4106834 11.7428
16740664 15614016 11.7455
16740664 6497593 12.1739
16740664 16609855 12.4197
16740664 3999405 12.4926
16740664 941640 12.8457
16740664 3816509 13.0014
16740664 6543068 13.0596
16740664 3679747 13.1572
16740664 8932383 13.181
16740664 9937737 13.1927
16740664 12055747 13.247
16740664 16566221 13.746
16740664 7840260 13.8884
16740664 12390239 14.091
16740664 11655856 14.2173
16740664 7194700 14.4975
16740664 2837524 14.7146
16740664 10606397 15.0701
16740664 8488211 15.2347
16740664 15357120 15.4782
16740664 5902403 15.5452
16740664 7219827 15.5738
16740664 14083290 15.7783
16740664 6830196 16.1873
16740664 1926775 16.3252
16740664 7243993 16.47
9596783 484090 0.121007
9596783 4149389 0.591428
9596783 11092014 0.604211
9596783 11365233 1.02862
9596783 8895167 1.11583
9596783 15988105 1.27272
9596783 2850259 1.51751
9596783 15366375 1.70281
9596783 15529501 1.94177
9596783 15127812 2.07594
9596783 15201382 2.15941
9596783 16479052 2.26861
9596783 9887026 2.37091
9596783 10122076 2.43655
9596783 9128888 2.49145
9596783 7785379 2.56129
9596783 13655422 2.58938
9596783 15358528 2.79188
9596783 15214445 2.82684
9596783 13143202 3.00286
9596783 12557596 3.11583
9596783 9300517 3.48586
9596783 13954402 3.75668
9596783 4220063 3.78041
9596783 15719417 4.2009
9596783 8658280 4.33614
9596783 7877505 4.53277
9596783 4524037 4.66289
9596783 3841467 4.89989
9596783 4564332 5.51044
9596783 714564 5.55249
9596783 13276250 5.97372
9596783 11241418 6.14559
9596783 8256142 7.05147
9596783 15576149 7.57309
9596783 14461394 7.6408
9596783 3445878 8.2516
9596783 10603661 8.31685
9596783 3457362 8.51078
9596783 8644565 8.91584
9596783 2214550 8.97027
9596783 14173212 9.04653
9596783 1500922 9.13969
9596783 12654446 9.19071
9596783 9743560 9.3622
9596783 12652695 9.41831
9596783 16195216 9.82405
9596783 14048577 9.97928
9596783 7556958 10.2
9596783 14954911 10.3093
9596783 16590319 10.5539
9596783 10448708 10.8594
9596783 15809884 10.8643
9596783 11911434 10.902
9596783 1538001 10.9388
9596783 3760464 11.0509
9596783 13008427 11.3612
9596783 8081929 11.7748
9596783 7186865 12.0932
9596783 16591723 12.2174
9596783 14448207 12.2856
9596783 15130826 12.2935
9596783 12762532 12.6804
9596783 2659245 13.2491
9596783 8795513 13.4017
9596783 14860474 13.4593
9596783 14079510 13.8335
9596783 6058914 13.9583
9596783 10247955 13.9784
9596783 10845792 14.2171
9596783 13988933 14.4163
9596783 8284616 14.4215
9596783 15027926 14.5191
9596783 8502202 14.5921
9596783 3812887 14.9467
13424732 1468496 0.262463
13424732 16621786 0.389363
13424732 7629589 0.502574
13424732 5545610 0.580789
13424732 4191432 0.659526
13424732 11298664 0.908116
13424732 7133817 1.13867
13424732 14255894 1.40357
13424732 14997453 1.69737
13424732 11763223 1.75863
13424732 13943990 1.82986
13424732 8187393 1.96685
13424732 10977772 2.00162
13424732 7819298 2.82634
13424732 2637899 2.97911
13424732 5185644 3.23965
13424732 5233110 3.36271
13424732 1441460 4.08702
13424732 13080507 4.69372
13424732 14351080 5.46709
13424732 8431243 5.50186
13424732 15418376 5.66445
13424732 5382914 5.76432
13424732 3791309 5.86515
13424732 13211060 6.0144
13424732 2028456 6.01859
13424732 14926883 6.14563
13424732 13408426 7.38248
13424732 7870448 7.62955
13424732 7680516 7.79029
13424732 507816 8.29637
13424732 6232260 8.31806
13424732 6828931 8.403
13424732 13567406 8.54042
13424732 1447155 8.60402
13424732 7885734 8.75525
13424732 3781859 8.9405
13424732 2037771 9.05038
13424732 11685810 9.19608
13424732 15321964 9.26745
13424732 9591015 9.29901
13424732 10143514 9.71122
13424732 7241575 9.79282
13424732 9055186 9.88378
13424732 2616146 10.1195
13424732 3318296 10.1872
13424732 11079522 10.1973
13424732 14582560 10.3146
13424732 4910193 10.3159
13424732 1388987 10.3218
13424732 5448528 10.5433
13424732 14735993 10.7436
13424732 1526750 11.1858
13424732 121433 11.381
13424732 16673644 11.5399
13424732 7747880 11.5944
13424732 4361964 11.8748
13424732 2227057 12.0413
13424732 6291167 12.639
13424732 6746500 13.0725
13424732 6481563 13.1601
13424732 3770856 13.2566
13424732 16332491 13.515
13424732 2199400 13.6756
13424732 12615817 13.9908
13424732 6555930 14.0443
13424732 12779064 14.1007
13424732 11568287 14.254
13424732 20942 14.2558
13424732 11637411 14.5321
13424732 14164277 14.7396
13424732 15680007 15.3317
13424732 12359209 15.3383
13424732 15707347 15.4419
13424732 12549337 15.5037
13424732 8217671 15.6816
13424732 3199213 15.7765
13424732 16064359 15.8862
13424732 9927006 15.9187
13424732 1642288 16.0141
13424732 12586881 16.5003
13424732 10833106 79.2904
5151106 8122917 84.1705
5151106 14647725 84.1783
5151106 11385906 84.5443
5151106 10382067 84.8937
5151106 8934174 85.4216
5151106 569098 85.7023
5151106 1008786 85.7699
5151106 6000769 85.934
5151106 8577297 85.9652
5151106 13675314 86.4682
5151106 3760703 86.879
5151106 15780273 86.939
5151106 15758743 87.6465
5151106 12116990 87.7429
5151106 13838540 87.8166
5151106 4448118 88.0638
5151106 1427928 88.2155
5151106 9726777 88.5835
5151106 6209054 88.745
5151106 5305355 89.3928
5151106 12531916 89.705
5151106 5837624 89.9529
5151106 14794005 90.1963
5151106 12158788 90.2039
5151106 2793205 91.2656
5151106 12117608 91.3891
5151106 12693825 91.7663
5151106 6034389 93.0827
5151106 15586534 94.4056
5151106 7429339 94.8654
5151106 3516847 95.0641
5151106 15759091 95.998
5151106 275658 96.4345
5151106 15498956 96.5889
5151106 15039528 98.2465
5151106 10164587 98.6379
5151106 12374920 98.8752
5151106 13622047 98.892
5151106 7053489 99.193
5151106 10149116 99.3523
5151106 14534741 100.154
5151106 1998964 100.418
5151106 16756878 100.427
5151106 15310928 101.101
5151106 9850977 102.153
5151106 16595170 102.792
5151106 5070837 103.214
5151106 15576870 103.453
5151106 4427577 103.631
5151106 3102941 105.404
5151106 2541133 105.573
5151106 16361082 106.016
5151106 6654977 106.104
5151106 2054792 107.124
5151106 9188238 107.136
5151106 10450585 107.217
5151106 12958331 107.366
5151106 11771378 107.512
5151106 6444910 107.667
5151106 15875982 108.475
5151106 749828 109.173
5151106 15159344 110.795
5151106 11623099 111.328
5151106 4997511 111.741
5151106 1103905 111.833
5151106 2843366 112.134
5151106 11529102 112.506
5151106 8923727 112.621
5151106 14105303 112.66
5151106 2748086 114.035
5151106 13540340 114.298
5151106 9180388 114.345
5151106 13499173 115.055
5151106 2771863 115.776
5151106 13243188 116.426
5151106 16129246 116.727
5151106 16216392 117.017
5151106 7390762 118.671
5151106 1784329 119.429
5151106 16025532 119.435
5151106 14278849 119.514
5151106 10844311 119.615
5151106 4468141 119.961
16026768 13671092 121.303
16026768 8466783 121.365
16026768 9413334 121.607
16026768 13194352 121.766
16026768 6825252 122.089
16026768 11809267 122.438
16026768 14619503 122.986
16026768 12621410 123.131
16026768 9914904 123.159
16026768 7461639 123.296
16026768 7648859 123.492
16026768 3682393 123.569
16026768 1712478 123.726
16026768 14526834 123.867
16026768 10942637 123.9
16026768 4572208 123.991
16026768 1708201 124.315
16026768 13541083 124.326
16026768 2380461 124.487
16026768 8759985 124.579
16026768 6768139 125.262
16026768 1773829 125.275
16026768 15167551 125.6
16026768 10623483 126.112
16026768 1577968 126.321
16026768 4487043 126.453
16026768 3208762 126.656
16026768 2633800 127.646
16026768 3330387 127.76
16026768 832345 128.691
16026768 9933321 128.951
16026768 2284778 130.121
16026768 7115572 130.431
16026768 8053555 130.58
16026768 4636576 130.658
16026768 16035312 131.036
16026768 2064958 131.101
16026768 7067525 131.178
16026768 4340398 131.797
16026768 15964915 132.106
16026768 13396287 132.312
16026768 14056896 133.858
16026768 9351090 135
16026768 11188370 135.069
16026768 4173324 135.099
16026768 8747098 135.156
16026768 12169784 135.165
16026768 8791632 135.556
16026768 11667341 135.968
16026768 10201897 135.998
16026768 7025237 136.54
16026768 10466353 136.54
16026768 3606502 136.769
16026768 16213297 137.115
16026768 6484819 137.404
16026768 5074174 137.86
16026768 6493484 139.016
16026768 9443677 139.198
16026768 8968614 139.854
16026768 10160358 140.418
16026768 3209850 140.997
16026768 16244767 141.037
16026768 2811718 141.159
16026768 11454789 141.179
16026768 9263340 141.422
16026768 12258688 141.795
16026768 1455468 142.362
16026768 16479279 142.76
16026768 12620835 143.487
16026768 1802961 143.552
16026768 2817195 143.565
16026768 11597769 143.582
16026768 12517229 144.821
16026768 12569420 144.959
16026768 10224922 145.31
16026768 11155787 145.368
16026768 12896973 145.371
16026768 7134254 145.459
8854493 8287263 0.727114
8854493 2368744 0.797451
8854493 13484688 1.47639
8854493 3120995 1.65213
8854493 16621820 2.01439
8854493 16625379 2.33738
8854493 9077144 3.65025
8854493 2750857 3.74411
8854493 4537328 3.82606
8854493 13882737 5.49348
8854493 6180475 5.75692
8854493 13974158 6.30495
8854493 7421693 6.47616
8854493 16558766 6.9063
8854493 13763179 7.97549
8854493 3255532 8.26604
8854493 11722288 10.0348
8854493 8175364 10.0833
8854493 11829250 10.111
8854493 842536 10.1335
8854493 7676436 10.3454
8854493 10287947 11.2955
8854493 14777471 11.8106
8854493 828572 12.206
8854493 6011584 12.6112
8854493 1607503 12.8821
8854493 14626038 13.9493
8854493 10271594 14.118
8854493 15198926 14.3052
8854493 1979016 14.5539
8854493 2032363 15.6823
8854493 537878 16.4167
8854493 16405088 16.4396
8854493 11268075 17.0368
8854493 8626010 17.0963
8854493 8953468 17.4148
8854493 12969238 17.6565
8854493 11456331 17.661
8854493 4972748 18.2691
8854493 14396927 18.5263
8854493 1554463 18.8926
8854493 5999801 19.0924
8854493 5360987 19.1094
8854493 2113730 19.1101
8854493 10680391 19.2255
8854493 10890228 19.8643
8854493 3630323 20.5915
8854493 8740723 20.6428
8854493 5530144 21.0336
8854493 13202219 22.8011
8854493 12701707 22.8942
8854493 519917 23.1541
8854493 16407599 23.8973
8854493 7945852 24.0504
8854493 5025906 24.0936
8854493 15958265 24.2146
8854493 12040637 25.1661
8854493 12740432 25.36
8854493 6380091 25.5047
8854493 4976805 25.511
8854493 13948528 25.7184
8854493 7088438 26.0577
8854493 5409339 26.1785
8854493 4911804 27.3332
8854493 3062500 27.5205
8854493 8254161 27.7471
8854493 9134138 28.0726
8854493 4306168 28.1555
8854493 6706149 28.1812
8854493 16215843 28.3355
8854493 13559506 28.3582
8854493 8258837 29.4139
8854493 1970888 30.1159
8854493 12052057 30.4366
8854493 14766171 30.8354
8854493 14461371 31.3253
8854493 10513472 31.3517
8854493 2599772 31.4042
12829401 4408547 0.45517
12829401 587199 0.941908
12829401 10124826 1.45414
12829401 4976228 1.78898
12829401 8184328 1.93951
12829401 15467445 2.28424
12829401 1584681 2.36403
12829401 16270526 2.98354
12829401 16764927 3.10637
12829401 11136281 3.5553
12829401 11521447 3.71734
12829401 334855 4.05887
12829401 3122545 4.52174
12829401 13946419 4.81755
12829401 6071551 5.55889
12829401 9414072 5.68234
12829401 16027387 5.94537
12829401 11151818 7.08285
12829401 12108354 7.23149
12829401 9936328 8.24189
12829401 10394062 8.47829
12829401 6772385 8.59734
12829401 16539464 8.77993
12829401 366879 8.81894
12829401 12837433 8.88308
12829401 5589487 9.90466
12829401 2771528 11.5121
12829401 3914166 11.5763
12829401 11074926 11.9364
12829401 3718182 12.1289
12829401 3867595 12.8173
12829401 8980586 13.8249
12829401 8840549 14.0386
12829401 5416038 14.1209
12829401 10646087 14.1336
12829401 11169657 14.4696
12829401 14255181 14.62
12829401 3482585 15.4151
12829401 13238871 15.4422
12829401 6741724 15.5096
12829401 15272598 15.7633
12829401 8116633 16.3081
12829401 6469867 16.3695
12829401 10838007 16.626
12829401 4368908 16.988
12829401 11992900 17.0334
12829401 10728293 17.1357
12829401 13962484 17.246
12829401 16548282 17.4202
12829401 15869723 17.9019
12829401 11168346 17.9859
12829401 215224 18.1149
12829401 9786126 18.2007
12829401 12095437 18.3016
12829401 2245741 18.6893
12829401 11697803 18.7121
12829401 10523528 18.8082
12829401 4564049 19.1756
12829401 15154056 19.2479
12829401 2648043 19.4477
12829401 11601147 20.3241
12829401 4864132 21.111
12829401 13951025 21.8588
12829401 8257192 22.5789
12829401 1279564 22.7921
12829401 4214860 22.981
12829401 14844687 23.0321
12829401 7908173 23.9284
12829401 1914151 24.4476
12829401 15562841 25.2986
12829401 9692631 26.6055
12829401 2878470 26.917
12829401 13478158 26.9442
12829401 10232918 27.5383
12829401 12894395 29.5636
15937845 10766829 0.18888
15937845 2291665 0.754421
15937845 13516314 1.36661
15937845 16678244 1.54788
15937845 16230432 2.34466
15937845 491477 2.94655
15937845 4658726 4.00258
15937845 3524175 4.04486
15937845 15206345 4.40479
15937845 7647030 4.44621
15937845 13993301 4.99438
15937845 7530972 6.2989
15937845 14079428 7.71508
15937845 12491278 7.81727
15937845 4021574 7.97439
15937845 6509290 8.09875
15937845 291842 8.87777
15937845 6874053 9.03279
15937845 3745523 9.72862
15937845 5720480 10.1134
15937845 12515491 10.2674
15937845 521175 11.3126
15937845 7591903 11.4739
15937845 10130737 11.9179
15937845 6320396 12.6607
15937845 2686097 12.9518
15937845 13626165 13.8143
15937845 11611482 15.0184
15937845 9136429 15.0883
15937845 6780470 15.1973
15937845 472947 16.7879
15937845 538457 16.9446
15937845 4110659 17.0075
15937845 14690328 17.0243
15937845 422740 17.4606
15937845 14701719 17.6205
15937845 1499914 18.6945
15937845 15335240 19.5524
15937845 1325410 19.7418
15937845 7807593 20.2837
15937845 197388 20.4931
15937845 297793 20.5121
15937845 16559808 20.5437
15937845 15584127 20.862
15937845 13962381 20.9937
15937845 10795227 21.3363
15937845 14173017 21.4998
15937845 15450052 22.2149
15937845 1669196 22.5302
15937845 5058000 22.8242
15937845 11565632 23.1632
15937845 14538460 23.5395
15937845 820430 23.7693
15937845 3163994 24.5495
15937845 2008846 24.8601
15937845 316010 25.3572
15937845 3251202 25.5021
15937845 8904251 26.2324
15937845 10543469 27.2285
15937845 11042996 28.0204
15937845 9920623 28.2578
15937845 15548021 28.7702
15937845 3618995 28.827
15937845 1979660 29.6285
15937845 5152400 30.175
15937845 5807559 30.2299
15937845 1061571 30.3126
15937845 10629016 30.4402
15937845 2142809 30.796
15937845 9220341 32.0752
15937845 8350970 32.2767
15937845 1265015 32.3135
15937845 2826177 32.5895
15937845 2682602 33.8254
15937845 2784953 33.9967
15937845 11189188 34.0269
15937845 846997 35.3262
15937845 5183455 35.9115
15937845 7273294 35.9918
10084026 85848 0.128212
10084026 177879 0.360244
10084026 12511173 0.52169
10084026 11766940 1.05584
10084026 4427431 1.19551
10084026 14858808 1.27505
10084026 8757598 1.34683
10084026 16104395 1.98272
10084026 16561221 2.42292
10084026 13891252 2.506
10084026 14728826 2.53593
10084026 4052780 2.90079
10084026 2121917 3.38281
10084026 11661940 3.54744
10084026 5232087 3.8536
10084026 4162442 5.39126
10084026 13841428 6.37962
10084026 8309653 6.41637
10084026 6300006 6.43474
10084026 11723511 6.55171
10084026 11832260 6.92217
10084026 9803329 7.48204
10084026 12594868 8.3774
10084026 4135786 8.42023
10084026 14741987 8.64538
10084026 8580551 8.94802
10084026 14900602 9.07524
10084026 711076 9.35638
10084026 3324237 9.47042
10084026 14884485 9.75931
10084026 13609431 11.5739
10084026 4459247 11.7228
10084026 5931134 12.0628
10084026 4448057 12.4503
10084026 5605871 12.6124
10084026 3583429 12.9369
10084026 12724695 13.1731
10084026 1740436 13.4731
10084026 3040073 13.6121
10084026 11277540 14.4612
10084026 168282 15.2129
10084026 7764073 15.5086
10084026 13300624 15.9619
10084026 964070 16.4767
10084026 1999822 16.4932
10084026 5493958 16.6335
10084026 14991902 16.8237
10084026 8015216 18.3525
10084026 13613461 18.4218
10084026 16776741 18.7157
10084026 16438301 18.8813
10084026 8539081 19.2533
10084026 2925083 19.6858
10084026 752251 19.7912
10084026 221034 19.9268
10084026 14779573 20.1503
10084026 1936741 20.2623
10084026 10024595 20.3177
10084026 6339604 20.664
10084026 6696846 20.7281
10084026 7957737 21.1747
10084026 6917873 21.5734
10084026 14723095 22.1025
10084026 9382728 22.3717
10084026 7427484 23.2581
10084026 16755064 24.0399
10084026 208462 25.2378
10084026 15235239 25.4323
10084026 7352777 25.5661
10084026 11988386 25.9507
10084026 13389818 26.8179
10084026 16460041 27.0199
10084026 8911027 27.3408
10084026 6924959 27.4345
10084026 13788175 27.7601
10084026 543318 27.7849
10084026 9049383 27.991
10084026 12396314 28.9736
10084026 11702993 29.5273
10084026 6381607 29.5953
10084026 1709279 29.8554
14509029 7940175 0.334254
14509029 5422696 0.931194
14509029 15819095 0.959778
14509029 5187243 1.13633
14509029 11525858 1.23906
14509029 8064574 1.24469
14509029 5332147 1.47187
14509029 2140754 2.40727
14509029 14238473 2.63026
14509029 12459199 2.84513
14509029 13326617 3.3658
14509029 11674008 3.46278
14509029 15086744 4.00514
14509029 3335951 4.16059
14509029 5111516 4.39142
14509029 4499442 4.41331
14509029 11499318 4.94887
14509029 4906193 5.34195
14509029 11033701 6.48794
14509029 12808627 6.86647
14509029 7030429 6.90733
14509029 15885214 7.60357
14509029 14857606 8.24607
14509029 3795268 8.6211
14509029 1416571 8.71675
14509029 8405287 9.27298
14509029 3487578 9.56387
14509029 3893639 9.56711
14509029 14554593 9.67999
14509029 4925847 9.78976
14509029 608241 10.2087
14509029 9065269 12.7023
14509029 8124948 12.851
14509029 16037185 12.9277
14509029 7691305 13.3352
14509029 11578111 13.7926
14509029 14494144 14.219
14509029 7656652 14.4311
14509029 3088865 14.4536
14509029 7153864 15.1954
14509029 14060460 15.28
14509029 3077402 16.2255
14509029 7126008 17.4985
14509029 3101124 17.8829
14509029 10902295 17.906
14509029 5966187 18.2974
14509029 15173462 18.359
14509029 2891253 18.4501
14509029 9583862 18.7476
14509029 4942932 19.4456
14509029 7511869 19.7319
14509029 12578632 20.2536
14509029 975105 20.3493
14509029 15192094 21.9863
14509029 8755442 22.6696
14509029 10485790 23.3922
14509029 8756286 23.5362
14509029 14089771 23.9209
14509029 2421259 24.2651
14509029 6389574 24.2941
14509029 11986693 24.7024
14509029 1710052 25.0181
14509029 5947899 25.2692
14509029 11489766 25.58
14509029 472606 25.6789
14509029 5383877 25.9213
14509029 3220497 26.8326
14509029 8066381 26.8802
14509029 12617504 27.6271
14509029 3272176 27.6439
14509029 7146172 28.2451
14509029 190334 28.2983
14509029 6736495 28.4026
14509029 15634802 28.4603
14509029 10792878 28.6354
14509029 9222069 29.8592
14509029 14766078 30.092
14509029 12599113 31.3558
14509029 9784704 31.6811
14509029 2933987 33.0135
11424606 16562505 0.225988
11424606 13475337 0.439386
11424606 6957725 1.51422
11424606 10812980 1.68009
11424606 8205488 1.70956
11424606 15581331 1.9796
11424606 2616533 2.02864
11424606 2692421 2.83356
11424606 6046582 3.27626
11424606 11645388 3.96139
11424606 14132109 4.53849
11424606 14705812 5.28529
11424606 3057646 5.80501
11424606 13961460 6.0564
11424606 8287833 6.8724
11424606 7494796 7.22098
11424606 2150860 7.33966
11424606 5958195 8.46442
11424606 12174131 9.01982
11424606 5165624 9.07862
11424606 12023950 9.17318
11424606 10010851 9.19617
11424606 5926267 9.61566
11424606 2309323 9.70368
11424606 4091586 9.85254
11424606 8214040 10.7564
11424606 4439575 11.1145
11424606 1972793 11.2239
11424606 9223269 11.3872
11424606 955255 11.4228
11424606 10043466 12.4297
11424606 16639842 12.4406
11424606 6759159 12.4628
11424606 15257715 12.8381
11424606 6119730 14.3486
11424606 7134190 14.8098
11424606 15650833 15.6459
11424606 9034047 15.7014
11424606 14053029 16.1263
11424606 16173801 16.3388
11424606 9917571 16.5841
11424606 14342779 16.6204
11424606 5905550 16.6309
11424606 13687083 16.6622
11424606 6017406 18.5732
11424606 13050305 18.6029
11424606 2245492 20.0398
11424606 11769772 20.1685
11424606 15786443 20.5893
11424606 1237336 20.7645
11424606 5281001 20.8349
11424606 9425186 20.862
11424606 901697 20.9502
11424606 7062649 21.2347
11424606 15025901 21.3772
11424606 10523816 21.3969
11424606 4548208 21.6578
11424606 5868372 22.7331
11424606 6527810 22.879
11424606 9449386 23.3282
11424606 7700984 23.4792
11424606 7531592 24.1779
11424606 5829599 24.9244
11424606 1391227 25.7436
11424606 16736399 25.9266
11424606 2246694 26.2856
11424606 15722493 26.4658
11424606 9573742 26.5097
11424606 8362020 27.6512
11424606 6543536 27.8386
11424606 8483440 28.249
11424606 14804121 28.7171
11424606 3582630 28.8112
11424606 732872 28.8733
11424606 16231208 29.36
11424606 15891107 29.6772
11424606 10610277 29.9734
11424606 6508190 30.5893
11424606 4972827 30.631
11424606 12509598 30.6634
7222706 1671184 0.169743
7222706 5719774 1.26598
7222706 10629679 1.76906
7222706 5721207 2.53672
7222706 3241534 3.73771
7222706 3123726 5.14371
7222706 5953769 5.32299
7222706 3928251 5.73707
7222706 10739663 6.72537
7222706 9145411 7.16178
7222706 8563991 7.87079
7222706 725565 7.96507
7222706 1107933 8.05579
7222706 3535138 8.07257
7222706 13834852 8.79299
7222706 13618676 9.19322
7222706 11337199 9.85617
7222706 4984996 10.2532
7222706 11697041 10.3825
7222706 12833621 10.591
7222706 9537402 10.6421
7222706 15134642 10.8708
7222706 12520999 10.9331
7222706 14821320 11.7252
7222706 16114127 11.7658
7222706 2307252 12.9525
7222706 1944419 13.3987
7222706 11253811 14.1424
7222706 10518842 14.5819
7222706 14956450 14.6439
7222706 16318967 14.7918
7222706 3598717 15.0582
7222706 3557170 15.1707
7222706 15633933 15.4338
7222706 9630961 15.5288
7222706 15189731 15.8782
7222706 4989788 16.2251
7222706 10485639 16.4815
7222706 16323549 16.6347
7222706 2513706 16.7322
7222706 11901330 17.8822
7222706 6711203 18.0476
7222706 156246 18.6075
7222706 14885799 18.7757
7222706 13372230 19.9867
7222706 15910177 20.8711
7222706 13665690 20.8778
7222706 15737368 21.0277
7222706 12808672 21.055
7222706 7673392 21.2523
7222706 9201245 21.4083
7222706 13093367 21.4973
7222706 16592423 22.6442
7222706 11507850 23.1497
7222706 10618388 23.405
7222706 1630649 23.7987
7222706 9370098 23.9274
7222706 9512341 24.5993
7222706 5538649 24.782
7222706 8095251 25.1042
7222706 6316900 25.7246
7222706 2038414 25.7297
7222706 10941087 25.8243
7222706 3762352 25.8266
7222706 1169526 25.8544
7222706 16509591 26.0489
7222706 4478694 26.3911
7222706 3164869 26.4029
7222706 12427105 26.5447
7222706 1945720 26.6035
7222706 3656801 26.7105
7222706 8818118 27.0666
7222706 5628030 27.1735
7222706 6778953 27.2822
7222706 2472021 27.7017
7222706 10698345 27.8713
7222706 11667318 28.139
7222706 1818286 28.4052
7222706 6754968 28.4105
7222706 9935958 29.1749
7222706 4928122 29.4498
7222706 9792988 30.5981
7222706 166006 30.6337
7222706 14902515 30.8252
7222706 6451336 31.3128
7222706 9967808 31.7716
7222706 9948950 31.8559
7222706 4111477 32.1035
7222706 16348864 32.3217
7222706 3854834 32.6307
7222706 6359012 32.7271
7222706 10144973 32.9524
7222706 13762350 33.8145
7222706 9976293 33.8862
7222706 5881390 34.2947
7222706 6420392 34.4154
7222706 11934283 34.8363
7222706 11771392 35.1818
7222706 10514400 35.2107
7222706 6330566 154.155
7222706 7322433 155.698
7222706 3863347 157.443
7222706 422264 158.174
2572794 4043821 0.336675
2572794 11546980 0.339405
2572794 15446048 0.596072
2572794 11431714 0.722811
2572794 13429824 0.758423
2572794 3145470 0.773595
2572794 10254880 0.863313
2572794 15005956 0.921906
2572794 261749 0.98063
2572794 1888041 1.38173
2572794 425771 1.61585
2572794 13275640 1.65769
2572794 2015455 1.75839
2572794 13637139 2.61228
2572794 4009136 2.77704
2572794 10493057 2.78204
2572794 15288989 2.81708
2572794 693052 2.888
2572794 12294072 3.21768
2572794 9898195 3.24175
2572794 2869275 3.37516
2572794 11046196 3.57748
2572794 10160921 3.84744
2572794 726414 3.86354
2572794 10761922 4.00566
2572794 1494981 5.02873
2572794 5857293 5.03651
2572794 6281843 5.7195
2572794 2187988 5.812
2572794 13294433 6.0552
2572794 14715730 6.26049
2572794 6813385 6.38687
2572794 13763467 6.47808
2572794 16148640 6.55896
2572794 4778521 6.82363
2572794 8809858 6.84042
2572794 15642337 6.91676
2572794 3293296 7.14267
2572794 4595317 7.30506
2572794 5239822 7.3945
2572794 15267119 7.73935
2572794 12958925 7.77135
2572794 12746529 8.00395
2572794 3485629 8.34008
2572794 5176252 8.62665
2572794 15587482 8.8772
2572794 9453672 8.9401
2572794 6322746 9.24589
2572794 10496290 9.6232
2572794 2926218 9.64842
2572794 2396311 9.64859
2572794 10356700 9.77558
2572794 12638358 10.4003
2572794 5395599 10.4537
2572794 11867681 10.6774
2572794 11773550 10.824
2572794 2971748 11.1801
2572794 8591950 11.3832
2572794 8973474 11.8756
2572794 8006008 12.0492
2572794 13764470 12.076
2572794 13685067 12.5049
2572794 13115278 12.8882
2572794 5247696 13.0837
2572794 12210827 13.3236
2572794 6057428 13.5137
2572794 11625471 13.6014
2572794 8531055 13.8909
2572794 16430033 13.9866
2572794 15735313 14.6245
2572794 8648663 14.6955
2572794 2825518 14.7784
2572794 16513539 14.9753
2572794 16336579 15.0612
2572794 10517934 15.209
2572794 12977481 15.3324
2572794 13855126 15.348
2572794 570156 15.4568
2572794 16504267 15.7947
2572794 12867627 16.0245
2572794 11468048 16.9152
2572794 14051765 17.3079
2572794 8715196 17.3723
2572794 15553974 17.572
2572794 2477826 17.8489
15498877 10688172 0.0990495
15498877 4418885 0.452915
15498877 11640365 0.572078
15498877 3613164 0.799252
15498877 14026407 1.0453
15498877 5799822 1.07469
15498877 3498953 1.15981
15498877 16603822 1.25752
15498877 15128120 1.27977
15498877 6525419 1.53414
15498877 6898742 1.72854
15498877 2260504 1.73104
15498877 1120031 1.77802
15498877 13346345 1.98711
15498877 1844 2.06339
15498877 629688 2.11297
15498877 7040869 2.37412
15498877 2488166 2.55371
15498877 5594906 2.67371
15498877 823458 2.92655
15498877 4207132 3.0607
15498877 11137428 3.24733
15498877 2285149 3.43004
15498877 3363032 3.53664
15498877 13441265 3.88724
15498877 10184059 3.93878
15498877 3744631 3.95729
15498877 15035966 3.97769
15498877 9824146 4.05986
15498877 729309 4.90424
15498877 9770392 5.0637
15498877 9284220 5.22415
15498877 13281353 5.37243
15498877 8852830 5.6621
15498877 14930698 5.92809
15498877 3968167 5.94314
15498877 6618834 6.2731
15498877 9916242 6.28671
15498877 3385063 6.38646
15498877 10192695 6.61269
15498877 1344165 6.77859
15498877 11715674 6.90531
15498877 1747805 6.91353
15498877 4643472 6.97198
15498877 5979866 7.04032
15498877 1847427 7.08247
15498877 11176919 7.12216
15498877 15815206 7.4259
15498877 9376000 7.43384
15498877 5691328 7.70413
15498877 3143621 8.03076
15498877 1859689 8.31481
15498877 13227194 8.75329
15498877 4092076 8.75465
15498877 5300775 8.81645
15498877 14804992 9.02346
15498877 13075175 9.21607
15498877 201376 9.56757
15498877 2708039 9.58382
15498877 4158217 9.87093
15498877 3912740 9.93068
15498877 5456293 9.98988
15498877 10538328 10.0636
15498877 11610141 10.2467
15498877 5664797 10.4169
15498877 13549263 10.4649
15498877 8886584 10.524
15498877 13297461 10.5944
15498877 5094587 10.6575
15498877 7001761 10.7316
15498877 14565529 11.201
15498877 15416445 11.6391
15498877 10563416 19
15498877 5681638 11.7733
15498877 16318349 12.1719
15498877 7322897 12.7007
15498877 13352823 12.73
15498877 4553556 13.2044
15498877 10734305 13.466
15498877 2703559 13.5162
15498877 9278261 13.696
15498877 11160353 13.9798
15498877 5476575 15.0418
15498877 15754604 15.3168
13384228 13848178 0
13384228 2895357 0
13384228 2933189 0
13384228 569260 0
13384228 10111696 0
13384228 12503169 0
13384228 541588 0
13384228 6669671 0
13384228 4278070 0
7013652 7166832 0.131468
7013652 1001677 0.157938
7013652 7749261 0.240907
7013652 5078090 0.937672
7013652 6142889 1.69037
7013652 5147089 1.81635
7013652 3231044 1.98395
7013652 234862 2.07541
7013652 1592323 2.50243
7013652 15424261 2.67954
7013652 16124066 2.71953
7013652 9219567 2.80938
7013652 10037363 3.16816
7013652 4649822 3.36637
7013652 11516866 3.38248
7013652 5521754 3.96247
7013652 6406453 3.98194
7013652 12788061 4.21858
7013652 14224559 4.50292
7013652 10944648 4.51733
7013652 10361797 4.64939
7013652 10329382 4.85644
7013652 1577922 4.95443
7013652 4643387 5.59841
7013652 2662154 5.88649
7013652 906810 6.02892
7013652 3405138 6.30553
7013652 7915080 6.71882
7013652 1436662 6.84934
7013652 1015074 6.85044
7013652 2501289 6.96196
7013652 15748176 7.31583
7013652 14959288 7.37157
7013652 13271476 7.73884
7013652 2757313 7.83701
7013652 10941063 8.17973
7013652 2159542 8.22236
7013652 10510245 8.51325
7013652 8904257 8.63845
7013652 6362520 8.81376
7013652 9100285 8.85814
7013652 9823029 9.03406
7013652 1517141 9.33849
7013652 10337182 9.38074
7013652 16462136 9.65937
7013652 15992555 9.68998
7013652 11451049 9.7182
7013652 10339197 9.85247
7013652 2911875 10.1479
7013652 13088176 10.2622
7013652 16532294 10.3151
7013652 5813135 10.4788
7013652 5296568 11.2337
7013652 15328219 11.7054
7013652 1552944 12.3762
7013652 5067000 12.5592
7013652 6178629 12.8417
7013652 10664904 12.9499
7013652 3849794 13.4004
7013652 10090150 13.4414
7013652 14459037 13.4644
7013652 5177581 13.7135
7013652 2491254 13.7444
7013652 6222762 13.7993
7013652 5375446 14.4182
7013652 1633518 14.5087
7013652 15003552 14.603
7013652 267244 14.6309
7013652 16727233 14.8494
7013652 15484920 14.8626
7013652 11455250 14.8933
7013652 12108240 15.8413
7013652 1887823 16.4737
7013652 1501254 16.52
7013652 2090929 17.0848
7013652 4385090 17.1946
7013652 1300521 17.345
7013652 1744164 17.6127
7013652 15144310 17.6801
7013652 3863222 17.8125
7013652 11848547 17.9771
5944533 14002585 0.014436
5944533 15282350 0.910075
5944533 15427107 0.92184
5944533 14756312 1.10281
5944533 15916450 1.25317
5944533 3936822 1.48783
5944533 6333991 1.48965
5944533 62999 1.63576
5944533 14346857 1.90566
5944533 11317915 2.47471
5944533 10326963 2.73814
5944533 11983941 2.82219
5944533 7371520 3.3235
5944533 10566838 3.82227
5944533 11125389 3.93414
5944533 201902 4.10425
5944533 4251399 4.16689
5944533 4216404 4.2568
5944533 761545 4.44115
5944533 13379490 4.54161
5944533 6164127 5.22644
5944533 1231879 5.494
5944533 12143020 6.43458
5944533 12375702 6.48847
5944533 10741791 6.50464
5944533 2432721 6.61996
5944533 1547206 6.82511
5944533 16445627 7.08004
5944533 3431063 7.14442
5944533 12700649 7.23707
5944533 5441506 7.37913
5944533 192340 7.47617
5944533 2350052 7.62338
5944533 11194566 7.63744
5944533 3884946 7.74776
5944533 16632693 8.12597
5944533 13625181 8.19908
5944533 3848915 8.29284
5944533 10588512 8.47092
5944533 5933585 8.85381
5944533 1913784 9.03844
5944533 6429455 9.31657
5944533 14433432 9.64426
5944533 1456958 9.80256
5944533 3765267 10.3501
5944533 14510609 10.8219
5944533 7511946 10.8333
5944533 8073251 10.8573
5944533 8082054 10.8718
5944533 11510374 10.9355
5944533 14671131 10.97
5944533 5955424 11.2337
5944533 12190204 11.3104
5944533 10012102 11.6192
5944533 9243347 11.9843
5944533 8628656 12.3053
5944533 8790437 12.9256
5944533 14428653 13.0903
5944533 15008908 13.6493
5944533 3347648 13.6796
5944533 13336112 13.7415
5944533 4763885 13.8349
5944533 9905043 14.2325
5944533 12359300 14.9773
5944533 5826035 15.0628
5944533 7134194 15.0908
5944533 12874181 15.1691
5944533 14370071 15.4181
5944533 8399012 15.9597
5944533 7177769 16.0867
5944533 2732919 16.2918
5944533 16130222 16.5172
5944533 815043 16.6722
5944533 12452864 16.7201
5944533 1865928 16.8112
5944533 1515208 16.9276
5944533 6149446 17.2278
5944533 2889547 17.3178
5944533 3102733 17.437
5944533 12196794 17.7278
5944533 367032 17.8567
308804 8384598 0.0992325
308804 503015 0.303196
308804 3418468 0.543756
308804 14826102 0.716767
308804 3734304 0.7786
308804 14103369 1.00342
308804 5493651 1.09248
308804 2030039 1.12326
308804 1540246 1.14233
308804 15692846 1.50173
308804 1403278 1.95907
308804 7621036 2.12584
308804 5559486 2.35976
308804 14033796 2.40987
308804 10423143 2.81151
308804 4465801 2.84551
308804 190566 3.23504
308804 723582 3.30361
308804 11078045 3.53997
308804 10957729 3.61909
308804 1798985 4.27044
308804 10111230 4.47282
308804 4115379 4.54321
308804 2445965 4.75586
308804 15954174 5.09835
308804 3263908 5.81101
308804 6327384 5.97806
308804 9800905 6.33019
308804 463239 6.67477
308804 15515070 6.82504
308804 8696764 7.18922
308804 2466562 7.29863
308804 902136 7.42967
308804 4810511 7.47967
308804 6034629 7.74095
308804 6575236 7.78527
308804 10868825 8.05544
308804 6316510 8.13884
308804 13403434 8.25322
308804 3436978 8.93732
308804 4651913 9.26479
308804 7708386 9.35302
308804 4259467 9.65029
308804 4909926 9.67768
308804 8440145 9.74088
308804 13523512 9.79461
308804 2042989 9.82822
308804 13092514 9.83214
308804 2992569 9.90043
308804 1341158 9.92183
308804 14229845 9.95945
308804 10561672 10.2203
308804 7849883 10.5014
308804 1365182 10.7161
308804 2875986 10.7185
308804 10118352 10.7848
308804 2049622 11.0834
308804 6599605 11.318
308804 1879090 11.3195
308804 321612 11.3878
308804 7621966 11.4198
308804 16092742 11.4986
308804 415391 11.65
308804 7356119 12.136
308804 4561340 12.1775
308804 16358170 12.5029
308804 10457676 12.5238
308804 14331734 12.5344
308804 10901443 12.7152
308804 1506050 12.7798
308804 8545420 12.8771
308804 3951309 12.9731
308804 4298203 13.2864
308804 15116823 13.3113
308804 10510455 13.5709
308804 6664079 13.9556
308804 12012050 14.0306
308804 718930 14.0928
308804 12983902 14.1513
308804 5035826 14.2244
308804 7279404 14.5719
308804 460148 14.7252
308804 10092786 85.4288
4845626 15464487 0.32621
4845626 9259724 0.609741
4845626 16037792 0.843355
4845626 12417500 0.992719
4845626 7489872 1.06572
4845626 15928499 1.0901
4845626 15665550 1.16211
4845626 870532 1.18257
4845626 15530885 1.30927
4845626 5667556 1.45511
4845626 13400967 1.65212
4845626 13338684 2.10585
4845626 12405377 2.20578
4845626 7181846 2.5641
4845626 3983465 2.69461
4845626 3091323 2.83834
4845626 15652319 3.31893
4845626 2141076 3.40069
4845626 813023 3.70786
4845626 12404579 3.7306
4845626 2982119 3.734
4845626 9716713 3.80018
4845626 14927193 3.92924
4845626 7522462 3.94515
4845626 15948063 4.28427
4845626 10724560 4.37933
4845626 4799635 4.63688
4845626 6049482 5.21033
4845626 5543100 5.22602
4845626 2522641 5.41034
4845626 13991742 5.58996
4845626 3296357 5.64738
4845626 5813621 5.6783
4845626 4672403 6.20892
4845626 3757118 6.4233
4845626 4902914 6.4807
4845626 4713813 6.71275
4845626 12081511 6.75573
4845626 2453406 6.82482
4845626 478394 8.00707
4845626 10661396 8.15387
4845626 9394569 8.61505
4845626 13449493 8.62728
4845626 5957052 8.66464
4845626 15729353 9.1563
4845626 3718817 9.30667
4845626 2909870 9.58712
4845626 8152567 10.0653
4845626 5594354 10.1708
4845626 10407701 10.4637
4845626 2493439 10.9176
4845626 2165277 11.1296
4845626 7082987 11.4984
4845626 14924992 12.4037
4845626 3864514 12.9617
4845626 13561109 13.2428
4845626 4618544 13.3387
4845626 5396575 13.5821
4845626 1902117 13.6117
4845626 543308 13.8117
4845626 10074495 13.9097
4845626 7115461 14.1737
4845626 12149862 15.2159
4845626 11253742 15.2576
4845626 10198201 15.5366
4845626 11201867 15.5391
4845626 680250 15.6676
4845626 7273763 15.6885
4845626 16177631 16.1109
4845626 15102671 16.1493
4845626 8887027 17.3834
4845626 7333388 17.6786
4845626 6674863 17.742
4845626 11002297 103.864
4845626 14185668 105.586
4845626 14883620 106
4845626 13730314 106
4845626 11266893 106
4845626 10646458 106
15259619 10339923 0.021572
15259619 3575779 0.191933
15259619 11574319 0.344255
15259619 14174225 0.451407
15259619 1014902 0.503363
15259619 8662778 0.796535
15259619 5552783 1.40088
15259619 10084403 1.5234
15259619 9121132 1.82905
15259619 515072 2.04065
15259619 1640499 2.12819
15259619 3219315 2.31061
15259619 4176680 2.52717
15259619 14410389 2.61194
15259619 10846883 2.90552
15259619 3069341 3.53841
15259619 3199741 4.397
15259619 9515335 4.48425
15259619 16102408 5.29878
15259619 9218198 5.34881
15259619 5756086 5.3757
15259619 14500995 5.38144
15259619 10941398 5.97166
15259619 406613 6.08018
15259619 13490847 6.39585
15259619 7806849 6.43743
15259619 12389429 6.44758
15259619 7401725 6.90263
15259619 6685048 6.9616
15259619 2842351 7.35446
15259619 14116437 7.78506
15259619 6523105 7.85906
15259619 831065 7.86118
15259619 4770894 7.92511
15259619 11920750 8.02448
15259619 2841806 8.04799
15259619 3150217 8.66273
15259619 12700298 8.94929
15259619 16770700 9.57922
15259619 4561632 10.1083
15259619 12945119 10.3344
15259619 6438808 10.4661
15259619 5663483 10.5337
15259619 257106 10.5554
15259619 13974993 10.8094
15259619 11322183 10.8142
15259619 4206122 10.866
15259619 4981986 10.8891
15259619 2822974 11.0542
15259619 733817 11.096
15259619 9315785 11.1011
15259619 13464536 11.1628
15259619 222837 11.6734
15259619 14604049 11.8951
15259619 11449419 12.2002
15259619 13978499 12.3406
15259619 15527259 12.505
15259619 8639761 12.6878
15259619 1335569 12.869
15259619 13958622 12.9962
15259619 4624345 13.0217
15259619 8341507 13.3219
15259619 3901837 13.5337
15259619 13829153 13.7835
15259619 15744848 14.3641
15259619 728695 14.3848
15259619 13022731 14.558
15259619 6824182 14.5641
15259619 1401876 14.5656
15259619 16430206 14.6571
15259619 13451427 15.1105
15259619 6176994 15.248
15259619 15797823 15.4135
15259619 13367848 15.8444
15259619 7550255 16.0739
15259619 15708207 16.3665
770401 7488595 0.614399
770401 12812201 0.811006
770401 10361380 0.933515
770401 3233677 1.222
770401 15896457 1.35147
770401 9379359 1.45383
770401 5643317 2.23274
770401 16150453 2.66206
770401 8416688 3.37896
770401 7900628 4.01302
770401 13784070 4.74497
770401 9228572 4.76524
770401 12355344 4.76862
770401 3733032 4.86061
770401 9987632 5.29455
770401 13444996 5.58019
770401 15990620 5.63076
770401 6400919 5.84521
770401 8858134 6.25288
770401 3687226 6.66642
770401 2690471 6.75168
770401 2839525 6.76033
770401 4515137 6.80609
770401 6554850 7.22875
770401 13486215 7.31251
770401 16172987 7.5513
770401 828711 7.57839
770401 13177887 8.49208
770401 14255009 9.03987
770401 13824679 9.61919
770401 10435702 9.70531
770401 11361623 9.81959
770401 7349627 10.6256
770401 10444311 11.636
770401 15423063 11.9103
770401 878820 12.1858
770401 11195559 12.7137
770401 8377925 12.7624
770401 7283410 13.1933
770401 5092029 14.4537
770401 5833793 14.5186
770401 1047189 15.8588
770401 10792284 15.8826
770401 8444314 16.0264
770401 3988153 16.1312
770401 10375327 16.185
770401 13276891 16.1921
770401 14668287 16.6722
770401 7325866 17.032
770401 2830344 17.347
770401 6392090 17.4121
770401 598558 18.3645
770401 10373466 18.3718
770401 10204245 18.3832
770401 15105140 18.7561
770401 10806557 19.2551
770401 7762996 19.2621
770401 12012151 19.8285
770401 15207550 20.0182
770401 3300860 20.0878
770401 4524494 20.2879
770401 12403832 20.617
770401 3131689 20.8424
770401 14396317 21.4214
770401 4067016 21.4684
770401 111802 22.3325
770401 1878970 22.5095
770401 11089918 22.7685
770401 6480288 22.8081
770401 16727168 23.2523
770401 13977344 24.2025
770401 13615594 24.2493
770401 141286 24.7065
770401 584123 25.0631
770401 1953764 25.16
770401 13875203 25.2807
770401 16515567 26.2364
770401 11545348 26.4154
770401 8556401 26.5764
7739774 7426662 0.320394
7739774 5274744 1.43947
7739774 16100656 1.95711
7739774 4798872 1.99793
7739774 15174316 2.42296
7739774 3860635 3.01528
7739774 12090482 3.04084
7739774 12361893 3.32992
7739774 4988410 3.61674
7739774 16375085 4.48677
7739774 12231941 4.67133
7739774 11168365 4.82589
7739774 10625870 5.17497
7739774 10409885 5.42012
7739774 1812422 7.03965
7739774 8319730 7.75324
7739774 2826566 7.78367
7739774 8243208 7.97461
7739774 9063685 8.0797
7739774 3945599 8.82101
7739774 4885080 9.52355
7739774 16072629 9.70395
7739774 15620010 10.3455
7739774 14093129 10.464
7739774 5948208 10.7677
7739774 4403614 10.9445
7739774 5006376 11.1622
7739774 6906121 11.2105
7739774 16519699 12.3794
7739774 2430585 12.6571
7739774 7710495 13.6705
7739774 15013250 13.6969
7739774 3102303 13.704
7739774 13823612 14.2952
7739774 4308214 16.1418
7739774 2428730 18.2326
7739774 9535486 18.2485
7739774 13430408 19.8782
7739774 3277582 20.3006
7739774 6296447 20.3265
7739774 9555967 20.6115
7739774 13330109 21.9077
7739774 11104686 22.6435
7739774 5028239 22.6892
7739774 5788911 22.8705
7739774 11228657 22.8795
7739774 11870464 23.3791
7739774 14905518 23.864
7739774 13834714 24.6755
7739774 13088105 24.7441
7739774 12761979 25.2341
7739774 15911457 25.6714
7739774 6625785 25.9632
7739774 3048421 26.1654
7739774 8790949 27.9048
7739774 14943178 28.2983
7739774 15414856 28.4465
7739774 16347270 28.5567
7739774 2932590 30.5337
7739774 12764374 30.9978
7739774 3236427 31.1858
7739774 10442099 31.3006
7739774 16308451 31.6867
7739774 15110952 33.0942
7739774 5526039 33.3795
7739774 5707985 33.5922
7739774 4321661 33.9392
7739774 8611676 34.2157
7739774 15074970 34.3925
7739774 11355974 34.727
7739774 10099636 36.3923
7739774 12062640 36.6438
7739774 1804603 37.2885
7739774 15223658 37.7455
7739774 14190794 37.8414
7739774 8157079 38.1003
7739774 12993828 38.5065
7739774 121519 39.4663
7739774 16245202 39.6981
7739774 10775030 40.0846
2605778 14020376 0.800964
2605778 12401383 1.28108
2605778 10692153 1.44336
2605778 14263145 1.78771
2605778 14688103 1.99307
2605778 2378784 2.23232
2605778 2836555 2.36522
2605778 14427269 3.22796
2605778 2201822 3.28388
2605778 2384625 3.29702
2605778 10338299 4.10246
2605778 15787579 5.29829
2605778 2387970 5.86404
2605778 9990640 5.92888
2605778 8780818 6.1551
2605778 9765390 6.21268
2605778 7691575 6.23516
2605778 4504531 6.59336
2605778 9392128 6.86346
2605778 14992882 8.46496
2605778 8848652 9.59052
2605778 13146360 9.73579
2605778 2916822 10.9429
2605778 11923463 11.3082
2605778 6344580 11.8116
2605778 15788427 12.1314
2605778 7573180 12.3413
2605778 7344240 12.7839
2605778 16217662 13.1801
2605778 16106623 13.3485
2605778 11069785 13.451
2605778 12607688 14.0392
2605778 14132595 14.5689
2605778 8292492 14.7169
2605778 2957299 15.4251
2605778 4187991 16.3925
2605778 3176635 16.395
2605778 8374721 17.3801
2605778 16464902 17.9119
2605778 2710020 18.5682
2605778 9833113 18.6227
2605778 7609763 19.8685
2605778 7335899 20.615
2605778 13862681 21.1343
2605778 4420910 21.5509
2605778 15734139 23.6914
2605778 11714969 23.6941
2605778 536096 24.3372
2605778 2505180 24.5871
2605778 130522 24.8914
2605778 214565 24.9051
2605778 2497846 24.9271
2605778 13457110 25.1013
2605778 15757403 25.1698
2605778 4277603 26.9337
2605778 16284112 27.0059
2605778 14060606 27.0175
2605778 9526090 27.2006
2605778 16117694 27.4147
2605778 15698798 27.4149
2605778 11901601 27.9686
2605778 15061706 28.0114
2605778 7436123 28.919
2605778 9791445 29.3265
2605778 5060190 29.3552
2605778 13753618 29.8874
2605778 4729243 30.0071
2605778 12030636 30.1899
2605778 16596013 30.7893
2605778 16514551 31.238
2605778 8102314 31.9923
2605778 16530771 32.3965
2605778 1199839 32.4925
2605778 3790025 32.6137
2605778 3707549 32.8828
2605778 14538505 33.2562
2605778 7840049 34.463
2605778 15400003 453.814
2605778 6621759 454
322702 1185104 0
322702 3577601 0
322702 3570489 0
322702 1243496 0
322702 8355739 0
322702 15518967 0
322702 1262400 0
322702 3653905 0
322702 5916642 0
322702 8308147 0
8375542 9663465 9.14068
8375542 4882252 9.16121
8375542 10976240 9.4872
8375542 13456719 9.69097
8375542 7173115 10.0111
8375542 2423669 10.1625
8375542 7987398 10.8635
8375542 15073896 10.9258
8375542 1959800 11.0823
8375542 4464055 11.1163
8375542 11990496 11.7612
8375542 13622774 11.8188
8375542 6475264 11.8283
8375542 1489138 11.9172
8375542 14660773 12.5443
8375542 10103472 12.5883
8375542 5992052 12.8023
8375542 10509662 12.9624
8375542 5122935 13.0049
8375542 13244322 13.0947
8375542 13247005 13.7398
8375542 3010096 14.1799
8375542 5944120 14.4424
8375542 7040939 14.7216
8375542 9915412 14.9688
8375542 1784256 15.1136
8375542 3352618 15.3577
8375542 2265986 15.4747
8375542 10822833 15.6265
8375542 3879705 15.7032
8375542 1813175 15.9982
8375542 1310197 16.0898
8375542 5238525 16.3422
8375542 10291135 16.6454
8375542 15010310 17.0304
8375542 7919804 17.4745
8375542 12806956 17.8331
8375542 4617000 18.0422
8375542 7227969 18.3298
8375542 10772412 18.5344
8375542 10157112 18.6731
8375542 6083381 19.3413
8375542 11432327 19.6613
8375542 4281280 19.7022
8375542 1274738 21.003
8375542 4100568 21.3117
8375542 4677998 21.3155
8375542 8131312 21.9021
8375542 461134 22.6897
8375542 5559436 24.0038
8375542 11899653 24.115
8375542 9158542 24.6896
8375542 9183423 24.7871
8375542 15177634 24.9868
8375542 3085823 25.1932
8375542 1327163 25.295
8375542 8451990 25.3384
8375542 10831198 25.4952
8375542 10890220 26.1961
8375542 4966765 26.2272
8375542 9309598 26.5429
8375542 2490779 26.5719
8375542 3719490 26.6533
8375542 8629848 26.8674
8375542 9445579 27.5371
8375542 13560737 27.8171
8375542 12320267 28.0072
8375542 7731904 28.1199
8375542 8507672 28.5193
8375542 5339005 28.7475
8375542 5474549 29.2199
8375542 2844817 29.5591
8375542 14874485 29.7031
8375542 3354102 29.7898
8375542 2971633 29.9479
8375542 10949864 30.0021
8375542 10312624 30.5842
8375542 10609114 31.0282
8375542 4819968 31.8885
8375542 7534131 32.3985
8375542 15946460 33.0339
8375542 90907 33.1045
8375542 16105946 33.2673
8375542 16118734 33.8419
8375542 9067846 34.1207
8375542 10987332 34.4066
8375542 14135428 34.8706
8375542 2685029 34.9908
8375542 15846676 35.5835
8375542 2110088 36.1415
8375542 13548843 36.318
8375542 10736307 36.9775
8375542 5351300 37.7716
8375542 1407630 37.8113
8375542 5019634 38.0377
8375542 16097965 39.5812
8375542 10948462 40.3708
8375542 2116526 40.8269
8375542 9777501 41.0412
8375542 13230635 42.6966
8375542 13624128 43.304
8375542 15510253 43.3377
8375542 10951862 43.5777
8375542 13714388 43.9431
8375542 14095945 43.9722
8375542 1511589 44.6467
8375542 8297900 44.9852
8375542 1082371 45.6046
8375542 5055715 45.6138
8375542 4417862 45.9229
8375542 4380421 46.1271
8375542 13306348 46.6871
8375542 1045859 47.1805
8375542 6018787 47.4944
8375542 13902987 47.7446
8375542 11240961 50.5549
8375542 622478 50.7338
8375542 10844364 50.7894
8375542 14045176 50.8232
8375542 7944679 487
10310643 1537855 0.0943963
10310643 14986754 1.1331
10310643 14631784 1.56524
10310643 14163738 1.62558
10310643 6721111 2.00071
10310643 4129040 2.16922
10310643 1229885 2.50279
10310643 15775989 2.63464
10310643 15124516 2.68472
10310643 14109018 2.92093
10310643 8012014 3.10671
10310643 4936605 3.25407
10310643 8169250 3.27584
10310643 10089398 4.2404
10310643 5187938 4.34881
10310643 8620305 4.91405
10310643 7499810 5.0644
10310643 3736374 5.30544
10310643 10632783 5.33408
10310643 4877796 5.34917
10310643 5500578 5.43553
10310643 12329267 5.54389
10310643 15077032 5.79659
10310643 1438034 6.09989
10310643 5211665 6.14341
10310643 12006166 6.32567
10310643 2629321 6.57755
10310643 2475670 6.60143
10310643 1766524 7.86536
10310643 16394701 8.04942
10310643 1415547 8.20875
10310643 8035800 8.28662
10310643 6549273 8.36535
10310643 11800395 8.71484
10310643 9814219 8.76648
10310643 9698319 8.81843
10310643 1497480 8.87411
10310643 12474481 8.88071
10310643 14361309 9.6338
10310643 8014259 9.84138
10310643 2054037 9.90793
10310643 9575967 10.0751
10310643 838780 10.0777
10310643 9570830 10.08
10310643 12712147 10.4485
10310643 7385183 10.9258
10310643 15129293 11.1278
10310643 7867325 11.7761
10310643 14611556 11.8357
10310643 4028498 12.1516
10310643 8325093 12.2175
10310643 15830017 12.4
10310643 8092381 12.6816
10310643 13223553 13.1436
10310643 12339974 13.2134
10310643 15012796 13.2304
10310643 12500949 13.3384
10310643 1812054 13.3429
10310643 2354983 13.3486
10310643 10068666 13.4455
10310643 10777629 13.5416
10310643 10689876 13.6189
10310643 10185056 14.0324
10310643 6781642 14.0935
10310643 9566623 14.1218
10310643 4386660 14.4114
10310643 12543187 14.6937
10310643 15831493 15.2462
10310643 10486916 15.2585
10310643 3432321 15.2893
10310643 5592447 15.8421
10310643 9053412 15.9933
10310643 7228387 15.9958
10310643 9672506 16.0855
10310643 8768777 16.6842
10310643 6900315 16.8153
10310643 5849128 16.9631
10310643 11814092 17.0459
10310643 15847384 17.4726
10310643 10002773 17.6121
10310643 4357295 17.6409
10310643 14936548 17.7566
10310643 13867084 17.8103
10310643 3961877 17.899
10310643 6303743 18.019
10310643 8679502 18.2042
10310643 6771734 18.2248
10310643 7929529 18.4934
10310643 7739844 18.6033
10310643 12717876 18.7292
10310643 14292840 18.7533
10310643 12836811 19.1009
10310643 11061378 19.2168
10310643 10695401 19.5443
10310643 9538865 19.6271
10310643 2560991 19.6413
10310643 7529833 19.7139
10310643 11602429 19.9062
10310643 10085489 20.395
10310643 13550142 20.6864
10310643 2827585 21.1264
5325926 13315392 366.549
5325926 4732822 366.558
5325926 7273533 366.735
5325926 10347530 366.809
5325926 14962813 366.813
5325926 1502029 366.908
5325926 5542367 367.182
5325926 11601316 367.222
5325926 4534664 367.288
5325926 1450626 367.337
5325926 12380150 368.907
5325926 11924745 370.057
5325926 4755004 370.118
5325926 13523149 370.295
5325926 9512341 371.194
5325926 12338458 371.366
5325926 5538649 371.377
5325926 12848502 371.41
5325926 8095251 371.699
5325926 14325726 371.91
5325926 6316900 372.319
5325926 2038414 372.324
5325926 10941087 372.419
5325926 3762352 372.421
5325926 1169526 372.449
5325926 16509591 372.644
5325926 4478694 372.986
5325926 3164869 372.998
5325926 12427105 373.139
5325926 8442793 373.161
5325926 1945720 373.198
5325926 8832222 373.26
5325926 3656801 373.305
5325926 14494086 373.439
5325926 5267470 373.451
5325926 8818118 373.661
5325926 5628030 373.768
5325926 6778953 373.877
5325926 6489351 374.145
5325926 2472021 374.296
5325926 10698345 374.466
5325926 2852689 374.707
5325926 11667318 374.734
5325926 1818286 375
5325926 6754968 375.005
5325926 8681542 375.601
5325926 9935958 375.77
5325926 4928122 376.045
5325926 12701124 376.39
5325926 15492023 376.848
5325926 15840296 377.021
5325926 3533306 377.214
5325926 166006 377.228
5325926 8098206 377.417
5325926 14902515 377.42
5325926 6451336 377.908
5325926 4309805 378.156
5325926 9967808 378.366
5325926 9948950 378.451
5325926 4111477 378.698
5325926 5856860 378.775
5325926 16348864 378.917
5325926 4939977 379.008
5325926 3854834 379.226
5325926 6359012 379.322
5325926 5820689 379.383
5325926 5129335 379.418
5325926 10144973 379.547
5325926 1556980 380.243
5325926 425324 380.283
5325926 13762350 380.409
5325926 9976293 380.481
5325926 7285709 380.608
5325926 14295901 380.623
5325926 5881390 380.89
5325926 4277543 380.962
5325926 6420392 381.01
5325926 7486220 381.029
5325926 13991076 381.069
5325926 11934283 381.431
5325926 12256080 381.732
5325926 11771392 381.777
5325926 10514400 381.805
7496083 2778474 336.554
7496083 6721308 336.649
7496083 5733879 336.663
7496083 4476728 337.036
7496083 6909863 337.382
7496083 954992 337.59
7496083 16658767 337.669
7496083 13565405 338.084
7496083 10399168 338.412
7496083 6458536 338.517
7496083 10967047 339.457
7496083 16158140 339.852
7496083 12715192 340.756
7496083 13940298 341.027
7496083 8567942 342.127
7496083 10424329 342.166
7496083 9516679 342.974
7496083 14918816 343.988
7496083 1851246 345.373
7496083 15769289 345.438
7496083 3241802 345.568
7496083 1653590 345.693
7496083 3474377 345.986
7496083 14701384 347.111
7496083 15879462 347.149
7496083 13299230 347.299
7496083 14728623 348.47
7496083 5753979 348.498
7496083 15394137 348.548
7496083 11036140 348.739
7496083 1651458 349.365
7496083 9009877 349.535
7496083 1477497 349.547
7496083 3124520 349.697
7496083 15605513 349.907
7496083 13840058 350.722
7496083 12215626 350.867
7496083 16201363 350.961
7496083 14435083 351.209
7496083 12924752 351.31
7496083 10448366 351.441
7496083 4749755 351.534
7496083 9446780 352.001
7496083 13315705 352.281
7496083 14227368 353.047
7496083 2404774 353.055
7496083 5416772 353.222
7496083 12270401 353.764
7496083 9672706 354.777
7496083 14333933 355.613
7496083 5574958 355.689
7496083 3189529 356.517
7496083 15198673 357.105
7496083 9374946 357.132
7496083 11563835 357.163
7496083 4764453 357.569
7496083 8994116 358.377
7496083 7267471 358.809
7496083 9121040 358.941
7496083 7961790 359.137
7496083 5925641 359.167
7496083 13358323 359.509
7496083 11848086 359.518
7496083 15701013 359.802
7496083 10357366 359.929
7496083 2109124 360.68
7496083 16315484 361.121
7496083 2214936 361.587
7496083 11935683 361.671
7496083 12375765 362.282
7496083 567707 363.496
7496083 7426486 363.739
7496083 6361766 364.064
7496083 10825348 364.078
7496083 11338292 364.126
7496083 9305157 364.302
7496083 3029064 364.331
7496083 13157349 364.394
7496083 5913201 364.989
7496083 15042233 365.789
7496083 768263 505.095
13513520 10597038 309.18
13513520 10883341 310.106
13513520 4267283 310.163
13513520 6308588 310.33
13513520 6390731 310.399
13513520 14839957 311.104
13513520 10202528 311.308
13513520 8903392 311.882
13513520 5895186 311.886
13513520 2194314 312.359
13513520 2637616 312.408
13513520 2996217 312.501
13513520 8252482 312.842
13513520 6720745 313.035
13513520 2316567 313.15
13513520 4139444 313.199
13513520 2206329 313.628
13513520 960275 314.528
13513520 10693471 314.756
13513520 9138153 315.167
13513520 342217 315.857
13513520 12859697 316.275
13513520 7932916 316.647
13513520 2035153 316.901
13513520 11731809 318.04
13513520 1581052 318.9
13513520 12953983 319.027
13513520 6740527 319.04
13513520 13664262 319.206
13513520 14657674 319.932
13513520 11014707 320.202
13513520 13165284 320.321
13513520 11440090 320.65
13513520 6501896 320.91
13513520 1539904 320.991
13513520 12106680 321.709
13513520 10983526 321.751
13513520 9955927 323.076
13513520 14333158 324.089
13513520 5280134 324.927
13513520 8604068 324.95
13513520 10679246 325.554
13513520 9097322 325.981
13513520 12068369 326.088
13513520 2827743 326.564
13513520 2321895 326.608
13513520 8916990 326.985
13513520 6435366 327.247
13513520 11331991 327.264
13513520 95313 327.883
13513520 13658159 327.933
13513520 14972133 328.436
13513520 16448700 328.952
13513520 5253522 329.387
13513520 10160171 329.84
13513520 4776237 329.847
13513520 697313 330.064
13513520 2377455 330.493
13513520 12214105 330.954
13513520 4941627 331
13513520 14972159 331.181
13513520 16180327 331.461
13513520 7732177 331.504
13513520 14437359 331.72
13513520 13923478 331.858
13513520 3641907 331.924
13513520 10890580 332.358
13513520 4040626 332.709
13513520 4551961 332.954
13513520 703333 333.037
13513520 1516658 333.116
13513520 14006267 333.198
13513520 13200545 333.35
13513520 10473924 333.472
13513520 8627338 333.624
13513520 10922555 334.689
13513520 10424046 335.634
13513520 8851249 335.84
10874320 3505453 277.613
10874320 3578078 278.123
10874320 936472 278.691
10874320 10701085 278.785
10874320 1068936 278.85
10874320 11593796 279.011
10874320 10060239 279.289
10874320 7240610 279.304
10874320 9333983 279.463
10874320 11944905 279.638
10874320 15660114 280.487
10874320 5563371 281.214
10874320 2524929 281.417
10874320 14860539 281.449
10874320 9638561 281.566
10874320 16513940 282.384
10874320 11154811 282.558
10874320 14185896 282.868
10874320 1876843 282.923
10874320 11526515 282.983
10874320 2511911 283.914
10874320 3722585 284.409
10874320 5600829 284.623
10874320 10953102 284.739
10874320 508368 284.893
10874320 6782313 286.225
10874320 4320774 286.651
10874320 700106 287.673
10874320 12704365 289.536
10874320 10759054 289.865
10874320 16109677 289.989
10874320 13497386 289.997
10874320 16539816 290.108
10874320 13310897 290.231
10874320 8759770 291.548
10874320 14115338 292.227
10874320 3719699 292.616
10874320 1971532 292.731
10874320 6978207 293.259
10874320 15818145 293.344
10874320 3954734 293.696
10874320 3221642 293.818
10874320 2711928 294.542
10874320 7613798 294.791
10874320 1329060 295.182
10874320 9380895 295.563
10874320 3906349 295.758
10874320 6121687 296.182
10874320 11758759 296.284
10874320 16057626 296.747
10874320 5457812 296.856
10874320 3785866 296.905
10874320 5446335 297.927
10874320 6414962 297.951
10874320 14091028 298.147
10874320 12534815 299.204
10874320 11600296 300.276
10874320 2450131 300.361
10874320 3829047 300.987
10874320 2688897 301.154
10874320 3850218 301.194
10874320 11416096 301.489
10874320 11037910 302.439
10874320 5027686 303.228
10874320 8098193 303.636
10874320 3285143 303.663
10874320 8775576 304.082
10874320 2882749 304.459
10874320 1123467 304.655
10874320 3472450 304.744
10874320 9796349 306.237
10874320 15346045 306.45
10874320 14274153 306.792
10874320 16604487 307.122
10874320 10007635 307.67
10874320 12709101 307.978
10874320 9562730 307.988
10874320 6480998 308.528
10874320 12851224 308.587
10874320 12954464 308.601
10874320 6822001 308.731
10874320 16372836 308.738
11015202 11667808 0.0821354
11015202 12215470 0.116677
11015202 15291834 0.132151
11015202 5567646 0.186093
11015202 10469382 0.198592
11015202 11318478 0.250147
11015202 8302656 0.811206
11015202 15612512 0.879624
11015202 3282505 1.21683
11015202 13270949 1.52073
11015202 7944370 1.86146
11015202 15850948 1.87774
11015202 6453492 1.89146
11015202 4226757 2.36983
11015202 13022406 2.80587
11015202 9211509 2.89824
11015202 896387 3.03811
11015202 7318908 3.14197
11015202 5683125 3.32629
11015202 16278458 3.5969
11015202 7658764 4.06231
11015202 16182446 4.14613
11015202 12523703 4.58168
11015202 8719370 4.64655
11015202 11115008 5.27302
11015202 185154 5.47539
11015202 12715673 5.67758
11015202 1507987 5.76288
11015202 13697121 6.18479
11015202 8647219 6.99954
11015202 13446449 7.30563
11015202 6201874 7.32322
11015202 12188106 7.43313
11015202 10707517 7.67752
11015202 15671333 7.87821
11015202 15761005 8.02397
11015202 6197134 8.41413
11015202 7645972 8.48833
11015202 7723684 8.60225
11015202 16423430 8.72614
11015202 11066958 9.75535
11015202 5195953 9.78279
11015202 892387 10.782
11015202 15188556 11.0931
11015202 7819749 11.2616
11015202 13102197 11.2996
11015202 465977 11.3314
11015202 16139267 12.2084
11015202 12099715 12.6593
11015202 14024946 12.8629
11015202 13444856 13.0066
11015202 324168 13.1219
11015202 12610965 14.0764
11015202 14972455 14.6662
11015202 6974631 14.7054
11015202 6549220 14.7711
11015202 1085323 15.077
11015202 6087821 15.5122
11015202 758810 15.6062
11015202 4531506 15.7661
11015202 7591622 16.1686
11015202 1187790 16.1769
11015202 13804817 16.2881
11015202 843604 16.7323
11015202 13510446 17.1927
11015202 13315921 17.3182
11015202 14694642 17.8619
11015202 3921684 17.88
11015202 13343567 18.0006
11015202 4094449 18.0785
11015202 323202 18.1498
11015202 3228735 18.1633
11015202 3789640 18.4034
11015202 2308314 19.3584
11015202 4546732 19.3875
11015202 6599968 20.0024
11015202 14419410 20.2145
11015202 2813970 20.5301
11015202 9522191 20.7297
8295084 10798265 264.62
8295084 2296072 264.79
8295084 6872945 264.833
8295084 932054 264.903
8295084 1858574 265.148
8295084 9189291 265.411
8295084 4954874 265.756
8295084 8086451 265.861
8295084 10548231 266.148
8295084 12181079 266.292
8295084 12281051 266.566
8295084 10402796 266.665
8295084 1368676 267.061
8295084 4960752 267.358
8295084 7116888 267.645
8295084 12409100 267.744
8295084 14174078 268.057
8295084 6576465 268.505
8295084 3217749 268.545
8295084 3337603 268.745
8295084 2706428 269.326
8295084 14389673 270.704
8295084 13089898 270.806
8295084 12265060 271.238
8295084 10313254 271.726
8295084 2469944 272.339
8295084 4955056 272.695
8295084 15405141 272.743
8295084 11292695 273.15
8295084 2739262 274.32
8295084 8573101 275.27
8295084 4825941 275.35
8295084 15542240 276.623
8295084 5835602 276.875
8295084 3203798 276.932
8295084 9487068 277.208
8295084 12362828 278.274
8295084 5657136 278.462
8295084 13829871 278.737
8295084 12325914 278.995
8295084 5581503 281.207
8295084 2690763 281.232
8295084 16268754 281.398
8295084 12880179 281.576
8295084 10140954 282.006
8295084 14510287 282.065
8295084 3211704 282.201
8295084 3699548 282.397
8295084 6836588 282.487
8295084 9031870 282.855
8295084 10636001 283.295
8295084 12538547 283.344
8295084 685041 283.577
8295084 14952428 283.741
8295084 11945549 284.43
8295084 7254298 284.659
8295084 2034900 284.783
8295084 214348 284.956
8295084 13936366 285.029
8295084 16273707 285.178
8295084 2388621 285.468
8295084 3429413 285.753
8295084 14846270 286.317
8295084 3653691 286.452
8295084 11476291 286.584
8295084 7075184 287.423
8295084 15385465 287.633
8295084 3129360 288.009
8295084 16425129 288.56
8295084 13415412 290.333
8295084 8068791 290.523
8295084 15775282 291.106
8295084 6611521 291.229
8295084 16400306 291.789
8295084 2906077 291.917
8295084 3178817 292.39
8295084 15671070 292.477
1357406 7287085 232.898
1357406 12651212 233.168
1357406 13403020 233.324
1357406 12543852 233.526
1357406 2448826 233.99
1357406 7846197 234.654
1357406 9518821 235.13
1357406 4818653 235.838
1357406 9842565 236.048
1357406 563313 236.14
1357406 4167675 236.361
1357406 8203126 236.713
1357406 9305051 236.762
1357406 7659212 237.59
1357406 3946700 238.177
1357406 5709975 238.535
1357406 12881651 239.989
1357406 14258780 240.292
1357406 12271174 240.498
1357406 13880263 240.595
1357406 4787136 241.415
1357406 14692657 241.49
1357406 14904907 241.542
1357406 14125071 241.734
1357406 8558783 242.298
1357406 13311881 242.325
1357406 12602308 242.86
1357406 3139748 243.059
1357406 4103910 243.259
1357406 2797427 243.261
1357406 11283336 244.034
1357406 8391002 244.243
1357406 16269770 244.287
1357406 5567437 244.604
1357406 4196624 244.799
1357406 14076831 244.935
1357406 14594238 245.067
1357406 4754878 245.509
1357406 6390656 245.716
1357406 16631944 245.75
1357406 2269849 245.804
1357406 649203 245.973
1357406 15569135 245.999
1357406 8236435 246.642
1357406 2421316 248.112
1357406 3270037 248.299
1357406 15021315 248.713
1357406 9270553 249.237
1357406 12832394 249.642
1357406 5391010 249.683
1357406 15971373 249.714
1357406 4857389 250.094
1357406 16083367 251.068
1357406 14706343 251.135
1357406 2882210 251.463
1357406 4644854 251.531
1357406 15350829 252.495
1357406 13068124 253.186
1357406 37003 253.478
1357406 3725800 253.638
1357406 10499491 253.753
1357406 1155533 255.17
1357406 1361386 256.241
1357406 7885243 256.979
1357406 6206092 256.999
1357406 14888852 257.953
1357406 7759149 257.986
1357406 3277518 258.731
1357406 5143295 258.734
1357406 4449397 259.342
1357406 15412984 259.472
1357406 6897851 259.566
1357406 14511083 259.689
1357406 6707642 260.177
1357406 16476429 260.466
1357406 10923388 260.686
1357406 4831790 261.063
1357406 2415912 261.288
1357406 5892534 261.492
1357406 368680 262.104
1357406 16013676 263.371
5975182 11606617 204.276
5975182 3967200 204.352
5975182 8998072 204.757
5975182 8691361 204.916
5975182 6801718 206.288
5975182 6665966 206.298
5975182 14619210 206.458
5975182 8497562 206.508
5975182 1596202 206.526
5975182 13084429 206.867
5975182 9175380 208.153
5975182 11692755 208.389
5975182 16078889 209.193
5975182 13028590 209.734
5975182 1203996 209.875
5975182 10998460 210.058
5975182 7682537 210.269
5975182 15747148 210.275
5975182 6473828 210.454
5975182 271304 210.799
5975182 14535276 210.956
5975182 3481011 211.539
5975182 9047487 212.127
5975182 3517902 212.182
5975182 10854718 212.34
5975182 2329745 212.769
5975182 14851818 213.121
5975182 8910787 214.046
5975182 3974997 214.779
5975182 9719779 215.648
5975182 385872 216.114
5975182 509545 216.355
5975182 6879124 217.384
5975182 2386822 218.143
5975182 15127172 218.155
5975182 16100689 218.527
5975182 14695430 218.661
5975182 15876133 219.092
5975182 16174784 219.244
5975182 11569680 219.458
5975182 1181204 219.778
5975182 8072553 219.925
5975182 5281030 220.01
5975182 712242 220.411
5975182 14736079 220.702
5975182 8490978 220.741
5975182 4016442 221.562
5975182 3526719 221.598
5975182 15490279 222.143
5975182 13179544 222.399
5975182 1855482 222.532
5975182 12091491 222.659
5975182 10369363 222.913
5975182 14893387 223.337
5975182 8866325 223.556
5975182 13981286 223.663
5975182 16299060 224.198
5975182 15528096 224.87
5975182 4052661 225.792
5975182 15133941 225.807
5975182 5089443 225.935
5975182 2392191 226.337
5975182 3309979 226.472
5975182 15014223 227.849
5975182 14585986 227.886
5975182 7600268 228.37
5975182 4548327 228.557
5975182 5840163 229.524
5975182 11349843 229.599
5975182 7971620 229.761
5975182 13264113 230.172
5975182 7947552 230.722
5975182 15815750 230.81
5975182 5506163 231.2
5975182 12289882 231.567
5975182 15221809 232.313
6184709 7049525 171.243
6184709 3992900 171.262
6184709 7037996 171.273
6184709 13633441 171.575
6184709 10053460 171.805
6184709 7286005 172.033
6184709 3865618 172.411
6184709 8923107 173.866
6184709 9457601 174.092
6184709 3979812 174.342
6184709 1494359 174.408
6184709 14430794 174.435
6184709 14859853 175.343
6184709 12463064 177.122
6184709 4363295 177.151
6184709 12382792 178.383
6184709 3069137 178.433
6184709 7318249 178.714
6184709 5517594 179.205
6184709 1339070 179.589
6184709 198515 179.776
6184709 13864073 179.877
6184709 13822000 180.12
6184709 10412149 180.164
6184709 14636957 180.573
6184709 7809263 181.816
6184709 11679996 182.288
6184709 215506 182.706
6184709 3590676 183.699
6184709 2338515 184.1
6184709 2908165 184.183
6184709 8493548 184.654
6184709 16693105 184.665
6184709 15819306 184.909
6184709 3529369 185.1
6184709 5753599 185.564
6184709 11448605 187.161
6184709 12905094 187.433
6184709 14296156 187.889
6184709 2003222 188.475
6184709 9607480 188.51
6184709 10793228 188.691
6184709 8359564 189.313
6184709 10415104 189.46
6184709 1644743 189.617
6184709 8687683 190.096
6184709 11463060 190.353
6184709 9012791 190.969
6184709 10015865 191.601
6184709 3555238 192.343
6184709 15431875 192.814
6184709 16469151 193.579
6184709 793192 193.587
6184709 6292137 193.728
6184709 6308263 193.766
6184709 282275 194.234
6184709 12044922 194.58
6184709 15952618 195.422
6184709 2400566 195.977
6184709 11351190 196.646
6184709 16088289 196.903
6184709 4433838 196.921
6184709 13644086 197.063
6184709 1192640 197.964
6184709 4333887 198.154
6184709 6241263 198.155
6184709 1649605 198.159
6184709 2492734 198.363
6184709 1094798 198.884
6184709 3536129 199.099
6184709 4025420 200.944
6184709 13282812 201.995
6184709 13644799 202.737
6184709 7036890 202.929
6184709 9021666 203.099
6184709 11674782 203.176
6184709 12349046 203.619
15583100 14897306 146.348
15583100 10899432 146.866
15583100 15399573 147.082
15583100 6257060 147.104
15583100 15786837 147.114
15583100 950833 147.193
15583100 4219185 148.796
15583100 9977310 148.803
15583100 11764890 149.062
15583100 11208754 149.17
15583100 5487773 149.507
15583100 5125948 149.521
15583100 3868416 149.626
15583100 14329674 149.629
15583100 7435422 150.333
15583100 9964404 150.727
15583100 16676348 151.377
15583100 4554755 151.432
15583100 1808549 152.288
15583100 1254403 152.903
15583100 11423203 152.977
15583100 858707 153.056
15583100 3808155 153.069
15583100 4916094 153.325
15583100 13659916 153.33
15583100 2175591 153.373
15583100 401407 153.475
15583100 246207 154.365
15583100 13617422 155.706
15583100 13496450 155.929
15583100 6007231 156.414
15583100 1409623 158.089
15583100 12222065 158.243
15583100 4291369 159.468
15583100 4359682 159.808
15583100 4330591 159.898
15583100 7300848 160.413
15583100 15731708 160.527
15583100 6487307 160.958
15583100 2380052 161.03
15583100 12503607 161.097
15583100 6664506 161.397
15583100 7351977 161.733
15583100 2597575 162.04
15583100 3876798 162.261
15583100 8216007 162.353
15583100 6639129 162.6
15583100 4762710 162.658
15583100 11268379 162.827
15583100 8586531 163.075
15583100 3213909 163.399
15583100 2840196 163.653
15583100 14703894 164.504
15583100 15350729 164.558
15583100 13877186 164.821
15583100 2302578 165.439
15583100 6778104 165.802
15583100 9213425 165.979
15583100 13421243 166.217
15583100 3136255 166.362
15583100 11485739 166.521
15583100 9678115 166.962
15583100 13958864 167.281
15583100 5057882 167.482
15583100 16187106 167.909
15583100 14321436 168.269
15583100 4813933 168.277
15583100 10540834 168.292
15583100 8074836 168.745
15583100 15168183 169.373
15583100 12963254 169.807
15583100 14527493 169.838
15583100 3924538 169.943
15583100 4956692 170.114
15583100 2290774 515.542
15583100 3698977 518.226
15583100 3886800 519.012
15583100 16087824 520.086
