3930223 9469317 1.03546
3930223 7336498 1.03546
3930223 4943971 1.03546
3930223 2553488 1.03546
3930223 2639386 1.03546
3930223 14141869 1.03546
3930223 15944700 1.03546
3930223 10407183 1.03546
3930223 12210014 1.03546
3930223 3368504 1.03546
3930223 15231966 1.03546
3930223 1565801 1.03546
3930223 10579836 1.03546
3930223 13429135 1.03546
3930223 8777005 1.03546
3930223 11696427 1.03546
3930223 10103964 1.03546
3930223 4522150 1.03546
3930223 12226321 1.03546
3930223 10358080 1.03546
3930223 15961011 1.03546
3930223 14092770 1.03546
3930223 6168708 1.03546
3930223 8037077 1.03546
3930223 8727906 1.03546
3930223 10596147 1.03546
3930223 13380032 1.03546
3930223 15248273 1.03546
3930223 1511610 1.03546
3930223 15245069 1.03546
3930223 13376860 1.03546
3930223 10591151 1.03546
3930223 8722942 1.03546
3930223 798872 1.03546
3930223 2667209 1.03546
3930223 14105982 1.03546
3930223 15974191 1.03546
3930223 10369500 1.03546
3930223 12237709 1.03546
4147483 8886300 24.3127
4147483 14459678 24.3127
4147483 3914826 24.3127
4147483 11686777 24.3127
4147483 15417637 24.3127
4147483 1363602 24.3127
4147483 3165379 24.3127
4147483 6146608 24.3127
4147483 4285158 24.3127
4147483 550468 24.3127
4147483 4190786 24.3127
4147483 16111577 24.3127
4147483 13718920 24.3127
4147483 13744560 24.3127
4147483 16071649 24.3127
4147483 10009874 24.3127
4147483 12336963 24.3127
4147483 4436212 24.3127
9550940 2214891 749.542
9550940 7558605 749.666
9550940 4295589 749.792
9550940 4800217 749.82
9550940 9542398 749.843
9550940 2920379 749.872
9550940 954456 749.88
9550940 13320137 749.91
9550940 15303596 750.432
9550940 5198201 750.454
9550940 6624387 750.574
9550940 3064435 750.891
9550940 10488565 751.119
9550940 5182347 751.147
9550940 2429737 751.196
9550940 2213549 751.349
9550940 7962741 751.519
9550940 16407255 751.733
9550940 4316806 751.925
9550940 254137 751.981
9550940 12765214 752.122
9550940 15990334 752.215
9550940 8088913 752.395
9550940 2987755 752.859
9550940 3448185 752.862
9550940 16348516 752.905
9550940 15029324 753.1
9550940 6655287 753.132
9550940 9678298 753.262
9550940 12774783 753.855
9550940 13429806 754.264
9550940 9168954 754.315
9550940 5233496 754.605
9550940 5843561 754.701
9550940 12203509 754.825
9550940 11743388 755.008
9550940 15090747 755.07
9550940 9860789 755.478
9550940 10065426 755.549
9550940 8011426 755.642
9550940 6037882 755.721
9550940 2831392 755.829
9550940 7165868 755.881
9550940 4544550 756.299
9550940 15235409 756.596
9550940 9419681 756.64
9550940 11995622 756.774
9550940 449823 757.374
9550940 4046598 757.472
9550940 15602837 757.755
9550940 13263067 757.817
9550940 16407378 758.036
9550940 15920517 758.585
9550940 15111999 758.973
9550940 4867695 759.037
9550940 12340085 759.095
9550940 10302046 759.169
9550940 13074657 759.35
9550940 3217836 759.878
9550940 13609725 759.955
9550940 194051 760.017
9550940 264669 760.059
9550940 3827162 760.132
9550940 11735804 760.327
9550940 2646607 760.492
9550940 8152860 760.549
9550940 9019643 760.622
9550940 2189385 760.625
9550940 15092795 760.772
9550940 6656111 760.993
9550940 965880 761.471
9550940 14754079 761.495
9550940 1761202 761.566
9550940 15653195 761.744
9550940 13596062 761.995
9550940 5905 762.06
9550940 12626361 762.065
9550940 3704266 762.084
9550940 16546237 762.148
9550940 12834157 762.212
9550940 5760412 762.297
9550940 5854775 762.328
9550940 11591908 762.356
9550940 3977094 762.588
9550940 10503939 762.85
9550940 3728154 763.034
9550940 16610247 763.04
9550940 11120858 763.047
9550940 8096645 763.14
9550940 16473332 763.276
9550940 2541442 763.314
9550940 14353148 763.666
9550940 7926964 763.667
9550940 7488747 763.681
9550940 15627362 763.806
9550940 2580746 763.992
9550940 2034254 764.09
9550940 10440078 764.381
9550940 10853800 764.396
9550940 4795974 764.919
9550940 15732935 764.959
9550940 7259176 765.506
9550940 7842795 766.417
9550940 16243092 766.675
9550940 4092054 766.709
9550940 15547557 767.097
9550940 5539530 767.253
9550940 14794472 767.573
9550940 13240256 767.729
9550940 12868132 767.924
9550940 6994676 767.967
9550940 7471808 767.987
9550940 1005152 768.021
9550940 4491972 768.099
9550940 4631725 768.581
9550940 2846227 769.002
9550940 5324139 769.197
9550940 6719061 769.229
9550940 16146615 780.76
9550940 4794125 870.46
853350 2451593 76.4268
853350 14346046 76.4268
853350 16672111 76.4268
853350 9692060 76.4268
853350 12018125 76.4268
853350 7380986 76.4268
853350 5512619 76.4268
853350 11244060 76.4268
853350 9375821 76.4268
853350 14849726 76.4268
853350 12981487 76.4268
7803689 7431923 98.5988
7803689 9365828 98.5988
7803689 11168533 98.5988
7803689 13102566 98.5988
7803689 14905271 98.5988
7803689 10400604 98.5988
7803689 12202253 98.5988
7803689 4570810 98.5988
7803689 6372587 98.5988
7803689 834072 98.5988
7803689 2635849 98.5988
798514 3717210 42.5162
798514 13055981 42.5162
798514 14923196 42.5162
798514 9319247 42.5162
798514 11186462 42.5162
798514 2710959 42.5162
798514 909310 42.5162
798514 15880265 42.5162
798514 14078488 42.5162
798514 12276971 42.5162
798514 10475194 42.5162
15302646 359099 115.136
15302646 16446732 115.136
15302646 6880328 115.136
15302646 2226410 115.136
15302646 5013017 115.136
15302646 8407790 115.136
15302646 8373593 115.136
15302646 5981960 115.136
15302646 3588603 115.136
15302646 1196970 115.136
2230392 14877301 31.5881
2230392 2974454 31.5881
2230392 6235683 31.5881
2230392 14076176 31.5881
2230392 9427788 31.5881
2230392 7361787 31.5881
2230392 5559978 31.5881
2230392 3756121 31.5881
2230392 11576078 31.5881
2230392 16361388 31.5881
2230392 13513642 31.5881
2230392 267825 31.5881
2230392 2135136 31.5881
2230392 2127960 31.5881
2230392 326153 31.5881
2230392 6913274 31.5881
2230392 5111467 31.5881
2230392 11694364 31.5881
15230900 14414898 0.683374
15230900 1291164 1.54905
15230900 15246775 1.78045
15230900 7532086 1.81455
15230900 7373899 1.88331
15230900 3110144 1.88916
15230900 9729043 2.03829
15230900 14709702 2.0777
15230900 7157467 2.08108
15230900 11626895 2.78858
15230900 8117888 3.15489
15230900 741005 4.2676
15230900 11405004 4.88208
15230900 4924458 5.52224
15230900 4662748 5.68252
15230900 899778 6.11202
15230900 6368898 6.18914
15230900 14132433 6.48815
15230900 5016505 6.69388
15230900 14918274 7.23726
15230900 11042958 7.72408
15230900 1856926 8.04532
15230900 11547774 8.59387
15230900 7726046 8.88932
15230900 11307698 8.9686
15230900 6952007 9.28941
15230900 3399190 9.94207
15230900 9949576 10.5669
15230900 3269476 11.0364
15230900 127271 11.1747
15230900 2536303 11.2397
15230900 5500493 11.2841
15230900 640239 11.3581
15230900 12338312 11.5419
15230900 2765746 11.9982
15230900 15632131 12.414
15230900 15351920 12.8279
15230900 6095887 12.9554
15230900 13385796 13.7867
15230900 8491009 13.7927
15230900 13970797 14.0649
15230900 16599017 14.3357
15230900 9484973 14.4962
15230900 9499640 14.7223
15230900 6068619 16.9246
15230900 6170348 17.1604
15230900 571749 17.2326
15230900 8322133 17.5251
15230900 16541371 18.3983
15230900 10375785 19.1767
15230900 9563735 19.8998
15230900 11912895 20.0104
15230900 3895907 20.3206
15230900 8948757 21.0053
15230900 15798475 21.4496
15230900 12557310 23.1787
15230900 9506374 23.6073
15230900 7465614 23.7635
15230900 1589195 23.8885
15230900 12997056 24.1763
15230900 16118795 24.4687
15230900 4279365 24.7177
15230900 15990678 25.3314
15230900 4539636 25.709
15230900 9083952 26.175
15230900 670788 26.6554
15230900 4939689 26.7765
15230900 13573651 27.8709
15230900 11805805 28.3368
15230900 15979398 28.7277
15230900 8946984 28.8979
15230900 2914011 29.1731
15230900 5024355 29.7887
15230900 12728281 31.0174
15230900 9008580 31.0584
15230900 290433 31.1502
15230900 4127183 31.955
15230900 3766820 32.7484
15230900 6436463 32.9173
109302 2879337 0.812963
109302 9446911 0.902779
109302 1569184 1.10836
109302 13982664 1.38377
109302 4312540 2.03197
109302 9623241 2.72169
109302 3826296 4.01145
109302 15146120 4.05328
109302 2443453 4.30022
109302 13676671 4.47613
109302 13323003 5.93493
109302 3996118 6.51076
109302 4892018 6.74289
109302 11005106 7.92132
109302 16277925 7.93052
109302 3229263 8.51004
109302 8615235 8.5797
109302 10336305 8.91285
109302 5949633 9.37681
109302 7995785 9.49749
109302 12764074 9.68277
109302 14920887 10.5372
109302 8228798 10.7717
109302 6445896 11.2474
109302 4816873 11.7823
109302 3642650 12.232
109302 15180490 12.737
109302 16583064 13.2026
109302 11408621 13.677
109302 3250897 14.2965
109302 1686835 14.5337
109302 13402603 14.8619
109302 37719 15.5195
109302 16502020 16.5854
109302 16387644 16.7559
109302 2065973 16.9824
109302 472362 17.7222
109302 14372182 18.2684
109302 12401930 18.383
109302 1980077 18.6235
109302 4821527 19.4371
109302 7979251 19.9857
109302 7625571 20.289
109302 16118946 21.0998
109302 15540805 21.172
109302 13069607 21.3277
109302 11847291 21.5138
109302 8797227 21.9703
109302 12740849 22.1016
109302 4076036 22.2697
109302 8439509 22.6387
109302 15600399 22.7447
109302 2166953 22.8718
109302 11853066 22.9047
109302 13478884 23.0529
109302 13917944 23.8699
109302 16498293 24.8277
109302 16563418 26.0057
109302 12953524 26.097
109302 12706940 26.2369
109302 10080307 27.2204
109302 7545450 27.3556
109302 11537353 28.3101
109302 12157234 28.6757
109302 1301931 28.8494
109302 5601236 29.3862
109302 5805161 29.6266
109302 5138537 29.7315
109302 114665 30.0026
109302 11603034 30.6746
109302 5926380 31.1487
109302 4034611 31.2139
109302 11469143 31.3472
109302 14615432 32.5338
109302 4037967 32.6275
109302 7799414 33.3582
109302 15330605 34.0548
9657139 3342546 5.29123
9657139 16241104 5.40471
9657139 11808703 5.55923
9657139 12375849 6.06597
9657139 6677301 6.69562
9657139 9941316 6.9189
9657139 12563219 7.15466
9657139 10620683 8.53642
9657139 14686083 8.63179
9657139 12538438 9.01202
9657139 107917 9.47607
9657139 13039538 9.95148
9657139 3117863 10.1128
9657139 8419897 10.1315
9657139 15648174 10.2011
9657139 4238732 10.2511
9657139 12714865 10.5063
9657139 1580271 10.7888
9657139 9536034 10.8512
9657139 10170979 10.9428
9657139 12592768 11.6703
9657139 4065434 11.7432
9657139 6865346 12.0249
9657139 7868100 12.9577
9657139 4196694 13.195
9657139 6614556 14.6995
9657139 11222689 15.3161
9657139 13890367 15.7611
9657139 15453306 15.8831
9657139 3965054 16.0715
9657139 12613982 16.2329
9657139 5446517 16.7443
9657139 11629875 16.9835
9657139 4731129 17.7799
9657139 4630916 18.653
9657139 6749619 19.0125
9657139 9762610 19.253
9657139 7251710 20.0019
9657139 5606371 20.4657
9657139 16021914 21.0805
9657139 9315519 21.293
9657139 12753001 21.7437
9657139 5729860 22.5074
9657139 8954652 22.6637
9657139 5754508 22.827
9657139 2473667 23.1032
9657139 241149 23.5813
9657139 5714718 24.2403
9657139 12915714 25.029
9657139 7679080 25.1331
9657139 7386005 25.3425
9657139 8731063 26.0572
9657139 2652663 27.2178
9657139 7756490 27.5895
9657139 13974935 27.8092
9657139 5003357 28.3886
9657139 9806241 28.4201
9657139 10867681 28.8622
9657139 6410342 29.1217
9657139 16326796 30.0588
9657139 11491009 30.392
9657139 9848799 30.5252
9657139 16260265 31.9997
9657139 13759633 32.9962
9657139 6101298 33.5875
9657139 5515466 33.6413
9657139 6408613 34.1014
9657139 9418314 34.2718
9657139 2401868 34.3076
9657139 9145043 34.3235
9657139 12307136 34.4058
9657139 13157854 34.4965
9657139 9964860 34.5096
9657139 3910818 34.6111
9657139 2184455 34.8779
9657139 6520387 36.3013
9657139 6579418 36.8525
9657139 5798992 37.3661
9657139 179154 37.4393
9657139 9828389 37.5574
9657139 5909942 37.5975
9657139 8897823 37.6314
9657139 14499948 37.8635
9657139 8691513 38.602
9657139 4028668 38.6052
9657139 10941192 39.5365
9657139 4159826 39.9093
9657139 10195317 40.5379
9657139 12518515 40.8058
9657139 16619041 40.99
9657139 16752030 41.2689
9657139 3206355 41.4422
9657139 7940536 42.1245
9657139 11485127 42.3403
9657139 6661778 42.4849
9657139 11326190 43.0111
9657139 9411349 43.0327
9657139 1349519 43.305
9657139 8530770 43.5017
9657139 2073915 44.1074
9657139 2251732 44.245
9657139 14741238 44.4854
9657139 3623519 44.8401
9657139 8706921 44.9412
9657139 9681783 44.9532
9657139 15261973 44.979
9657139 8195089 45.4521
9657139 6605057 45.4948
9657139 5485042 45.5339
9657139 10132791 45.8385
9657139 13884354 45.851
9657139 13291998 46.2058
9657139 10955530 46.2206
9657139 10790886 46.2747
9657139 10479917 46.4263
9657139 7166113 46.7375
9657139 11381404 46.8594
9657139 5645187 46.8733
9657139 11041091 47.2359
9657139 14489112 47.2911
1351619 467755 31.4955
1351619 14458795 31.6993
1351619 5777863 31.9593
1351619 12816782 32.0894
1351619 1396508 32.284
1351619 13145436 33.7369
1351619 2148043 33.9004
1351619 7090790 34.16
1351619 15712927 34.4444
1351619 5098607 34.5138
1351619 9343895 34.6004
1351619 10417228 34.6418
1351619 720061 35.3095
1351619 6739411 35.3981
1351619 574509 36.0237
1351619 168660 36.2455
1351619 10893265 36.9592
1351619 7052545 37.0316
1351619 5051237 37.0676
1351619 9006154 37.1291
1351619 7740232 37.1658
1351619 4356697 37.2612
1351619 15879596 37.2966
1351619 13773131 37.7089
1351619 1722259 37.8543
1351619 9193090 37.8907
1351619 5909138 37.9395
1351619 8451085 38.0155
1351619 13776860 38.277
1351619 4836582 38.4316
1351619 12588256 38.4491
1351619 14946375 38.6411
1351619 6274938 38.7712
1351619 9365645 38.9363
1351619 2711234 39.023
1351619 10755819 39.1706
1351619 13817900 39.1842
1351619 16584403 39.4378
1351619 1436257 39.4951
1351619 3274998 39.5414
1351619 15816149 39.9087
1351619 4263866 39.9814
1351619 16099650 40.0561
1351619 4750404 40.0583
1351619 14699385 40.2322
1351619 9455772 40.294
1351619 13105198 40.4629
1351619 15158384 40.4732
1351619 13788405 40.475
1351619 11834194 40.615
1351619 4583257 40.7113
1351619 13478189 40.7385
1351619 5301090 41.1708
1351619 3625307 41.2049
1351619 14160329 41.4558
1351619 3064445 41.4983
1351619 195173 41.6123
1351619 13800014 41.6158
1351619 4026973 41.6195
1351619 5952044 41.6359
1351619 4641296 42.0974
1351619 6979307 42.2745
1351619 14527928 42.3582
1351619 10356575 42.5905
1351619 9558152 42.5923
1351619 3694678 42.6264
1351619 3982675 42.8634
1351619 10407428 42.9378
1351619 10518926 42.97
1351619 12797308 43.1945
1351619 12405916 43.2624
1351619 3820944 43.5223
1351619 15998311 43.5548
1351619 3503426 44.0425
1351619 10947918 44.0427
1351619 13771167 44.072
1351619 16027287 44.1536
1351619 773108 44.3002
1351619 1109667 44.5308
1351619 15731162 44.5662
1351619 6295887 44.6619
1351619 11040329 45.0156
1351619 8425343 45.1791
1351619 14827175 45.1911
1351619 3909796 45.4951
1351619 9044189 45.6983
1351619 6660510 45.7176
1351619 2717405 45.7462
1351619 6439615 46.1887
1351619 14336196 46.2019
1351619 14600893 46.3558
1351619 2001520 46.4363
1351619 2595656 46.4631
1351619 16572775 46.47
1351619 12112817 46.4753
1351619 10357084 46.7239
1351619 13089910 46.8397
1351619 2214891 47.3523
1351619 7558605 47.4768
1351619 4295589 47.6027
1351619 4800217 47.6301
1351619 9542398 47.6536
1351619 2920379 47.6825
1351619 954456 47.6899
1351619 13320137 47.7206
1351619 15303596 48.2427
1351619 5198201 48.2645
1351619 6624387 48.3848
1351619 3064435 48.7014
1351619 10488565 48.9295
1351619 5182347 48.9569
1351619 2429737 49.0064
1351619 2213549 49.1597
1351619 7962741 49.3298
1351619 16407255 49.5431
1351619 4316806 49.7352
1351619 254137 49.7911
1351619 12765214 49.9322
1351619 15990334 50.0253
1351619 8088913 50.2057
7906876 2987755 3.07271
7906876 3448185 3.07493
7906876 16348516 3.11877
7906876 15029324 3.31389
7906876 6655287 3.34534
7906876 9678298 3.47585
7906876 12774783 4.06806
7906876 13429806 4.47707
7906876 9168954 4.52853
7906876 5233496 4.81876
7906876 5843561 4.91396
7906876 12203509 5.03869
7906876 11743388 5.22183
7906876 15090747 5.28386
7906876 9860789 5.69103
7906876 10065426 5.76216
7906876 8011426 5.85512
7906876 6037882 5.93439
7906876 2831392 6.04205
7906876 7165868 6.09461
7906876 4544550 6.5124
7906876 15235409 6.80964
7906876 9419681 6.85379
7906876 11995622 6.98692
7906876 449823 7.58696
7906876 4046598 7.68566
7906876 15602837 7.96871
7906876 13263067 8.02994
7906876 16407378 8.24918
7906876 15920517 8.7979
7906876 15111999 9.18656
7906876 4867695 9.25056
7906876 12340085 9.30878
7906876 10302046 9.38212
7906876 13074657 9.56334
7906876 3217836 10.0918
7906876 13609725 10.1686
7906876 194051 10.2301
7906876 264669 10.2721
7906876 3827162 10.3459
7906876 11735804 10.5405
7906876 2646607 10.7052
7906876 8152860 10.7628
7906876 9019643 10.8351
7906876 2189385 10.8385
7906876 15092795 10.9856
7906876 6656111 11.2069
7906876 965880 11.6848
7906876 14754079 11.7084
7906876 1761202 11.7794
7906876 660350 11.8105
7906876 15653195 11.9573
7906876 4675132 12.0231
7906876 13596062 12.2082
7906876 5905 12.2738
7906876 12626361 12.2786
7906876 3704266 12.2975
7906876 16546237 12.3618
7906876 12834157 12.4252
7906876 5760412 12.51
7906876 5854775 12.5412
7906876 11591908 12.5693
7906876 3977094 12.8013
7906876 10503939 13.0633
7906876 3728154 13.2474
7906876 16610247 13.2532
7906876 11120858 13.2608
7906876 8096645 13.3536
7906876 16473332 13.4893
7906876 2541442 13.5276
7906876 14353148 13.8798
7906876 7926964 13.8802
7906876 7488747 13.8949
7906876 15627362 14.0197
7906876 2580746 14.2052
7906876 2034254 14.3037
7906876 10440078 14.5947
7906876 10853800 14.6095
7906876 4795974 15.1321
7906876 15732935 15.1721
7906876 7259176 15.7195
7906876 7842795 16.6301
7906876 16243092 16.8887
7906876 4092054 16.9219
7906876 15547557 17.3102
7906876 5539530 17.4662
7906876 14794472 17.7869
7906876 13240256 17.9422
7906876 12868132 18.1377
7906876 6994676 18.1803
7906876 7471808 18.1999
7906876 1005152 18.234
7906876 4491972 18.3121
7906876 4631725 18.7948
7906876 2846227 19.2159
7906876 5324139 19.4106
7906876 6719061 19.4428
7906876 16146615 30.9736
7906876 5542958 118.417
7906876 15456367 119.357
7906876 13382635 119.478
7906876 16628711 119.759
7906876 4778603 120.673
13022621 10396501 7.63941
13022621 9466368 7.83203
13022621 2141503 7.95463
13022621 604143 8.09924
13022621 6633950 8.19552
13022621 8020085 8.31642
13022621 16673488 8.42134
13022621 1683871 8.51017
13022621 6682000 8.52384
13022621 5775974 8.68685
13022621 16607500 8.7057
13022621 12753258 8.84773
13022621 2292382 8.94721
13022621 7318235 9.0794
13022621 7300888 9.15141
13022621 15028295 9.17264
13022621 8314666 9.3272
13022621 12847960 9.76598
13022621 5965494 9.78929
13022621 4992766 10.0721
13022621 10206113 10.0822
13022621 13683219 10.1434
13022621 11860001 10.8155
13022621 11616306 10.8784
13022621 15452229 10.8927
13022621 7528594 10.9095
13022621 11622356 10.9102
13022621 14553659 10.9611
13022621 9584355 11.0134
13022621 14199573 11.0234
13022621 13182080 11.5482
13022621 8266263 11.6572
13022621 2704587 12.0352
13022621 2350333 12.0772
13022621 9896257 12.1601
13022621 4863637 12.1726
13022621 9009915 12.2304
13022621 12515769 12.3704
13022621 14978188 12.4294
13022621 10578646 12.4889
13022621 3897410 12.5876
13022621 4649912 12.845
13022621 12791561 12.998
13022621 9576754 13.2976
13022621 10443070 13.492
13022621 2805888 13.5233
13022621 15035984 13.5832
13022621 7490939 14.7118
13022621 9670487 15.4257
13022621 8646488 15.4564
13022621 3455561 15.5549
13022621 13882048 15.6002
13022621 2800885 15.7925
13022621 5013200 15.8188
13022621 7840631 15.8844
13022621 7544439 15.9371
13022621 8699630 15.9496
13022621 2582168 16.3178
13022621 10953896 16.3208
13022621 14801721 16.6454
13022621 12620425 16.6605
13022621 11346935 16.7134
13022621 325613 16.8949
13022621 2009118 16.9228
13022621 14058360 17.014
13022621 5111901 17.1818
13022621 8811662 17.4381
13022621 14488190 17.665
13022621 287437 17.9602
13022621 2814192 18.0588
13022621 313758 18.1481
13022621 8801417 18.2924
13022621 14951197 18.3252
13022621 1162059 18.4857
13022621 7724451 18.7514
13022621 8819676 18.8229
13022621 9527292 18.9154
13022621 11376505 19.0381
13022621 1001121 19.0787
13022621 10869500 19.183
13022621 12346334 19.2421
13022621 15458217 19.2523
13022621 13545528 19.3129
13022621 3585840 19.3218
13022621 4296962 19.384
13022621 11893052 19.7657
13022621 13644062 19.8061
13022621 5495693 19.8529
13022621 12101039 19.8977
13022621 654878 19.9684
13022621 28803 20.1252
13022621 2355577 20.1452
13022621 12817337 20.1943
13022621 16385016 20.2523
13022621 15750314 20.2552
13022621 10538574 20.3862
13022621 1828043 20.4602
13022621 11800905 20.5144
13022621 5638566 20.5497
13022621 9263433 20.6434
13022621 13345196 20.7794
13022621 11889542 20.7866
13022621 6078713 20.8982
13022621 10109897 20.9134
13022621 10372769 20.9236
13022621 4093018 21.0881
13022621 9257579 21.2877
13022621 6836579 21.4298
13022621 1391778 21.844
13022621 13332499 22.5318
13022621 7834222 22.9007
13022621 531716 22.9646
13022621 1553553 23.2367
13022621 10580068 23.4525
13022621 13841019 23.6052
13022621 3154 23.759
13022621 11252722 23.933
13022621 1579480 23.9519
13022621 5682283 23.9898
13022621 7665235 24.0957
15579258 9280474 3.23434
15579258 5872756 3.45946
15579258 1501927 3.51525
15579258 6548441 4.08755
15579258 2806354 4.09457
15579258 9653822 4.286
15579258 8534468 4.35002
15579258 11892969 4.38591
15579258 4335682 4.76218
15579258 4790636 4.86695
15579258 6924765 5.04415
15579258 7028324 5.11411
15579258 5255020 5.13277
15579258 7700705 5.15806
15579258 3129315 5.16222
15579258 11319975 5.20328
15579258 10176738 5.30846
15579258 11336567 5.55625
15579258 6452267 5.79062
15579258 2385725 6.04312
15579258 2421808 6.0742
15579258 10943805 6.16856
15579258 13676957 6.40248
15579258 7164643 6.4542
15579258 4154597 6.69933
15579258 1911396 6.93084
15579258 14252765 6.98907
15579258 8094712 7.03669
15579258 11885318 7.12826
15579258 6473728 7.19592
15579258 489475 7.47665
15579258 1579190 7.59871
15579258 10889593 7.6553
15579258 5911016 7.69679
15579258 16614632 7.77766
15579258 13200080 7.87557
15579258 7187624 8.0972
15579258 14018569 8.24715
15579258 14276077 8.25232
15579258 12069944 8.34551
15579258 2734107 8.40092
15579258 745722 8.48904
15579258 7486951 8.4913
15579258 9824219 8.55186
15579258 7148820 9.02186
15579258 9765302 9.39276
15579258 2285097 9.65846
15579258 12102532 9.66578
15579258 8253322 10.2921
15579258 6010855 10.4099
15579258 5238060 10.5897
15579258 3241729 10.6943
15579258 13643814 10.8176
15579258 6123524 10.8873
15579258 3912435 10.9902
15579258 9300717 11.0919
15579258 15858507 11.7429
15579258 6875907 11.7956
15579258 12164023 12.0151
15579258 9527303 12.0334
15579258 8789986 12.0438
15579258 4081113 12.071
15579258 12289901 12.2245
15579258 16335459 12.2654
15579258 11681564 12.5738
15579258 9481572 12.6001
15579258 14046582 12.6221
15579258 4072355 12.8239
15579258 327164 12.9989
15579258 14765136 13.0836
15579258 3573035 13.371
15579258 9389012 13.599
15579258 8632222 13.8646
15579258 2932201 13.9563
15579258 6267342 13.9953
15579258 15093052 14.0304
15579258 8232497 14.0783
15579258 10303157 14.2076
15579258 7831981 14.3158
15579258 1448424 14.5473
15579258 10231225 14.5748
15579258 5950217 14.821
15579258 13022961 14.9193
15579258 6653568 14.9203
15579258 2159907 15.0197
15579258 11927793 15.1451
15579258 16081014 15.2302
15579258 10467295 15.2333
15579258 11937178 15.2904
15579258 7881835 15.497
15579258 7960467 15.6453
15579258 9086997 15.7742
15579258 2663328 15.9987
15579258 11005186 16.1294
15579258 8055543 16.159
15579258 4599039 16.312
15579258 11986165 16.33
15579258 9215352 16.3476
15579258 512427 17.1439
15579258 11334721 17.313
15579258 11980945 17.4095
15579258 15013363 17.5936
15579258 1236398 17.6461
15579258 3787744 17.6609
15579258 5287377 17.7225
15579258 7549138 17.8599
15579258 14235513 17.8969
15579258 6766604 17.9239
15579258 4008536 17.9247
15579258 9342358 18.1496
15579258 1601358 18.161
15579258 6617811 18.2326
15579258 16568294 18.3103
15579258 2089058 18.3259
15579258 2674301 18.4335
15579258 15404308 18.6379
15579258 3619057 18.7505
15579258 7095710 18.7989
15579258 7947838 18.8311
15579258 11401677 18.836
2948331 11292671 2.92353
2948331 8096786 2.95945
2948331 5925945 2.96701
2948331 16191541 2.98436
2948331 15131673 3.14082
2948331 338886 3.44378
2948331 13623101 3.44549
2948331 14761967 3.54191
2948331 7372861 3.55154
2948331 11287193 3.81956
2948331 12989533 3.87727
2948331 6141193 4.34776
2948331 2632114 4.35248
2948331 13540177 4.45115
2948331 9715621 4.50215
2948331 3063272 4.5375
2948331 6567265 4.54217
2948331 16056732 4.65392
2948331 13960672 4.94682
2948331 4269095 5.09031
2948331 3755124 5.52416
2948331 14911396 5.70567
2948331 3536287 5.77157
2948331 1113845 5.77771
2948331 14645760 6.19212
2948331 16351314 7.03461
2948331 1046416 7.16969
2948331 12141327 7.20483
2948331 8268553 7.23977
2948331 5941372 7.32347
2948331 4446393 7.3694
2948331 7054392 7.56257
2948331 13747541 7.57002
2948331 3599434 7.66925
2948331 5502471 7.70425
2948331 9784511 7.80352
2948331 16563633 8.34301
2948331 4272177 8.53506
2948331 1193211 8.62105
2948331 13728256 9.00775
2948331 11988189 9.06377
2948331 5931838 9.19829
2948331 2709112 9.5782
2948331 3505805 9.64587
2948331 3161519 9.84425
2948331 13923148 10.1996
2948331 14147681 10.4022
2948331 7122740 10.4142
2948331 13351391 10.4254
2948331 6987943 10.4487
2948331 15177684 10.95
2948331 13884751 10.9685
2948331 15626924 11.3133
2948331 3389157 11.4171
2948331 11557448 11.7593
2948331 15694779 11.9145
2948331 10244545 12.2078
2948331 8930337 12.2691
2948331 15870991 12.3109
2948331 3321862 12.3479
2948331 3964045 12.888
2948331 4606693 13.1524
2948331 2135436 13.3889
2948331 12027603 13.455
2948331 14967088 13.5376
2948331 13972659 13.5657
2948331 9315748 13.6592
2948331 6120229 13.7485
2948331 845738 13.7558
2948331 14131282 13.7788
2948331 4971067 14.1953
2948331 15637918 14.5463
2948331 5524351 14.8365
2948331 824319 14.9801
2948331 14822683 15.233
2948331 12207963 15.309
2948331 3575777 15.4776
2948331 2066587 15.735
2948331 4219930 15.7942
2948331 2998324 15.8235
2948331 13877960 16.1732
2948331 12156767 16.1872
2948331 3551773 16.188
2948331 6536527 16.2948
2948331 10635732 16.3823
2948331 2748356 16.3931
2948331 102635 16.4139
2948331 3298673 16.592
2948331 6855516 16.6752
2948331 8102479 16.7552
2948331 8306245 16.8466
2948331 11233340 16.8529
2948331 10591973 17.2703
2948331 179901 17.4144
2948331 8103740 17.5974
2948331 4769389 17.761
2948331 543144 17.8716
2948331 12580460 17.9462
2948331 6758962 17.9679
2948331 16550102 18.0806
2948331 13736578 18.4754
2948331 10540202 18.4894
2948331 10965632 18.8857
2948331 14314126 19.1298
2948331 4063701 19.1352
2948331 12892650 19.1886
2948331 7447416 19.5464
2948331 11207890 19.7277
2948331 2205937 19.8107
2948331 2310625 19.835
2948331 3689407 20.0484
2948331 1188224 20.261
2948331 1352706 20.4988
13823214 3205141 1.02241
13823214 12048737 1.02241
13823214 13592482 1.02241
13823214 9657136 1.02241
13823214 1337924 1.02241
13823214 10674513 1.02241
13823214 15459827 1.02241
13823214 7990455 1.02241
13823214 2478117 1.02241
13823214 14311314 1.02241
13823214 16702915 1.02241
13823214 1345148 1.02241
13823214 3146797 1.02241
13823214 6123238 1.02241
7314306 1288486 2.97734
7314306 7913628 3.18392
7314306 16576496 3.25714
7314306 12419057 3.37377
7314306 1658379 3.564
7314306 4648659 3.83137
7314306 1558074 3.93468
7314306 12775685 3.9772
7314306 7466199 4.00235
7314306 6889278 4.08061
7314306 6787216 4.3822
7314306 11347718 4.41867
7314306 6680282 4.94296
7314306 15058978 5.32806
7314306 16525690 5.4741
7314306 2013972 5.51936
7314306 12336946 5.6796
7314306 9620362 5.72821
7314306 76541 5.81269
7314306 63077 5.87431
7314306 42245 5.88358
7314306 11324130 5.92384
7314306 8231538 6.24232
7314306 993464 6.37829
7314306 8517184 6.45796
7314306 15291279 6.54047
7314306 10448457 6.57701
7314306 11531569 7.12581
7314306 15980615 7.32789
7314306 15341483 7.33709
7314306 7249211 7.41988
7314306 8825234 7.53185
7314306 9590121 7.73965
7314306 14703392 7.82328
7314306 6491864 7.91242
7314306 1462619 7.93569
7314306 4204505 7.94967
7314306 16211720 7.9785
7314306 14681650 8.00565
7314306 6980247 8.10414
7314306 11453702 8.4034
7314306 3498231 8.47197
7314306 4738266 8.6329
7314306 2017705 8.65397
7314306 4926082 8.69712
7314306 11650491 8.84818
7314306 11448261 8.9011
7314306 4955593 8.96471
7314306 11192381 9.12435
7314306 7664330 9.25004
7314306 11721295 9.37357
7314306 11196496 9.48441
7314306 16538750 9.76203
7314306 1496440 9.7645
7314306 11807743 9.78449
7314306 13983445 9.80711
7314306 10458351 10.0363
7314306 14033691 10.3502
7314306 2298397 10.5857
7314306 11746473 10.5859
7314306 4614829 11.0439
7314306 2791148 11.0616
7314306 358234 11.0815
7314306 4279753 11.1995
7314306 16074619 11.236
7314306 15163096 11.3375
7314306 5337638 11.3531
7314306 2333020 11.5518
7314306 16381487 11.9708
7314306 8966435 11.971
7314306 14319018 11.9949
7314306 645320 12.1109
7314306 2127197 12.3051
7314306 8064206 12.3699
7314306 10311140 12.4923
7314306 5885738 12.6263
7314306 9339718 12.659
7314306 2821264 12.6861
7314306 2845050 12.8629
7314306 9822029 12.8952
7314306 4158191 13.0465
7314306 2692670 13.1434
7314306 10317640 13.4613
7314306 15315831 13.523
7314306 12550841 13.8022
7314306 10351863 13.8521
7314306 7688181 13.9329
7314306 13490529 13.9758
7314306 8814296 14.1259
7314306 8756678 14.2246
7314306 9918846 14.2742
7314306 1593918 14.3414
7314306 4483567 14.6129
7314306 13931871 14.7816
7314306 272623 14.8117
7314306 7588471 15.1053
7314306 11756855 15.16
7314306 14553862 15.175
7314306 10304892 15.273
7314306 8661596 15.5242
7314306 1437242 15.6425
7314306 11394437 16.1006
7314306 12881959 16.1236
7314306 1909990 16.163
7314306 1939102 16.2307
7314306 653319 16.4214
7314306 6407919 16.9966
7314306 13629025 17.1781
7314306 9494656 17.4202
7314306 5639044 17.5382
7314306 7523452 17.7129
7314306 9605663 18.0532
7314306 5338264 18.1347
7314306 12215835 23.6718
7314306 11228029 18.1692
7314306 7925442 18.3472
7314306 4545889 19.4471
7314306 6332188 20.0194
7314306 13431309 20.6879
7314306 14886093 23.1607
3688984 6659152 4.95663
3688984 3297742 4.97411
3688984 1064694 5.02857
3688984 9425417 5.33678
3688984 16111436 5.39882
3688984 7514726 5.83004
3688984 8865325 5.85668
3688984 214408 5.907
3688984 7541831 6.08635
3688984 1403847 6.54967
3688984 3508994 6.56541
3688984 9773806 6.57013
3688984 13613173 6.70544
3688984 11162988 6.93266
3688984 4061269 7.16278
3688984 7836146 7.66839
3688984 6036793 7.96022
3688984 7009827 8.16627
3688984 7824318 8.49603
3688984 12533725 8.74634
3688984 16439202 8.79448
3688984 11650738 8.95332
3688984 2112325 9.06358
3688984 13439190 9.11051
3688984 16636789 9.30273
3688984 4062617 9.3096
3688984 11331110 9.51618
3688984 2480999 9.59685
3688984 6385688 9.6642
3688984 13633664 9.66438
3688984 2133427 9.75775
3688984 5144799 9.76401
3688984 11989680 10.2073
3688984 16070145 10.5218
3688984 3458912 10.6923
3688984 16440311 10.8784
3688984 16700035 10.8915
3688984 14102039 10.9563
3688984 5520826 11.0107
3688984 937619 11.3529
3688984 8922129 11.4113
3688984 5487216 11.4606
3688984 10171333 11.6233
3688984 11316380 11.7328
3688984 15705272 11.8459
3688984 11814012 11.8838
3688984 3728401 12.0127
3688984 4502876 12.0475
3688984 11293092 12.1124
3688984 1170482 12.2888
3688984 2147406 12.4114
3688984 10717378 12.4292
3688984 1299873 12.4781
3688984 8274395 12.7716
3688984 4392189 12.8058
3688984 12010361 12.8432
3688984 14652966 12.885
3688984 14032354 13.0408
3688984 7553070 13.1502
3688984 2247540 13.3227
3688984 12993614 13.3825
3688984 15893027 13.4724
3688984 16558299 13.6027
3688984 4910087 13.7068
3688984 1713091 13.8061
3688984 71094 13.8613
3688984 4078420 14.0433
3688984 5452560 14.1409
3688984 10427695 14.2151
3688984 13392606 14.3242
3688984 15600289 14.4529
3688984 1858663 14.4691
3688984 1197461 14.92
3688984 14149522 15.091
3688984 13133317 15.3919
3688984 7726904 15.448
3688984 10805769 15.7583
3688984 1301988 15.982
3688984 13102212 16.0342
3688984 1023900 16.533
3688984 10113527 16.7945
3688984 12244803 16.8022
3688984 7069794 16.8587
3688984 12644825 16.8709
3688984 16344226 16.9227
3688984 10782378 17.0102
3688984 7408589 17.0496
3688984 14601569 17.0962
3688984 5842708 17.277
3688984 15127139 17.3808
3688984 3365480 17.807
3688984 10962415 17.903
3688984 14696106 18.0656
3688984 4925574 18.0725
3688984 11167108 18.0829
3688984 8511486 18.0866
3688984 12574384 18.2289
3688984 3039825 18.2347
3688984 4051850 18.348
3688984 10961602 18.3674
3688984 1701267 18.4802
3688984 12871215 18.5931
3688984 7039783 18.6164
3688984 1530569 18.7061
3688984 5248488 18.8025
3688984 7407483 18.8474
3688984 12055047 18.9424
3688984 14476907 19.037
3688984 6486030 19.1481
3688984 2134501 19.6395
3688984 8784874 19.7096
3688984 14224614 19.7319
3688984 10729362 19.7671
3688984 7247976 19.771
3688984 3657061 19.8041
3688984 1225484 20.0372
3688984 10118632 20.0574
3688984 2615697 20.1517
3688984 4522971 20.1894
3688984 10027737 70.3339
9608588 3200090 5.96917
9608588 5916497 6.05421
9608588 14914031 6.23057
9608588 64476 6.30487
9608588 1290780 6.41296
9608588 13318270 6.46401
9608588 5231917 6.63306
9608588 10015617 6.75629
9608588 11248915 6.94246
9608588 430063 7.10061
9608588 7678324 7.26618
9608588 4148037 7.29529
9608588 4634476 7.34802
9608588 11062272 7.39057
9608588 5070093 7.41137
9608588 4212559 7.77723
9608588 12117186 7.77959
9608588 3754645 7.83541
9608588 8804685 7.88137
9608588 14594188 7.96568
9608588 3002669 7.96715
9608588 1516107 8.04708
9608588 4368067 8.12714
9608588 3514629 8.17822
9608588 7049340 8.53307
9608588 10538166 8.62069
9608588 10538363 8.78694
9608588 6677643 9.05198
9608588 16283634 9.39992
9608588 170480 9.5668
9608588 7181183 9.7144
9608588 9228589 9.72478
9608588 9891720 9.85099
9608588 2983370 10.0379
9608588 14519834 10.1126
9608588 4799049 10.1921
9608588 6379911 10.4948
9608588 15648914 10.7238
9608588 8228498 11.0157
9608588 2091228 11.0466
9608588 6993709 11.129
9608588 2527267 11.2683
9608588 12732489 11.3112
9608588 14057757 11.513
9608588 13658856 11.57
9608588 16066389 11.6487
9608588 1033445 11.797
9608588 4247043 12.0918
9608588 13848219 12.096
9608588 13430461 12.1303
9608588 12435200 12.1409
9608588 1905456 12.2856
9608588 2724250 12.3514
9608588 16653643 12.416
9608588 16531395 12.5291
9608588 7429917 12.5756
9608588 9865066 12.7225
9608588 7682645 12.7257
9608588 16457055 13.021
9608588 4777148 13.2117
9608588 13412881 13.2613
9608588 14255142 13.2892
9608588 2984941 13.3301
9608588 7008904 13.3352
9608588 5746681 13.4045
9608588 2516835 13.5094
9608588 6594560 13.7396
9608588 13901963 13.8917
9608588 2530149 13.9012
9608588 13613572 13.9102
9608588 2381801 14.0006
9608588 14396400 14.0501
9608588 1449700 14.0995
9608588 13803847 14.282
9608588 15051170 14.4399
9608588 7010189 14.6176
9608588 16716574 14.7799
9608588 14187038 14.7968
9608588 12800046 15.3611
9608588 10883750 15.9383
9608588 13314756 16.284
9608588 7454651 16.3215
9608588 907438 16.3331
9608588 6233646 16.4109
9608588 10972750 16.6616
9608588 13888364 16.7791
9608588 15985375 16.9525
9608588 7734228 16.9764
9608588 8646192 17.0322
9608588 14932456 17.2475
9608588 10959737 17.661
9608588 9589335 17.8344
9608588 1282600 17.8546
9608588 300029 17.943
9608588 4849342 18.2722
9608588 3334229 18.3402
9608588 14587068 18.3637
9608588 6711587 18.4053
9608588 11570244 18.4155
9608588 12409127 18.4528
9608588 15502645 18.4543
9608588 8070877 18.6447
9608588 13231669 18.7284
9608588 10629365 18.8099
9608588 10826663 18.864
9608588 6707329 18.922
9608588 4026182 18.995
9608588 3680933 19.1143
9608588 11149094 19.1254
9608588 11312509 19.4329
9608588 10859851 19.591
9608588 1345253 19.6267
9608588 10152267 20.0917
9608588 460583 20.1376
9608588 10139622 20.2548
9608588 7508339 20.3633
9608588 16238625 20.6183
9608588 14240919 20.6799
9608588 12650802 20.8986
9608588 5106716 21.0345
3701059 2636595 0.798128
3701059 1496771 1.28048
3701059 12472194 1.29161
3701059 3116889 1.43183
3701059 15660210 1.71073
3701059 8641366 1.72485
3701059 4165598 1.74075
3701059 12379716 2.65343
3701059 5339616 3.14311
3701059 3346006 3.93393
3701059 5530136 4.12262
3701059 5699515 4.55644
3701059 2370467 4.68387
3701059 14723310 4.90077
3701059 5183606 5.12901
3701059 8020817 5.6312
3701059 11386503 5.8397
3701059 7115106 6.15112
3701059 16570471 6.38709
3701059 4502297 7.19453
3701059 6933550 8.39159
3701059 11014187 8.51812
3701059 3250766 9.24973
3701059 10502784 9.98853
3701059 313762 10.1395
3701059 12144604 10.3726
3701059 15705238 10.612
3701059 11543606 10.6168
3701059 2193521 10.7682
3701059 2547456 11.0352
3701059 8835669 11.7346
3701059 9766443 12.4134
3701059 10110275 12.8877
3701059 15224641 13.0197
3701059 12298464 13.1669
3701059 943003 13.9817
3701059 2496265 14.6455
3701059 8215498 14.7962
3701059 734123 16.2325
3701059 8267842 16.4134
3701059 9708622 16.9765
3701059 6719376 17.909
3701059 8592737 18.5124
3701059 2983758 18.6133
3701059 16222697 19.727
3701059 10788579 20.5876
3701059 3908033 20.6963
3701059 12170138 20.8484
3701059 12880241 21.1544
3701059 1721042 21.3261
3701059 14273711 21.364
3701059 6707752 22.4378
3701059 1523445 22.453
3701059 13384654 22.7545
3701059 1282071 22.9608
3701059 260185 23.1419
3701059 1036067 23.4231
3701059 3778740 23.7414
3701059 6193032 23.8826
3701059 12269644 24.2167
3701059 15155254 24.2409
3701059 13552706 24.5205
3701059 2005536 24.7597
3701059 15077730 25.0861
3701059 3636759 25.203
3701059 5730708 25.3696
3701059 1766942 25.5603
3701059 3582770 26.2368
3701059 14464463 26.4053
3701059 3342224 26.7076
3701059 16189066 26.7293
3701059 7527763 26.8514
3701059 13997210 26.8864
3701059 10160019 131.252
3701059 12386136 135.643
3701059 10414140 136.989
3701059 11044044 138.624
3701059 10977628 240.146
10409816 11793841 0.787943
10409816 5379364 0.869311
10409816 10150080 1.29458
10409816 14663090 1.48174
10409816 7380716 1.63412
10409816 14803323 1.8265
10409816 13025172 2.8951
10409816 8326793 3.22158
10409816 4780480 3.61304
10409816 1354151 3.64321
10409816 10865450 3.82512
10409816 8834012 4.92911
10409816 10118946 5.29376
10409816 6800841 5.35146
10409816 1279942 8.32956
10409816 9938838 8.69389
10409816 12960352 9.09015
10409816 9830189 9.46687
10409816 9410296 9.76781
10409816 12189736 9.81081
10409816 11320065 10.7671
10409816 8600087 11.4488
10409816 5988322 11.5754
10409816 4546394 11.8499
10409816 6264007 12.5115
10409816 11158266 12.5922
10409816 8577512 13.1105
10409816 6119353 13.1243
10409816 8041765 13.5932
10409816 15809558 13.7267
10409816 7750906 13.8618
10409816 4391740 14.118
10409816 3293132 14.625
10409816 12752088 15.4931
10409816 4504594 15.5999
10409816 12762541 15.7079
10409816 12132361 16.7179
10409816 8835350 16.8569
10409816 15101592 17.1977
10409816 16693603 17.4092
10409816 5547352 17.5968
10409816 11299086 17.926
10409816 2430874 17.9678
10409816 7566540 18.3206
10409816 6709833 18.3381
10409816 8770885 18.636
10409816 13119808 18.6788
10409816 6111217 18.9213
10409816 16581315 18.9495
10409816 11817629 19.0955
10409816 10393332 19.2305
10409816 10793679 19.4193
10409816 8439206 19.4419
10409816 14031335 19.6209
10409816 9804830 19.8327
10409816 10357785 19.8778
10409816 3378473 20.192
10409816 10391827 20.2488
10409816 13746577 20.4119
10409816 5793395 20.7396
10409816 15968257 21.0072
10409816 7222543 22.0566
10409816 2160983 22.5388
10409816 6422654 23.7556
10409816 3647721 24.4085
10409816 5134235 24.7275
10409816 2395688 24.7884
10409816 4293501 24.9601
10409816 9420562 25.0434
10409816 546800 25.9057
10409816 14036717 26.2383
10409816 11048601 26.2401
10409816 11238132 26.2667
10409816 15539715 27.0116
10409816 14946537 27.279
10409816 13447324 29.8558
10409816 2531962 30.2334
3253836 14089385 1.16623
3253836 16412889 1.17932
3253836 4977122 1.22953
3253836 10881647 1.38738
3253836 14502517 1.52862
3253836 1522317 1.53997
3253836 2207115 1.74757
3253836 3760478 2.29138
3253836 5247172 2.7223
3253836 750537 2.86862
3253836 7864007 3.21145
3253836 7212494 3.23203
3253836 13106010 3.66187
3253836 2937685 4.28036
3253836 10461861 5.21362
3253836 13676166 5.3919
3253836 2618177 5.40603
3253836 14697363 5.89772
3253836 185931 5.9746
3253836 3057079 6.10463
3253836 2398832 6.99372
3253836 7180997 7.15974
3253836 5653854 7.27935
3253836 8631300 7.53914
3253836 13907818 8.09577
3253836 1247597 9.04323
3253836 15011274 9.13933
3253836 16142182 9.4517
3253836 1536508 10.0131
3253836 1914057 10.4676
3253836 15238546 10.5773
3253836 6336219 10.842
3253836 5625510 10.8936
3253836 5381090 10.9981
3253836 3161930 11.5399
3253836 7412398 14.2142
3253836 3466522 14.2523
3253836 8894487 14.9578
3253836 5061018 15.5556
3253836 10358838 15.8442
3253836 486070 17.0631
3253836 10767864 17.4509
3253836 7303226 17.5822
3253836 11693370 17.8299
3253836 385495 18.2463
3253836 15809191 18.329
3253836 14235755 18.4031
3253836 4197608 18.6926
3253836 6296611 20.0739
3253836 3233405 20.423
3253836 7794739 20.4396
3253836 5979061 20.6107
3253836 7454738 21.6138
3253836 11524933 21.6596
3253836 15603277 21.7677
3253836 8480382 22.0181
3253836 1202074 22.1455
3253836 12997275 22.1736
3253836 5074711 22.9573
3253836 8570973 23.0728
3253836 13213655 23.3906
3253836 12002453 24.1533
3253836 7026346 24.4436
3253836 10375861 24.5802
3253836 8706769 24.5999
3253836 5824636 24.8631
3253836 481772 25.4772
3253836 11147675 25.7779
3253836 1689932 25.8638
3253836 9658045 25.9543
3253836 3536875 26.4676
3253836 1492829 26.6116
3253836 9317149 27.0126
3253836 3784836 27.0443
3253836 2164329 27.166
3253836 243957 27.2779
15546036 8310718 0.18517
15546036 11763013 0.198651
15546036 1317066 0.855488
15546036 5536450 0.995513
15546036 15206867 2.21492
15546036 12998634 2.23748
15546036 1824436 2.4675
15546036 12954899 2.49236
15546036 13019164 2.62041
15546036 2160238 2.79644
15546036 4600787 2.89752
15546036 7825289 2.95931
15546036 7496224 3.1492
15546036 581772 3.24888
15546036 3647152 4.40416
15546036 11846877 4.46236
15546036 11735920 4.53872
15546036 3492086 5.24954
15546036 2379775 5.30168
15546036 15681563 5.37766
15546036 4318354 5.42809
15546036 6276892 5.53449
15546036 3303262 6.00582
15546036 937142 7.03327
15546036 2106528 8.50008
15546036 15231913 9.81813
15546036 6230576 9.91822
15546036 1760937 10.4891
15546036 4658789 10.8773
15546036 1074610 11.1707
15546036 4347576 11.7914
15546036 10770405 12.3381
15546036 1612424 13.1593
15546036 4923121 13.5855
15546036 10159619 13.732
15546036 3704246 14.5991
15546036 11504414 14.9172
15546036 13113007 15.063
15546036 4915381 15.7334
15546036 9401751 15.909
15546036 7920328 15.9299
15546036 14954307 16.0582
15546036 15589740 16.3405
15546036 3452386 16.3493
15546036 11132873 16.8688
15546036 13993405 17.2515
15546036 6721199 17.3088
15546036 4455916 17.3754
15546036 2690882 17.8228
15546036 8698579 17.9638
15546036 5033954 18.9975
15546036 3145069 19.0813
15546036 15464364 19.4633
15546036 12397627 19.7152
15546036 16383015 20.0615
15546036 10810114 21.0932
15546036 10144404 21.2731
15546036 4296126 21.3706
15546036 732084 21.4877
15546036 3467628 21.6847
15546036 15315136 22.6317
15546036 2357160 22.808
15546036 8458389 23.2977
15546036 3389714 23.3422
15546036 10860041 23.3539
15546036 8334878 23.7535
15546036 9072394 24.9418
15546036 8941299 26.1014
15546036 3805232 26.3112
15546036 7858520 26.8884
15546036 1681536 27.0563
15546036 6814095 27.172
15546036 8947302 27.4346
15546036 11948750 27.5123
15546036 12852151 27.7538
15546036 9769565 27.9449
15546036 10069856 28.2157
15546036 12879457 28.2995
4784871 3941450 0.310645
4784871 15800781 0.857903
4784871 13599739 0.892407
4784871 4990655 1.56551
4784871 45334 1.82038
4784871 7447948 1.92241
4784871 9102056 3.06262
4784871 9991751 3.11357
4784871 7274256 3.15925
4784871 10930166 3.64607
4784871 9626852 4.12001
4784871 10995910 4.25676
4784871 15526744 4.37778
4784871 9428631 4.48446
4784871 13848779 4.74841
4784871 2689965 4.90368
4784871 4845644 5.33389
4784871 9922671 5.65123
4784871 11205715 6.15966
4784871 11725766 6.29961
4784871 4588683 7.06217
4784871 4946923 7.26503
4784871 16021028 7.27421
4784871 4577499 7.38795
4784871 13648406 7.43652
4784871 6585985 7.7933
4784871 3956551 8.31741
4784871 4221992 8.41619
4784871 8717006 8.89999
4784871 12262775 9.33883
4784871 1524989 10.1217
4784871 6199120 10.1894
4784871 15804390 11.6362
4784871 73405 11.9813
4784871 5447037 12.4674
4784871 81533 13.032
4784871 6851060 13.797
4784871 16769300 16.0043
4784871 9596844 16.2218
4784871 9340339 16.6037
4784871 2603120 17.1672
4784871 616609 17.7116
4784871 342246 18.409
4784871 9140527 18.4607
4784871 12196812 18.4858
4784871 16331318 18.5574
4784871 5343642 18.6793
4784871 13887915 18.913
4784871 14541048 19.3557
4784871 12738850 19.8552
4784871 241833 20.0135
4784871 11088639 20.2204
4784871 15958454 20.233
4784871 14777393 21.3999
4784871 13374225 21.4103
4784871 6714496 21.6834
4784871 4741414 21.7136
4784871 6209947 21.8561
4784871 10342358 22.5569
4784871 8233744 23.077
4784871 9023058 24.2672
4784871 7742773 24.2983
4784871 395951 24.5676
4784871 4294460 25.0944
4784871 14114157 25.6757
4784871 10066474 25.9806
4784871 10669470 27.1614
4784871 9584898 27.3765
4784871 4012633 27.8777
4784871 10543362 28.1277
4784871 7344694 28.3587
4784871 7065517 29.0786
4784871 11681384 29.4366
4784871 13206524 29.4621
4784871 15018708 29.71
8360596 2473213 1.06359
8360596 9026415 1.12
8360596 3447565 1.17318
8360596 14136503 1.87371
8360596 13703505 2.01736
8360596 10942683 2.25213
8360596 2783184 2.2781
8360596 10061787 2.35728
8360596 11193594 3.0057
8360596 15319212 3.90271
8360596 7466039 4.22532
8360596 12247582 4.72421
8360596 7242358 5.01615
8360596 8854122 5.285
8360596 711847 5.98958
8360596 9379357 6.42711
8360596 7588508 6.45252
8360596 15763156 6.99132
8360596 12381946 7.15386
8360596 11430358 7.16743
8360596 1879268 9.22859
8360596 1476588 9.42464
8360596 8665229 9.57832
8360596 16118319 9.61582
8360596 4521580 10.1362
8360596 4367347 10.9722
8360596 481557 11.4801
8360596 7394660 12.5543
8360596 10512945 13.2152
8360596 12428714 13.2545
8360596 4847957 13.8802
8360596 12311785 14.0249
8360596 7749326 14.2575
8360596 14099809 14.6715
8360596 2508988 15.3688
8360596 15653112 15.8823
8360596 7607865 16.3574
8360596 4895343 16.505
8360596 5793677 16.5979
8360596 2741966 17.3101
8360596 7362713 17.9025
8360596 15371020 18.0634
8360596 12109318 18.0656
8360596 10851782 18.8156
8360596 3974685 18.8744
8360596 6993766 18.9539
8360596 9464537 19.3498
8360596 16516697 20.0507
8360596 10687084 20.9449
8360596 12772227 22.0725
8360596 13755482 23.0586
8360596 3809940 24.5252
8360596 7412051 24.8256
8360596 4664490 25.2018
8360596 3923868 25.3807
8360596 10958487 25.5346
8360596 7115651 26.4585
8360596 14344479 26.4668
8360596 10420052 26.548
8360596 8380655 26.594
8360596 9178409 26.5955
8360596 5848840 26.7068
8360596 16399207 27.0269
8360596 10624826 27.4952
8360596 15373745 27.6572
8360596 1938118 28.1098
8360596 13993211 28.242
8360596 567849 28.3328
8360596 2517350 28.7918
8360596 5260536 29.1338
8360596 14452326 29.2009
8360596 4389262 30.6107
8360596 11764252 31.0374
8360596 16058669 31.0972
8360596 12783768 31.4577
8360596 9988468 31.805
8360596 13168227 31.8492
8360596 5192967 32.1448
5203410 11085578 0.16752
5203410 7480416 0.213791
5203410 6143781 0.4389
5203410 8505711 0.836542
5203410 1064570 1.021
5203410 4814655 1.78112
5203410 14333946 2.3522
5203410 11461202 2.64175
5203410 16006191 3.72823
5203410 180498 3.75241
5203410 11863143 5.13583
5203410 9227302 5.25192
5203410 5236870 5.29856
5203410 12696502 5.7249
5203410 8097458 5.76074
5203410 7670409 6.18044
5203410 414204 7.30976
5203410 14112566 7.47115
5203410 10076263 8.30037
5203410 10985174 8.73327
5203410 11819611 8.98071
5203410 13449824 9.50455
5203410 13737332 10.3581
5203410 6671447 10.7179
5203410 4078104 10.92
5203410 17648 11.0631
5203410 7791009 11.0728
5203410 7401901 11.28
5203410 14040918 11.546
5203410 9250547 11.6041
5203410 7529269 11.7693
5203410 1533594 12.103
5203410 10271272 12.3128
5203410 5151477 12.7532
5203410 13963739 12.7753
5203410 10113500 13.0938
5203410 8466282 13.6433
5203410 12172272 13.9095
5203410 308324 15.0828
5203410 2585311 15.1424
5203410 12570866 16.2962
5203410 8162326 16.3508
5203410 8690830 16.3801
5203410 5236634 16.4934
5203410 4277818 16.7909
5203410 4974234 17.0219
5203410 8781925 17.9241
5203410 8208017 18.1313
5203410 6945150 18.285
5203410 5689708 18.6787
5203410 13409862 18.7565
5203410 9198799 19.0872
5203410 16272364 19.1668
5203410 4232994 19.9807
5203410 14952595 20.0885
5203410 5206539 20.2953
5203410 13513090 20.8475
5203410 5954992 21.0332
5203410 4609656 21.5116
5203410 199664 22.1764
5203410 13578973 22.3401
5203410 12577421 23.1062
5203410 7112953 23.6728
5203410 15035264 23.7817
5203410 2548789 24.3974
5203410 13669056 24.9493
5203410 7773387 25.3493
5203410 15716482 25.4277
5203410 5335031 26.2797
5203410 5723064 26.3479
5203410 8635064 26.8472
5203410 2229952 27.9025
5203410 13119210 28.2369
5203410 9955663 29.1123
5203410 5287669 29.9118
5203410 8772063 29.9817
5203410 532429 30.8921
5203410 14296857 31.0501
5203410 12799821 31.2536
8645451 13343981 0.749644
8645451 5949647 0.815109
8645451 9418348 2.01074
8645451 4187892 2.09064
8645451 4524975 2.67507
8645451 4197584 3.08618
8645451 9510356 3.18636
8645451 5197402 3.4825
8645451 15161760 3.6015
8645451 8050643 4.47364
8645451 4030797 4.6374
8645451 15732509 5.36524
8645451 10750553 5.50177
8645451 1722981 5.5236
8645451 5419507 5.80693
8645451 8330824 5.99648
8645451 12539327 6.2091
8645451 13658286 6.40682
8645451 3108103 7.44646
8645451 6826484 8.07707
8645451 8700872 8.18619
8645451 9692605 8.27608
8645451 5473166 8.52566
8645451 10620200 9.50023
8645451 14680816 9.64607
8645451 16470699 10.2323
8645451 4274611 10.3607
8645451 11028777 12.8567
8645451 10735968 12.9885
8645451 12390548 13.295
8645451 11462792 13.5097
8645451 2470104 13.6838
8645451 13954704 14.1851
8645451 6643383 14.3322
8645451 3512046 14.5068
8645451 6421622 15.0674
8645451 3678316 15.0892
8645451 15877602 16.2816
8645451 10670490 17.0664
8645451 1669064 17.2789
8645451 11799493 17.5643
8645451 13660764 17.8752
8645451 6399488 18.2639
8645451 9833880 18.7005
8645451 15840385 18.8203
8645451 5609840 19.0698
8645451 9431221 19.6626
8645451 8619884 19.8095
8645451 12114989 19.963
8645451 11047408 20.1654
8645451 2616905 20.3355
8645451 14974817 20.427
8645451 5674271 20.4554
8645451 11237045 20.6219
8645451 1806030 20.999
8645451 12732838 21.2571
8645451 2579667 21.9561
8645451 4133327 22.002
8645451 13881677 22.4949
8645451 3732480 22.8075
8645451 14608366 22.8357
8645451 1193491 23.1633
8645451 9046495 23.6226
8645451 7096366 24.8859
8645451 916013 25.0881
8645451 2575296 25.2022
8645451 15062700 25.2116
8645451 2608027 25.2442
8645451 16140034 25.4685
8645451 5578414 26.2229
8645451 10529567 26.6971
8645451 9842525 27.335
8645451 15828711 27.5293
8645451 10785102 27.537
8645451 3260704 28.2133
8645451 1280006 28.4051
8645451 7144709 28.4305
8645451 3779056 28.5802
12331301 12661673 0.828132
12331301 12193346 1.23529
12331301 11263247 1.76689
12331301 643565 2.38354
12331301 16350553 2.83515
12331301 13332289 3.07584
12331301 12054285 3.11649
12331301 9926750 3.998
12331301 832451 4.02636
12331301 10414381 4.07827
12331301 14896582 4.17527
12331301 7790948 4.63378
12331301 4811553 4.73992
12331301 8170875 5.18963
12331301 13032893 5.20155
12331301 2720278 5.29354
12331301 3601364 5.71591
12331301 14643058 6.70313
12331301 16508491 6.78801
12331301 7121610 6.97404
12331301 6004710 7.44278
12331301 12022584 7.61772
12331301 2775868 8.51374
12331301 1171732 8.58454
12331301 15538161 9.19485
12331301 2965401 9.20018
12331301 5970396 9.31953
12331301 4635753 9.47212
12331301 4188405 9.61595
12331301 654134 9.86225
12331301 10589876 10.2828
12331301 8106332 11.2932
12331301 13220223 11.3028
12331301 16651031 11.5657
12331301 853002 12.0598
12331301 14955411 12.1205
12331301 4959522 12.2369
12331301 10289619 12.3798
12331301 12542802 13.8789
12331301 2687615 14.9489
12331301 4903157 15.1425
12331301 4125553 16.4369
12331301 12126818 16.8863
12331301 1303249 17.8056
12331301 11147561 17.8776
12331301 10345028 19.119
12331301 13569078 19.8091
12331301 897769 20.3021
12331301 3782203 21.9852
12331301 1387728 22.2647
12331301 7599058 22.9596
12331301 10586599 23.175
12331301 15035145 23.2073
12331301 13969132 23.3872
12331301 16002498 23.4776
12331301 11286548 23.9903
12331301 1513496 24.4562
12331301 3070762 24.7867
12331301 740769 26.0785
12331301 5907816 26.6519
12331301 3881036 26.7681
12331301 2439264 28.3374
12331301 9297551 28.5038
12331301 6041816 28.8931
12331301 15742259 29.9898
12331301 16349293 30.8606
12331301 10445277 31.5198
12331301 4751360 31.5587
12331301 13799790 31.8552
12331301 6727337 33.1485
12331301 14501596 33.5155
12331301 577858 34.0365
12331301 10944701 34.3012
12331301 7365458 34.3134
12331301 8910819 34.3148
12331301 14609496 34.5979
12331301 14000346 34.8151
12331301 5687025 35.2445
12331301 13632987 35.2714
14530967 3463808 0.954592
14530967 1437075 1.02926
14530967 13828149 1.14963
14530967 14182509 1.87062
14530967 9114476 1.90202
14530967 14499914 2.14889
14530967 2747231 2.3123
14530967 8381586 3.33882
14530967 1127701 3.90606
14530967 3339369 3.92522
14530967 331881 4.1689
14530967 16279137 4.62413
14530967 14845667 4.65774
14530967 16127985 4.82082
14530967 12591603 5.55704
14530967 16511724 5.77767
14530967 14942332 6.15287
14530967 7670327 6.34705
14530967 9402299 6.42271
14530967 10094732 7.20675
14530967 10425466 8.2387
14530967 4701170 8.34948
14530967 2294836 8.73387
14530967 13041809 10.151
14530967 1959429 10.5058
14530967 16539910 11.4102
14530967 9662475 11.6919
14530967 14051442 11.7217
14530967 13392563 11.8425
14530967 5979191 12.3761
14530967 3471741 12.9313
14530967 6690239 13.041
14530967 16047291 13.5593
14530967 13755483 14.3039
14530967 9197769 15.325
14530967 6753 15.3315
14530967 13429543 15.5665
14530967 7480531 15.6929
14530967 4163065 16.0864
14530967 8976581 16.3896
14530967 1678796 16.4421
14530967 14954408 16.5258
14530967 4175507 16.5891
14530967 10374699 16.996
14530967 11397566 17.5751
14530967 12786402 18.0268
14530967 8848359 18.1203
14530967 10024333 18.3254
14530967 10003896 19.8008
14530967 2291421 20.2397
14530967 6087889 20.4184
14530967 3276449 20.8362
14530967 10154569 21.0022
14530967 2485807 21.6438
14530967 3292862 21.9455
14530967 2288326 22.6157
14530967 12312648 24.0964
14530967 15688013 24.4062
14530967 9147513 24.5432
14530967 3771795 24.6884
14530967 4142205 25.0584
14530967 8363731 25.4698
14530967 16186022 26.8844
14530967 6359243 27.3543
14530967 15550904 28.1063
14530967 2582109 29.1975
14530967 4388660 30.5086
14530967 15653911 30.5104
14530967 14872607 30.5484
14530967 9430703 30.9909
14530967 1015396 31.0754
14530967 8339602 31.1207
14530967 13606170 31.359
14530967 1603114 31.6338
14530967 15657236 32.5751
14530967 1712556 32.6902
14530967 4553278 32.7967
14530967 13117959 32.8806
14530967 8410797 33.3718
2636554 9127963 0.717853
2636554 13588891 0.774186
2636554 12805391 2.15331
2636554 14842028 3.13634
2636554 9159067 3.74676
2636554 1926955 4.61005
2636554 4600586 5.42765
2636554 1352265 5.56512
2636554 8293587 5.67436
2636554 6420311 6.10114
2636554 10684908 6.25445
2636554 15166202 6.79265
2636554 5132391 7.27504
2636554 6559521 8.27395
2636554 7387889 8.62926
2636554 9139783 9.81376
2636554 13009172 9.91051
2636554 15244958 10.079
2636554 10170696 10.7316
2636554 3971409 11.8854
2636554 15163866 12.1349
2636554 8197123 12.4756
2636554 33060 12.6495
2636554 671327 13.1491
2636554 10358843 13.1525
2636554 15263927 13.4168
2636554 14234615 13.4453
2636554 7371590 13.9104
2636554 5045399 13.9312
2636554 9872518 14.7905
2636554 239059 14.9032
2636554 14972512 15.402
2636554 10491540 16.38
2636554 10844115 16.7654
2636554 5753633 16.9633
2636554 9331819 17.1045
2636554 13785823 17.2103
2636554 10258205 17.4276
2636554 3808618 17.9696
2636554 11574982 18.0867
2636554 15279181 18.3355
2636554 15038756 18.3846
2636554 11699768 18.646
2636554 10361622 19.2162
2636554 2386277 20.8388
2636554 12427234 21.0594
2636554 2669315 21.2003
2636554 9302913 21.2657
2636554 13170498 21.2827
2636554 2376721 21.8576
2636554 14481868 22.0965
2636554 8825780 22.2718
2636554 4021535 22.3048
2636554 3437759 22.6896
2636554 8268157 22.7243
2636554 16099013 22.8038
2636554 5866639 23.0927
2636554 2830367 23.1701
2636554 11460184 23.5219
2636554 14582204 23.6106
2636554 7799611 23.9378
2636554 13624043 24.2911
2636554 2655276 24.6193
2636554 2576590 24.6402
2636554 6408481 24.919
2636554 4244760 25.9626
2636554 8322220 25.9875
2636554 6650850 26.0226
2636554 7869919 27.1143
2636554 5493885 27.1744
2636554 14275832 28.4516
2636554 693468 28.6219
2636554 4788611 29.4145
2636554 6347299 30.5677
2636554 15261854 30.597
2636554 906870 30.6736
2636554 4474902 31.1451
2636554 5371584 31.5222
2516376 3138454 0.797615
2516376 2468426 1.12698
2516376 13520663 1.1417
2516376 296762 2.2329
2516376 11934064 2.27001
2516376 7445530 2.4768
2516376 16603567 2.86648
2516376 6919561 2.95743
2516376 1441181 3.40133
2516376 14615417 3.60664
2516376 14492884 3.71444
2516376 6928634 4.58582
2516376 9999428 4.71595
2516376 1741896 4.85629
2516376 11609212 5.27527
2516376 7312729 5.30503
2516376 6497511 6.18353
2516376 1486527 6.40259
2516376 4477810 7.76083
2516376 2447691 8.82615
2516376 12448171 9.20412
2516376 7405027 9.64049
2516376 5853642 9.80683
2516376 16773982 9.88904
2516376 15807526 9.90939
2516376 6495363 10.2442
2516376 16174514 12.2203
2516376 8790440 12.6058
2516376 5217563 13.1404
2516376 8913517 14.7087
2516376 16384733 15.254
2516376 2888846 16.0166
2516376 11502542 16.6511
2516376 2715067 16.7365
2516376 4562548 16.755
2516376 12097478 16.8493
2516376 4793174 17.2433
2516376 13662715 17.2746
2516376 378853 17.921
2516376 5950516 18.5427
2516376 16470924 18.5596
2516376 1243956 19.0009
2516376 466221 19.6592
2516376 507487 19.932
2516376 12111765 20.9539
2516376 14672531 21.1987
2516376 13903877 21.2101
2516376 6731780 21.5716
2516376 1630702 21.6212
2516376 16436318 21.7411
2516376 4351360 22.4489
2516376 558744 22.7184
2516376 15113617 22.814
2516376 121349 22.8211
2516376 11061740 22.9529
2516376 14229056 22.9754
2516376 7461022 23.2216
2516376 13446141 23.3043
2516376 15065393 24.1564
2516376 15455452 24.8068
2516376 50234 25.3602
2516376 2171795 25.4593
2516376 11864464 25.5395
2516376 12184592 26.1693
2516376 5147772 26.9221
2516376 3460687 26.9337
2516376 7763798 27.2758
2516376 8651248 27.6699
2516376 16331210 27.8832
2516376 12591077 28.0524
2516376 7767111 28.4923
2516376 8509967 28.5099
2516376 12986009 28.9308
2516376 839846 28.982
2516376 6439780 29.2474
2516376 13767986 29.5627
2516376 2928679 29.8522
2516376 8845582 29.9877
2516376 7740100 30.0175
13781339 2104616 0.296694
13781339 5311238 0.449981
13781339 3425679 0.504799
13781339 13615316 0.572522
13781339 13538730 1.17857
13781339 12896173 1.74434
13781339 10579630 1.75725
13781339 15533564 2.12232
13781339 10551206 2.57583
13781339 9507995 2.63298
13781339 10770747 2.6911
13781339 15220666 2.77581
13781339 3570876 3.1443
13781339 15188428 3.54489
13781339 16369354 3.91051
13781339 8316545 4.02992
13781339 234585 4.29207
13781339 7554470 4.88348
13781339 9393222 5.23058
13781339 9665451 5.24524
13781339 15102935 5.25002
13781339 14710058 5.33325
13781339 14890077 5.78207
13781339 6584657 6.34021
13781339 5446114 6.49337
13781339 11266672 6.70972
13781339 4237332 7.07627
13781339 9731211 7.78383
13781339 16335158 8.26911
13781339 5868482 8.39634
13781339 11497231 9.46588
13781339 4915077 9.74954
13781339 16072230 9.85194
13781339 12565719 9.93961
13781339 6832555 10.0874
13781339 11677108 10.4317
13781339 8558513 10.4652
13781339 3911033 10.6543
13781339 13234458 11.4413
13781339 6196433 11.5603
13781339 10795398 11.8693
13781339 6258749 12.1807
13781339 15494462 12.533
13781339 10980987 12.5862
13781339 7464281 13.4661
13781339 190310 13.5206
13781339 4713512 14.1351
13781339 7779279 14.347
13781339 4379502 14.4936
13781339 7929849 14.6178
13781339 16132313 14.7573
13781339 6917736 15.6602
13781339 11249066 15.9573
13781339 3687737 17.2004
13781339 13061792 17.6459
13781339 8318316 18.4218
13781339 6073868 18.5372
13781339 12253735 19.1113
13781339 6279159 19.1349
13781339 7783228 20.3885
13781339 2221346 21.192
13781339 15605019 21.3299
13781339 7787370 21.6705
13781339 7391800 21.701
13781339 4845639 21.8647
13781339 2583447 22.3469
13781339 8366859 23.1518
13781339 8290834 23.4771
13781339 3670078 23.5346
13781339 11277119 23.5718
13781339 1092391 24.115
13781339 3114627 24.6133
13781339 14165026 24.7677
13781339 309852 25.588
13781339 9884051 25.6578
13781339 1338675 25.8954
13781339 4939969 25.9378
13781339 13538809 26.1034
13781339 16017231 26.3557
13781339 6126857 26.6633
6517709 9781661 0.871333
6517709 7224586 1.5908
6517709 7143268 1.63594
6517709 9960184 1.8691
6517709 6509220 2.17428
6517709 3430225 3.30594
6517709 7685370 4.05551
6517709 14752802 4.14196
6517709 10690758 4.98568
6517709 11543323 5.00384
6517709 12880132 5.13073
6517709 14025151 6.38379
6517709 9938825 6.42214
6517709 9762109 6.81804
6517709 2831955 6.8957
6517709 14537705 7.50896
6517709 14391159 7.6558
6517709 8963490 7.67335
6517709 7133879 8.00983
6517709 5133520 8.64075
6517709 8464302 8.92698
6517709 1540412 9.03099
6517709 5374732 9.04339
6517709 3076143 9.40121
6517709 11639609 9.69636
6517709 11479924 9.7296
6517709 3323676 9.76987
6517709 6194548 9.92484
6517709 11019465 10.3436
6517709 15594524 11.3582
6517709 4229682 11.4068
6517709 13542535 11.7129
6517709 13537378 12.0827
6517709 5294841 12.2962
6517709 8867911 12.6579
6517709 16367479 13.1682
6517709 10545586 13.4947
6517709 14717076 14.0748
6517709 6224278 14.2014
6517709 8729083 14.5129
6517709 11535871 14.7282
6517709 6726453 15.1526
6517709 7983687 15.2004
6517709 366243 15.4084
6517709 6726735 15.7041
6517709 16125269 15.9124
6517709 7091901 16.622
6517709 6288747 16.9734
6517709 12104001 17.9326
6517709 11079443 18.1787
6517709 8413358 18.3656
6517709 8572553 18.6382
6517709 9652484 19.1873
6517709 12396451 19.6613
6517709 10519317 20.4152
6517709 14393444 21.0661
6517709 32065 21.8342
6517709 11778094 21.8837
6517709 6849068 22.0132
6517709 5178839 22.9433
6517709 1823759 23.0507
6517709 1143452 23.7067
6517709 3767908 23.8729
6517709 8473153 24.6838
6517709 12055975 24.8837
6517709 13505507 24.9745
6517709 5071279 25.6015
6517709 7157702 26.4037
6517709 16284431 26.6343
6517709 4449672 27.038
6517709 2904757 27.1137
6517709 7423193 27.4023
6517709 7457986 27.4349
6517709 15905429 27.4467
6517709 3292029 28.0817
6517709 6432949 28.262
6517709 2886170 28.2825
6517709 5133071 28.3233
6517709 3277613 28.5028
6517709 15016056 28.6391
6517709 12665681 28.8466
10606032 9470938 0.265214
10606032 928399 0.429047
10606032 15565367 0.521623
10606032 3066830 0.700744
10606032 10895749 1.01809
10606032 10181777 1.93076
10606032 7781064 2.28278
10606032 3541551 2.34118
10606032 414170 2.66406
10606032 8643519 2.89394
10606032 14179977 4.30941
10606032 11059562 4.3208
10606032 10266785 4.98026
10606032 14804072 5.11569
10606032 477279 5.37003
10606032 4907276 5.72309
10606032 16004218 5.86576
10606032 16466268 6.50329
10606032 867731 6.67304
10606032 7914386 7.19952
10606032 733704 7.99453
10606032 16123633 8.15857
10606032 9457433 8.25601
10606032 10754858 8.37963
10606032 2599025 8.43313
10606032 9368473 8.82921
10606032 12597077 8.94225
10606032 13032355 9.40564
10606032 4946087 9.48718
10606032 9858448 10.8945
10606032 14733389 11.0285
10606032 7733777 11.2262
10606032 16259345 11.8086
10606032 15520419 11.9364
10606032 16702378 13.3665
10606032 3723312 13.6361
10606032 6151266 14.2063
10606032 118170 14.3809
10606032 1163820 14.4787
10606032 5270241 14.7781
10606032 4261141 15.0061
10606032 727646 15.0773
10606032 3040921 15.5811
10606032 8107626 16.2612
10606032 8129957 16.5044
10606032 8489906 16.6342
10606032 2910888 16.7445
10606032 4404919 18.8574
10606032 15554175 19.3719
10606032 386885 19.814
10606032 3055955 19.8226
10606032 8010597 19.8633
10606032 14099093 19.9651
10606032 13013603 19.9652
10606032 6591573 20.3399
10606032 8309677 20.5779
10606032 12490979 21.2451
10606032 848940 21.5032
10606032 2337523 21.6064
10606032 7012570 21.9554
10606032 4204551 22.3581
10606032 1731156 23.1553
10606032 11599766 23.872
10606032 9352499 24.2088
10606032 11502075 24.4615
10606032 5402052 25.1749
10606032 7340645 25.4191
10606032 14283804 27.439
10606032 6957092 27.9203
10606032 8693933 28.1367
10606032 14073603 28.1554
10606032 1411721 28.1908
10606032 10303430 29.7742
10606032 5022913 30.3305
10606032 13139959 30.8127
10606032 2575696 31.189
10606032 13301582 31.4985
13277721 5337610 0.74516
13277721 5006579 1.22738
13277721 4897841 1.50601
13277721 9151281 1.68605
13277721 5212471 1.76483
13277721 12675325 2.88849
13277721 14272647 3.58908
13277721 10931446 3.74771
13277721 6134313 4.1578
13277721 7920261 4.94943
13277721 3482663 5.11516
13277721 16661307 5.95912
13277721 8148366 6.67533
13277721 16104539 7.76023
13277721 13345246 7.764
13277721 13560369 8.70638
13277721 10424426 8.74543
13277721 9879694 9.20035
13277721 15000303 10.1325
13277721 8031089 10.3046
13277721 8004598 10.6165
13277721 9043542 10.9391
13277721 8222648 10.9969
13277721 11111194 11.9613
13277721 8287365 12.4012
13277721 10955102 12.4539
13277721 6793238 15.0155
13277721 12779722 15.0857
13277721 13253872 15.4481
13277721 12498152 15.6465
13277721 11334815 16.3119
13277721 3907272 17.3926
13277721 3929011 17.4994
13277721 9527814 18.6356
13277721 11285369 19.5801
13277721 6116811 20.0491
13277721 13534559 20.2091
13277721 9619801 21.4883
13277721 7065232 21.4926
13277721 1643397 21.7005
13277721 5867066 21.8048
13277721 7371996 21.8147
13277721 4991599 21.9499
13277721 2908060 23.0936
13277721 16447488 23.4826
13277721 273896 23.6542
13277721 9870771 23.9697
13277721 16400720 24.2324
13277721 14158677 24.3559
13277721 105602 24.9313
13277721 636819 25.2167
13277721 6224379 25.6992
13277721 8633007 25.8766
13277721 245699 26.9381
13277721 2194618 27.4537
13277721 15972183 27.543
13277721 9118392 28.0657
13277721 11777356 29.5733
13277721 14494690 30.225
13277721 7915097 30.9649
13277721 11327557 31.8811
13277721 13762650 32.5429
13277721 9831631 32.7544
13277721 6373761 33.5993
13277721 12111674 33.9758
13277721 15429668 34.0958
13277721 7367018 34.3313
13277721 3857892 34.5889
13277721 3459573 34.917
13277721 4252192 35.1296
13277721 2512981 35.4233
13277721 1268111 36.007
13277721 10507289 36.7408
13277721 4038523 36.9714
13277721 6273962 37.0036
13277721 13927474 37.3863
13277721 9754855 37.4157
13277721 15957837 38.0972
