15361205 11914092 1.95318
15361205 10474484 2.08294
15361205 7328694 2.56209
15361205 10747330 3.01488
15361205 12423791 3.0206
15361205 10586067 3.10706
15361205 16619960 3.27147
15361205 16461458 3.35315
15361205 14459233 3.37087
15361205 5383740 3.67837
15361205 13974216 3.86008
15361205 14983506 4.10727
15361205 12605656 4.45311
15361205 4781550 4.48349
15361205 11492929 4.5765
15361205 11287396 4.67871
15361205 6725840 4.96716
15361205 1876223 5.06691
15361205 11411725 5.32986
15361205 5682525 5.36918
15361205 3763313 5.79502
15361205 550160 5.9435
15361205 7268063 6.35028
15361205 14803276 6.75929
15361205 2402848 6.76333
15361205 8886303 6.80867
15361205 4718484 6.82715
15361205 10666006 6.9132
15361205 1395922 7.16276
15361205 5184887 7.24492
15361205 13273564 7.28493
15361205 11847833 7.40855
15361205 9274008 7.57005
15361205 13653265 7.66918
15361205 1440498 7.76415
15361205 16521133 7.89824
15361205 7067693 8.01811
15361205 404247 8.07482
15361205 12581899 8.39478
15361205 698460 8.44909
15361205 750126 8.45688
15361205 3455521 8.47454
15361205 6284767 8.47457
15361205 9321216 8.48182
15361205 7815724 8.59048
15361205 14835617 8.63171
15361205 6283857 8.79378
15361205 16421044 8.80892
15361205 15493455 9.22846
15361205 15525015 9.59483
15361205 12246308 9.62662
15361205 11489709 9.6722
15361205 6080322 9.74933
15361205 9775557 10.1911
15361205 7185874 10.3119
15361205 14448258 10.6726
15361205 322170 10.8204
15361205 546594 10.9618
15361205 7877177 11.2057
15361205 781592 11.8699
15361205 13626875 12.2072
15361205 3894466 12.225
15361205 9921080 12.5668
15361205 4148819 12.6526
15361205 12916001 12.908
15361205 7117496 13.2972
15361205 10421348 13.3447
15361205 2244292 13.579
15361205 8647657 13.8387
15361205 1667799 13.8955
15361205 5666248 14.1041
15361205 6338419 15.035
15361205 15968944 15.0981
15361205 1838204 15.1846
15361205 10427980 15.4504
15361205 584931 15.8303
15361205 8868163 15.9919
15361205 11739151 16.1627
15361205 10967211 16.3087
15361205 9564983 16.7161
15361205 60714 16.8669
15361205 12152131 16.8787
3895847 4907278 1.88386
3895847 14876690 1.99097
3895847 8423813 2.14139
3895847 11002017 2.48689
3895847 6278335 2.73031
3895847 7203582 2.73125
3895847 15860887 2.81275
3895847 11525559 2.94655
3895847 8297471 3.08662
3895847 13309058 3.70933
3895847 9438 3.82706
3895847 8508353 4.21036
3895847 8791400 4.3993
3895847 599234 4.42054
3895847 6964007 4.55589
3895847 10808871 4.64535
3895847 8672628 4.67826
3895847 14548692 4.88758
3895847 14839106 4.98262
3895847 8289034 5.12841
3895847 6582646 5.20367
3895847 9714389 5.60318
3895847 2897465 5.7064
3895847 4021590 5.87791
3895847 2393864 6.34692
3895847 15336293 6.37228
3895847 1042405 6.72751
3895847 2355004 6.8193
3895847 9752172 6.92601
3895847 13007508 7.08502
3895847 8772619 7.15684
3895847 12065301 7.48895
3895847 3458118 7.51247
3895847 716340 7.6314
3895847 5743089 7.72669
3895847 16360608 7.82506
3895847 7397593 8.01659
3895847 8755801 8.26202
3895847 12678173 8.59084
3895847 745193 8.92539
3895847 1070094 9.35236
3895847 4617618 9.55587
3895847 9164680 9.61157
3895847 245424 10.3882
3895847 7110411 10.4146
3895847 3908041 10.5814
3895847 13818085 10.6066
3895847 11415334 11.0703
3895847 3741378 11.4151
3895847 16253381 11.4856
3895847 13547001 11.5112
3895847 3155235 11.5312
3895847 16656723 11.5433
3895847 11658703 12.0244
3895847 13815464 12.2403
3895847 13096794 12.7073
3895847 1020562 13.0403
3895847 13653910 13.1431
3895847 7613312 13.1938
3895847 3479244 13.5841
3895847 1306870 13.5958
3895847 13520156 13.7811
3895847 10109977 14.4814
3895847 9935210 14.8493
3895847 866927 14.871
3895847 5651711 15.047
3895847 1153630 15.0691
3895847 655489 15.1225
3895847 2407810 15.2802
3895847 4799144 15.3688
3895847 1669050 15.3763
3895847 16487056 15.5688
3895847 7549428 15.5798
3895847 15022762 15.8603
3895847 16098584 16.0222
3895847 1415384 17.2968
3895847 5125869 17.4066
3895847 12328417 17.4611
3895847 8699705 17.5802
3895847 356762 17.643
3895847 3085625 17.8609
3895847 1348324 18.1351
3895847 11307864 78.6246
3895847 12080927 107.298
3895847 1195971 112.87
3895847 12261478 113.027
5693245 9263236 1.58674
5693245 7760078 1.87864
5693245 2976939 1.90746
5693245 15586360 1.91978
5693245 16303408 1.92347
5693245 14438518 1.95488
5693245 5851620 1.97923
5693245 1285035 2.20252
5693245 11332402 2.24671
5693245 16775479 2.38098
5693245 12032812 2.4229
5693245 6830805 2.53612
5693245 10654846 2.58017
5693245 3057675 3.21024
5693245 9962685 3.30817
5693245 7666882 3.68929
5693245 16262051 3.70391
5693245 16142140 3.75408
5693245 9819519 3.87782
5693245 15438095 3.97263
5693245 11293210 4.00425
5693245 8033335 4.19142
5693245 9504823 4.23418
5693245 3379783 4.33533
5693245 12955171 4.37437
5693245 5569512 4.9584
5693245 258050 5.03782
5693245 1025346 5.49755
5693245 8392497 5.64104
5693245 12491277 5.66673
5693245 4567485 5.84693
5693245 9518819 5.91729
5693245 3042545 6.2235
5693245 16439412 6.98097
5693245 4901135 7.19512
5693245 2104100 7.31346
5693245 6978456 7.3587
5693245 2996036 7.47136
5693245 4266925 7.61572
5693245 4515504 7.83765
5693245 349178 7.95391
5693245 962524 8.06176
5693245 1307148 8.15752
5693245 11092139 8.26615
5693245 10334132 8.35353
5693245 4699306 8.51766
5693245 7867081 8.88738
5693245 1872339 8.99637
5693245 11988992 9.01046
5693245 539851 9.02107
5693245 8320600 9.25622
5693245 10287746 9.26548
5693245 4353182 9.44875
5693245 3342843 9.60992
5693245 13836372 9.65096
5693245 13094098 9.89907
5693245 5490788 9.91555
5693245 4591474 9.95271
5693245 12043212 9.96037
5693245 14627825 10.8854
5693245 4307271 11.0217
5693245 4878898 11.1259
5693245 1656361 11.5525
5693245 10830537 11.6753
5693245 6984519 11.7081
5693245 15140580 11.8471
5693245 3601725 12.0004
5693245 2334574 12.3988
5693245 3909083 12.4295
5693245 4847977 12.8304
5693245 1162045 13.0099
5693245 256517 13.5917
5693245 5334498 13.6583
5693245 13257036 14.0465
5693245 6394114 14.2153
5693245 2734150 14.5099
5690375 16219458 114.435
5690375 4358707 114.511
5690375 7090781 115.654
5690375 12614967 116.742
5690375 5776990 117.25
5690375 14975340 117.809
5690375 13681576 117.875
5690375 4146026 118.914
5690375 13983239 119.114
5690375 8791982 119.197
5690375 1057906 119.265
5690375 13440871 120.121
5690375 13466776 120.141
5690375 3175701 120.473
5690375 2477550 121.342
5690375 9603074 121.498
5690375 6896059 121.654
5690375 7314882 121.75
5690375 9134421 121.987
5690375 9978466 122.473
5690375 5658625 123.446
5690375 15671981 123.466
5690375 8584926 123.6
5690375 11504622 124.849
5690375 2889099 124.906
5690375 10862098 125.052
5690375 1212555 125.185
5690375 10813699 125.331
5690375 8730127 125.536
5690375 12982915 126.564
5690375 2330372 126.702
5690375 2213892 126.769
5690375 9855875 126.828
5690375 63023 128.291
5690375 15025024 128.507
5690375 13882126 128.541
5690375 9917710 128.557
5690375 1897981 129.391
5690375 13946473 129.766
5690375 4815516 130.521
5690375 3280494 130.836
5690375 3285232 131.021
5690375 6237675 131.181
5690375 12698656 132.296
5690375 8400569 132.726
5690375 14965332 134.287
5690375 11476244 135.263
5690375 2111524 135.276
5690375 11200561 135.622
5690375 4050276 136.118
5690375 485125 136.609
5690375 15470577 136.784
5690375 14817946 136.968
5690375 3677042 137.553
5690375 11405451 138.066
5690375 10165665 138.203
5690375 3160073 138.342
5690375 12604752 138.465
5690375 8748465 139.524
5690375 6285388 139.68
5690375 4794571 139.916
5690375 14287179 139.939
5690375 8340680 140.428
5690375 9354904 140.588
5690375 3280284 141.273
5690375 6898890 141.341
5690375 13768838 141.361
5690375 4304771 142.32
5690375 7993561 142.492
5690375 8375761 142.588
5690375 4891127 142.816
5690375 3004417 143.041
5690375 6582833 143.116
5690375 6860330 143.15
5690375 5545471 143.315
5690375 15253792 143.892
5690375 14103571 143.967
13366516 15512175 144.895
13366516 986985 145.007
13366516 7746050 145.058
13366516 2315751 145.585
13366516 3347712 145.775
13366516 8186561 145.88
13366516 14750525 145.971
13366516 609276 146.409
13366516 12718870 146.443
13366516 13947549 146.686
13366516 5060644 147.51
13366516 16241129 147.655
13366516 11608941 147.84
13366516 5555175 148.148
13366516 10672931 148.282
13366516 11608800 148.648
13366516 4964069 149.082
13366516 10741673 149.193
13366516 10683737 149.267
13366516 1469554 149.468
13366516 5509480 149.55
13366516 12554141 149.809
13366516 12791959 149.814
13366516 3961240 150.019
13366516 14080504 150.384
13366516 10137556 151.319
13366516 10337036 152.348
13366516 5040874 152.534
13366516 5484793 152.722
13366516 16265048 153.257
13366516 9827416 153.321
13366516 1612156 153.379
13366516 8870368 153.439
13366516 2106321 153.513
13366516 2314882 153.937
13366516 11872945 155.189
13366516 5802588 156.142
13366516 8645421 156.849
13366516 15091674 156.95
13366516 15112178 156.985
13366516 788295 157.575
13366516 15193703 157.645
13366516 15247875 158.121
13366516 8926699 158.503
13366516 2812836 159.397
13366516 662805 160.01
13366516 3557902 160.775
13366516 14196893 161.029
13366516 819971 161.493
13366516 3348209 161.556
13366516 16073878 162.373
13366516 12554846 163.71
13366516 6262261 164.477
13366516 12837003 164.937
13366516 9969574 165.116
13366516 10200412 165.67
13366516 4926206 165.712
13366516 14041495 166.187
13366516 13769630 166.231
13366516 8251072 166.414
13366516 8377952 166.591
13366516 11040384 166.775
13366516 963385 166.928
13366516 1777566 167.257
13366516 2439675 168.112
13366516 5358175 168.151
13366516 16105050 168.813
13366516 2230367 169.706
13366516 2399033 170.636
13366516 8801239 170.639
13366516 1005147 170.863
13366516 11942375 170.87
13366516 13552739 170.993
13366516 5199076 171.08
13366516 6259673 171.132
13366516 8532235 171.356
13366516 1192189 172.771
13366516 16044752 173.014
13366516 16621481 173.341
13366516 12567941 173.613
13366516 15656597 173.838
13366516 12970344 173.869
13366516 4344696 174.095
7748968 1357667 175.984
7748968 8634023 176.166
7748968 4370712 176.494
7748968 5863165 176.605
7748968 14675085 176.716
7748968 14102350 177.147
7748968 14868396 177.206
7748968 6974635 177.224
7748968 4822450 177.401
7748968 13297203 178.347
7748968 15596793 179.17
7748968 4144372 180.381
7748968 6497078 180.817
7748968 2728820 180.925
7748968 12325478 181.447
7748968 5537138 181.813
7748968 9841401 182.494
7748968 12185412 182.571
7748968 9992957 182.683
7748968 1959587 182.866
7748968 9999729 184.174
7748968 7103661 184.7
7748968 920020 184.805
7748968 5269969 184.816
7748968 9182108 184.924
7748968 6574604 185.023
7748968 6867325 185.099
7748968 10648060 185.277
7748968 6380190 185.739
7748968 4033699 185.875
7748968 5599899 186.111
7748968 8193381 186.359
7748968 10424387 186.575
7748968 11808951 186.877
7748968 9623186 187.585
7748968 15864671 187.903
7748968 1741501 188.08
7748968 6107783 188.47
7748968 7149086 188.824
7748968 14581974 189.028
7748968 16350112 189.035
7748968 16118338 189.184
7748968 7322081 189.543
7748968 1096059 190.218
7748968 14511564 190.851
7748968 789636 191.25
7748968 13364481 191.367
7748968 16021130 191.578
7748968 15884193 191.686
7748968 14491192 191.942
7748968 10965524 192.508
7748968 7927125 194.407
7748968 15708021 194.571
7748968 14380574 194.931
7748968 7762290 194.998
7748968 4538461 195.365
7748968 7239976 195.489
7748968 7807910 195.606
7748968 9829575 196.071
7748968 10603987 197.403
7748968 15171628 197.574
7748968 8082384 198.134
7748968 3746596 198.662
7748968 15888305 198.696
7748968 733528 199.207
7748968 16310972 199.346
7748968 7957155 200.256
7748968 11057084 200.533
7748968 4072608 200.803
7748968 14212014 201.076
7748968 4170414 201.179
7748968 2809382 201.322
7748968 546318 201.78
7748968 7210789 202.321
7748968 6994678 202.518
7748968 7613679 202.874
7748968 6368517 203.467
11514038 7983996 1.36574
11514038 11831519 1.78828
11514038 15122442 1.81914
11514038 15087350 2.4313
11514038 8323673 2.79828
11514038 10986339 2.93135
11514038 8658086 3.14146
11514038 16661205 3.30055
11514038 7225026 3.37691
11514038 6905823 3.90144
11514038 11737078 4.4851
11514038 1577891 4.53551
11514038 12256761 4.54859
11514038 16156488 4.69318
11514038 10107044 5.04023
11514038 9350870 5.77659
11514038 15605467 5.84935
11514038 11966006 6.16186
11514038 13341997 6.92393
11514038 8726883 7.03892
11514038 39191 7.77834
11514038 5985401 8.44019
11514038 13924986 8.51737
11514038 260059 8.84144
11514038 1311457 9.04615
11514038 7629586 10.4582
11514038 1274904 10.8042
11514038 12926723 10.995
11514038 6774797 11.866
11514038 4423485 12.0285
11514038 16177387 12.2527
11514038 2739506 12.6885
11514038 5929743 13.0698
11514038 6543496 13.1622
11514038 7842704 13.7012
11514038 12006244 13.7447
11514038 4891599 13.9662
11514038 5328896 14.2272
11514038 1417583 14.2878
11514038 12106366 15.2427
11514038 3775514 16.1072
11514038 9988296 17.5066
11514038 9845348 17.7068
11514038 9048139 18.0247
11514038 6074700 19.5813
11514038 12344093 20.1291
11514038 14092935 20.344
11514038 6660745 20.7421
11514038 12421113 20.8764
11514038 4299354 20.9257
11514038 15238967 21.2261
11514038 12899688 21.3098
11514038 8664863 21.5071
11514038 1117107 21.7133
11514038 15726223 21.7348
11514038 7563889 21.9231
11514038 7116390 22.36
11514038 3364926 22.9073
11514038 7302965 23.6063
11514038 16022 24.1109
11514038 12275836 24.8929
11514038 15654600 25.0792
11514038 5217516 25.4182
11514038 5308905 25.9062
11514038 7983732 26.0441
11514038 10350965 26.3758
11514038 3895928 27.104
11514038 1497326 27.3813
11514038 618987 27.979
11514038 11906627 28.0838
11514038 8221917 28.8683
11514038 7429616 28.9524
11514038 1013885 28.9538
11514038 9947866 29.0056
11514038 2989695 29.0178
11514038 86084 29.2902
11514038 3116556 29.6178
11514038 10296520 29.7203
14277075 8453622 2.57277
14277075 11297484 2.7842
14277075 2102869 2.91621
14277075 9250825 3.71337
14277075 2640092 4.15611
14277075 9030274 4.32119
14277075 9213438 5.30642
14277075 4849268 5.35643
14277075 13139896 5.73082
14277075 3260711 5.91579
14277075 1714853 6.07521
14277075 15804050 6.34213
14277075 10106211 6.40391
14277075 1210420 6.42288
14277075 12996853 6.78849
14277075 8796148 7.00454
14277075 13384600 7.43254
14277075 6846130 8.23079
14277075 4145593 8.71336
14277075 1882022 9.24234
14277075 11830095 9.51325
14277075 1915742 10.4659
14277075 407309 10.7275
14277075 16100788 11.4731
14277075 15757128 11.6547
14277075 10227815 11.9727
14277075 9844880 12.4675
14277075 11039300 13.2867
14277075 15031930 13.665
14277075 7755365 13.9394
14277075 14634625 14.5285
14277075 10511620 14.767
14277075 4452860 16.0775
14277075 6811860 16.3806
14277075 7021318 16.495
14277075 10345086 16.5212
14277075 2369379 16.9325
14277075 6863002 16.9712
14277075 5246532 17.5868
14277075 16204537 17.6931
14277075 9406499 18.5574
14277075 11978082 19.995
14277075 16436441 20.2673
14277075 9684006 20.7045
14277075 865928 21.0251
14277075 6839825 22.0477
14277075 4837197 22.1038
14277075 855995 22.3448
14277075 8658585 22.4882
14277075 1190930 22.7694
14277075 1181585 22.7824
14277075 1461778 23.2758
14277075 7911250 23.2831
14277075 8420927 23.873
14277075 16214610 24.035
14277075 7667639 24.2579
14277075 9587995 26.0938
14277075 7316275 26.1557
14277075 16411186 26.2122
14277075 1344311 26.9519
14277075 8143040 27.4162
14277075 1122203 27.4276
14277075 3955078 28.108
14277075 5145762 28.3242
14277075 11193583 28.4665
14277075 13946407 28.5385
14277075 15948755 28.5782
14277075 1432626 29.3979
14277075 9522926 30.2994
14277075 392680 31.082
14277075 15623313 31.8854
14277075 16467094 32.2039
14277075 15912642 32.344
14277075 9442394 32.3766
14277075 12595980 32.5738
14277075 11957687 32.7997
14277075 8948198 32.8479
14277075 6134287 32.8954
14277075 13456293 33.0269
14277075 6222000 34.0059
14643546 848764 2.4271
14643546 5216752 2.60077
14643546 4989715 2.78193
14643546 7811792 3.90715
14643546 4057883 4.03938
14643546 14874616 4.45079
14643546 10304470 4.58684
14643546 10948689 4.68865
14643546 2181336 4.71212
14643546 4881082 5.59804
14643546 14206506 6.10849
14643546 5776071 6.3286
14643546 8933597 6.66185
14643546 3431779 6.71414
14643546 8405712 6.83371
14643546 9335208 7.08465
14643546 14510897 7.57938
14643546 7895740 7.62551
14643546 9697698 7.98886
14643546 359417 8.16159
14643546 2776175 8.27946
14643546 2460225 10.1271
14643546 14681039 11.3901
14643546 2044920 11.5407
14643546 7845391 11.5572
14643546 14685038 12.0864
14643546 3483419 12.2415
14643546 10926112 12.5863
14643546 239050 13.054
14643546 2610937 13.6756
14643546 5324035 13.9898
14643546 1164756 14.1502
14643546 9964010 15.5725
14643546 6983197 15.7128
14643546 11951563 16.3699
14643546 1190517 16.619
14643546 5484629 16.8135
14643546 8582062 16.945
14643546 7554776 18.0224
14643546 13926378 18.0305
14643546 9987514 18.4263
14643546 1868370 18.6364
14643546 7356928 18.6748
14643546 4022492 18.7837
14643546 4750859 18.8583
14643546 8018579 19.187
14643546 10905910 19.5518
14643546 14391414 19.6747
14643546 2667744 20.2095
14643546 11443690 20.4695
14643546 13805162 20.7577
14643546 1936651 22.5288
14643546 11231194 22.9216
14643546 7228073 22.944
14643546 15452947 23.5651
14643546 3986782 23.6966
14643546 16025964 23.9679
14643546 7063452 25.211
14643546 594017 25.449
14643546 4620845 25.7067
14643546 9794919 25.8003
14643546 2562464 26.3417
14643546 6090740 26.7161
14643546 16565023 26.7412
14643546 14818311 27.7143
14643546 8743913 28.0041
14643546 5801390 28.0431
14643546 9654412 28.3297
14643546 7157349 28.5802
14643546 4844021 28.8212
14643546 14532429 28.9114
14643546 7279874 28.9292
14643546 12817401 29.3737
14643546 803351 29.5248
14643546 9610424 29.6424
14643546 16162681 29.9322
14643546 12912510 30.1311
14643546 3903633 30.5543
14643546 1593965 30.5774
14643546 4199296 31.2038
14643546 5412807 31.4661
14643546 2458240 31.6939
11668377 14441326 2.76392
11668377 2940154 3.15248
11668377 14338648 3.39655
11668377 11304484 3.66296
11668377 5929449 3.9931
11668377 3771321 4.65745
11668377 9009978 5.65758
11668377 8834212 6.29013
11668377 13823348 6.39751
11668377 16153900 6.99681
11668377 9757840 7.34609
11668377 14351538 8.04911
11668377 16113688 8.75498
11668377 4744053 8.78414
11668377 1630321 8.87387
11668377 10455347 8.90789
11668377 11046035 9.27198
11668377 1207262 9.5545
11668377 3241613 10.0279
11668377 3915140 10.0852
11668377 15807605 10.3748
11668377 4816392 10.7573
11668377 5732286 11.8637
11668377 14724586 11.9442
11668377 502269 12.2388
11668377 12727848 12.4105
11668377 16342570 13.1482
11668377 263438 13.259
11668377 10262523 13.6234
11668377 8398148 14.4324
11668377 12648184 14.5409
11668377 14493725 14.5957
11668377 9833601 16.3347
11668377 16154308 16.4615
11668377 3310636 16.7617
11668377 16427565 16.8906
11668377 15281530 17.716
11668377 8704052 17.7506
11668377 12168256 17.839
11668377 8495638 19.3665
11668377 2220325 20.0878
11668377 119723 20.1682
11668377 4556564 20.4824
11668377 14391276 20.5102
11668377 8524773 20.5529
11668377 10548839 20.6256
11668377 2929072 21.6144
11668377 12053876 21.8262
11668377 353406 21.9237
11668377 6328123 22.0966
11668377 4861108 22.1899
11668377 5738976 23.0658
11668377 2287200 23.3708
11668377 197102 23.6515
11668377 15876076 23.8063
11668377 8972639 23.8621
11668377 12362299 24.0561
11668377 5079227 24.2227
11668377 15239719 24.351
11668377 9161717 24.6346
11668377 15155509 24.8415
11668377 15190838 26.471
11668377 663715 26.5638
11668377 15671120 26.6931
11668377 15820954 27.2324
11668377 10967351 27.253
11668377 7960173 27.3226
11668377 14749552 27.7921
11668377 2379279 27.8874
11668377 4113148 28.0697
11668377 7880261 28.7055
11668377 4570264 30.0152
11668377 11560070 30.3481
11668377 15965235 30.7586
11668377 12386546 32.6406
11668377 3144360 32.69
11668377 9452278 33.0066
11668377 11239269 33.2242
72657 1295400 2.03731
72657 4868399 2.23382
72657 11584411 2.61121
72657 12979420 2.84484
72657 3614108 2.96941
72657 636840 3.08894
72657 8920810 5.17268
72657 13404317 5.17763
72657 769867 5.25094
72657 16113400 5.93421
72657 3160100 6.36961
72657 15009883 6.79023
72657 9722643 7.09303
72657 13486972 7.22013
72657 14891130 7.32824
72657 1142651 7.64368
72657 6785457 8.20046
72657 9178911 8.71144
72657 8110453 9.2389
72657 12074654 9.46473
72657 9303960 9.63979
72657 1024100 9.73162
72657 14503907 9.78694
72657 110150 11.8077
72657 2806896 11.8315
72657 16305541 12.0146
72657 12709842 13.2689
72657 12579627 13.7164
72657 5618680 14.2165
72657 3876447 15.9083
72657 515611 16.7699
72657 6386770 16.9991
72657 8189029 17.1198
72657 16542264 17.1743
72657 4408340 17.3742
72657 7792227 18.5929
72657 14714620 18.8819
72657 7190357 18.9502
72657 9641616 19.0082
72657 9751303 19.0515
72657 9912132 19.0558
72657 14438143 19.8516
72657 2942460 20.8936
72657 15974527 21.14
72657 14701627 21.4642
72657 16640156 21.6556
72657 217369 21.7992
72657 356862 22.7383
72657 14105635 22.8345
72657 359182 23.6598
72657 1130161 23.683
72657 3419561 23.7067
72657 8515418 23.8435
72657 7098904 24.0679
72657 15048031 24.7378
72657 2924690 26.2357
72657 2387787 26.5937
72657 16318485 27.2572
72657 7071442 27.5581
72657 13187755 28.271
72657 8988746 28.3667
72657 392062 29.0235
72657 5691372 29.4042
72657 6466654 30.9395
72657 8056223 31.3642
72657 6746841 32.8456
72657 15303764 32.8575
72657 1184293 33.2283
72657 9646621 33.3805
72657 2637205 33.8664
72657 12087068 34.7174
72657 15555194 34.9172
72657 4990124 35.1378
72657 5561587 35.2538
72657 1028729 35.7719
72657 7129370 35.801
72657 350292 36.2823
72657 2831751 37.0189
72657 8281687 37.1134
72657 10579712 37.3254
447400 14664262 1.40008
447400 14965481 1.53229
447400 1835377 2.20035
447400 16234228 2.44311
447400 10619660 2.76415
447400 12598150 4.27301
447400 7474127 4.78486
447400 14423577 5.56631
447400 4709555 6.07047
447400 539821 7.1073
447400 5643754 7.254
447400 9255473 7.36866
447400 8029743 7.69171
447400 9751628 9.33658
447400 156576 9.56673
447400 1115471 10.5521
447400 4668959 10.7486
447400 2019641 11.547
447400 2297235 12.7366
447400 11459026 12.8167
447400 9181223 13.2367
447400 948030 13.2703
447400 6768872 14.0884
447400 7293691 14.8241
447400 14016183 15.1469
447400 2152815 15.4208
447400 9640274 16.7865
447400 7586008 17.0534
447400 16106708 17.6655
447400 149588 17.9901
447400 5906179 18.7892
447400 1362807 18.79
447400 12507952 19.604
447400 9892473 21.3404
447400 9594117 21.7857
447400 3098075 22.2892
447400 12416907 22.8796
447400 1480828 23.2831
447400 12684217 23.6503
447400 11027253 25.6878
447400 4876572 26.3055
447400 1219134 26.4123
447400 9689659 26.4361
447400 2699337 26.6929
447400 11869183 26.7788
447400 200341 27.3152
447400 15921936 27.5507
447400 858170 27.7714
447400 10531012 28.5896
447400 7717867 28.6916
447400 13864038 30.2118
447400 9945075 30.4496
447400 5762049 31.047
447400 16339570 31.1191
447400 15463275 31.4665
447400 3093057 32.6376
447400 3021313 32.6984
447400 13364806 32.743
447400 365787 33.3138
447400 5672582 33.4522
447400 13530217 33.9812
447400 11649238 34.1637
447400 191254 35.0748
447400 11034432 35.4057
447400 4814251 37.0962
447400 1841430 37.1952
447400 7449520 37.7135
447400 1359840 38.5299
447400 9291903 38.9276
447400 889808 39.005
447400 3360052 40.518
447400 2286896 41.3015
447400 3886800 181.25
447400 14185668 181.91
447400 7944679 182.324
307488 7578917 1.55828
307488 14806782 1.75374
307488 2911162 2.00113
307488 7737079 2.6507
307488 9181014 3.42793
307488 16757116 3.58369
307488 1553706 3.66195
307488 15270706 4.28781
307488 14549740 4.93684
307488 12888766 5.38593
307488 460926 6.00581
307488 1294965 6.11079
307488 4956868 6.31691
307488 6360829 6.37119
307488 13326540 6.89509
307488 16769102 6.93368
307488 1051555 6.97567
307488 14306372 7.10165
307488 8989255 7.7033
307488 16672406 7.98308
307488 14272156 8.13533
307488 3680120 8.24317
307488 5512352 8.64048
307488 3199018 8.97683
307488 12133255 9.38597
307488 1817814 9.7337
307488 7384954 9.77239
307488 13364691 9.99863
307488 5559548 10.153
307488 16204053 10.1709
307488 14428177 10.4992
307488 5865422 10.6128
307488 8955151 11.3115
307488 867765 11.3229
307488 16534596 11.3867
307488 14648046 11.8041
307488 2009436 11.9015
307488 8505472 12.2406
307488 1100423 12.3648
307488 13312315 12.4502
307488 16122002 12.6718
307488 15222719 12.8507
307488 8797289 12.8875
307488 12381281 13.3062
307488 14034758 13.3738
307488 11786075 13.5859
307488 5507287 13.6119
307488 3395481 14.0057
307488 9483678 14.1524
307488 15235662 14.2733
307488 14740513 14.4377
307488 10788290 14.7467
307488 12708879 15.0637
307488 4229914 15.1206
307488 6112879 15.2511
307488 15590734 15.289
307488 8031458 15.6795
307488 10518358 15.7324
307488 16089294 16.0238
307488 2307 16.6072
307488 16224961 16.7415
307488 16266748 16.7902
307488 4424398 17.118
307488 13775766 17.2724
307488 7059405 17.2725
307488 4984706 17.5947
307488 299119 17.7904
307488 14457673 18.2868
307488 37676 18.4756
307488 1011786 18.6381
307488 12017029 18.9433
307488 5777901 19.5406
307488 9951757 19.8096
307488 9747493 20.0903
307488 8003016 20.2392
307488 10681090 20.4318
307488 7573221 20.5105
307488 489145 20.5191
3609048 9585217 1.24362
3609048 10429459 1.28965
3609048 11655682 1.29558
3609048 3163942 1.59103
3609048 10242400 1.84581
3609048 3196924 1.957
3609048 11659179 2.11011
3609048 7078766 2.2892
3609048 16255160 2.47926
3609048 15075102 2.49182
3609048 5954899 2.68009
3609048 2311811 2.72433
3609048 10825525 2.90538
3609048 8831867 3.07465
3609048 2066377 3.21116
3609048 11272531 3.99535
3609048 601103 4.14712
3609048 1689861 4.78964
3609048 11622480 5.02151
3609048 6183044 5.15776
3609048 775638 5.26854
3609048 14718510 5.47369
3609048 7024537 5.59324
3609048 2260220 5.79754
3609048 15032120 5.88565
3609048 1552143 5.90783
3609048 10326656 6.12475
3609048 9501654 6.15642
3609048 7789851 6.16614
3609048 15291353 6.46526
3609048 8068438 6.57479
3609048 14246209 6.71806
3609048 12467531 6.79422
3609048 15620310 6.91493
3609048 2421408 7.54378
3609048 2079464 7.72841
3609048 1728825 7.93664
3609048 13137786 8.23939
3609048 11233159 8.42465
3609048 9014595 8.97021
3609048 11925526 9.16122
3609048 2551644 9.45339
3609048 9136199 9.47935
3609048 14144792 9.56179
3609048 14308590 9.59296
3609048 11052206 9.79701
3609048 2348967 9.82549
3609048 16143474 10.07
3609048 13971945 10.3882
3609048 808160 10.7543
3609048 11515622 11.065
3609048 12020953 11.1033
3609048 16579956 11.4454
3609048 780035 11.8965
3609048 16050282 11.9268
3609048 13671992 12.2594
3609048 16638010 12.43
3609048 9452198 12.5219
3609048 1867257 12.6812
3609048 7233205 12.7667
3609048 3237635 13.8412
3609048 4179860 14.1373
3609048 3935984 14.1881
3609048 3554414 14.2491
3609048 3863232 15.0879
3609048 12372554 15.3384
3609048 6986092 15.4489
3609048 2972727 15.4935
3609048 16060092 15.5413
3609048 4414905 15.5812
3609048 14554779 15.7256
3609048 12834834 16.3962
3609048 8178122 16.4434
3609048 4751561 16.9239
3609048 1763149 17.204
3609048 4358418 17.2597
3609048 14232530 17.4428
3609048 14472838 17.5472
3609048 4645402 17.642
3609048 10092786 70.1194
9660521 14024178 1.72834
9660521 4933742 1.76396
9660521 22488 1.87969
9660521 5873959 2.04961
9660521 13661109 2.1714
9660521 4805114 2.52092
9660521 10762294 2.5508
9660521 4776425 2.68483
9660521 2700860 3.06068
9660521 14398013 3.16138
9660521 2088334 3.28433
9660521 4590053 3.33779
9660521 5352010 3.57172
9660521 14915738 3.72214
9660521 10989208 3.81444
9660521 9702562 4.15778
9660521 5491096 4.18185
9660521 6275372 4.25879
9660521 4253836 4.37216
9660521 5615349 4.65412
9660521 5953613 4.81462
9660521 6623511 4.9063
9660521 13602372 5.29553
9660521 12277450 5.58561
9660521 5917141 6.29219
9660521 10409605 6.46046
9660521 2331918 6.73651
9660521 3802284 6.7812
9660521 2822513 6.89549
9660521 12326394 6.99879
9660521 3927288 7.24027
9660521 14316664 7.25407
9660521 7182103 7.34904
9660521 3050146 7.46586
9660521 15331503 7.53899
9660521 15893254 7.62292
9660521 10132108 7.62843
9660521 10457351 8.42066
9660521 10157932 8.54734
9660521 142066 8.81193
9660521 14446415 8.82027
9660521 10870034 8.85507
9660521 9041635 9.08356
9660521 2166750 9.09847
9660521 8014622 9.46716
9660521 15774050 9.89
9660521 14317533 9.91674
9660521 7260102 10.3896
9660521 1304487 10.4464
9660521 3753220 10.5147
9660521 13911951 11.1947
9660521 7974835 11.5436
9660521 12396974 11.6288
9660521 13995373 12.0033
9660521 539302 12.5626
9660521 16283479 12.6165
9660521 7791006 12.7902
9660521 12651963 12.9423
9660521 14463400 13.3454
9660521 15995216 13.7813
9660521 5864857 13.8271
9660521 8731447 14.2625
9660521 12586425 14.33
9660521 15395151 14.3502
9660521 314842 14.6398
9660521 5104426 15.0704
9660521 12259082 15.3221
9660521 6201745 15.8749
9660521 5496990 16.0069
9660521 9002311 16.1548
9660521 5145895 16.4437
9660521 7283052 16.4784
9660521 13876837 16.6486
9660521 6811908 16.8519
9660521 12575788 16.8964
9660521 8938006 17.1302
9660521 3750057 17.544
9660521 13039484 19.0025
9660521 8801807 19.1331
9660521 2845189 19.1916
9660521 7889720 19.3328
9660521 12825012 19.4684
9660521 6936127 19.4907
9660521 6485893 19.826
9660521 5711623 20.0903
9660521 3319528 20.2704
4859321 6186872 1.97802
4859321 12684085 2.05893
4859321 6722124 2.2258
4859321 1199107 2.61298
4859321 10978243 2.64236
4859321 3977378 2.65087
4859321 14761188 2.74437
4859321 9072683 2.75577
4859321 1924234 2.91662
4859321 13024890 3.12396
4859321 12467323 3.2293
4859321 15032033 3.30313
4859321 2680926 3.47816
4859321 9762190 3.48994
4859321 6896128 3.61372
4859321 15251315 3.94179
4859321 12198623 4.05653
4859321 6984723 4.14391
4859321 12720035 4.45165
4859321 4287232 4.47547
4859321 15516111 4.71193
4859321 15832835 4.90024
4859321 645860 5.03946
4859321 8598585 5.26972
4859321 8575336 5.43953
4859321 2962663 5.46012
4859321 1140312 5.5028
4859321 16744374 5.77374
4859321 1790869 6.38648
4859321 11707959 6.50664
4859321 16359465 6.63893
4859321 9198654 6.78721
4859321 3472258 6.79631
4859321 9577930 7.31056
4859321 13446707 7.51082
4859321 2310241 7.7377
4859321 1625566 7.76895
4859321 3619492 7.77937
4859321 12810443 8.00561
4859321 11003421 8.36132
4859321 2687329 8.40096
4859321 2445687 8.43487
4859321 16337254 8.69549
4859321 7146245 8.72681
4859321 7475056 8.73094
4859321 7945317 8.84106
4859321 14167283 9.17118
4859321 5919367 9.25534
4859321 13452648 9.44941
4859321 1619527 9.60409
4859321 14012717 10.1109
4859321 8888149 10.2235
4859321 8565228 10.2249
4859321 5518417 10.2811
4859321 7859410 10.3797
4859321 971521 10.6347
4859321 4009108 10.7312
4859321 4777493 10.8627
4859321 3554994 11.0183
4859321 6218347 11.3597
4859321 3038061 11.4545
4859321 15617268 11.5143
4859321 13978902 11.6805
4859321 6948655 11.6844
4859321 14328131 11.7542
4859321 8714949 12.1075
4859321 968504 12.3481
4859321 6901214 13.0469
4859321 5196063 13.0825
4859321 1862632 13.3204
4859321 15309314 13.3297
4859321 10563416 20.6906
4859321 7192247 13.8626
4859321 13419972 14.3914
4859321 8290843 14.4206
4859321 9542930 14.4725
4859321 4880109 14.895
4859321 10734305 15.1566
4859321 2703559 15.2069
4859321 9278261 15.3866
4859321 11160353 15.6704
4859321 5476575 16.7324
4859321 15754604 17.0074
13384228 13848178 1.97139
13384228 2895357 1.97139
13384228 2933189 1.97139
13384228 569260 1.97139
13384228 10111696 1.97139
13384228 12503169 1.97139
13384228 541588 1.97139
13384228 6669671 1.97139
13384228 4278070 1.97139
1811052 4802650 1.27546
1811052 15334396 1.36468
1811052 5966319 1.62581
1811052 9426064 1.74973
1811052 7340196 1.87877
1811052 15688030 2.35385
1811052 4563994 2.39385
1811052 6916550 2.45124
1811052 9035142 2.5445
1811052 4602915 2.77329
1811052 3770597 2.7894
1811052 12481370 3.16378
1811052 2760629 3.31466
1811052 7367497 3.41989
1811052 10947019 3.83841
1811052 11590005 3.97644
1811052 420658 4.29125
1811052 2522811 4.31555
1811052 3462086 4.8868
1811052 9080474 5.27273
1811052 1767005 5.30362
1811052 462033 5.31731
1811052 14430340 5.59392
1811052 3522632 5.8149
1811052 4107054 5.97639
1811052 12010539 6.25736
1811052 10141765 6.42107
1811052 11084484 6.50485
1811052 15595206 6.75781
1811052 2411337 7.07566
1811052 13904723 7.27496
1811052 10933084 7.31301
1811052 15194992 7.62928
1811052 16164619 7.80163
1811052 6739732 8.11445
1811052 7860871 8.1901
1811052 10988599 8.30769
1811052 6306163 8.36601
1811052 11472057 8.62687
1811052 5318836 8.66913
1811052 15989958 8.75546
1811052 2648624 9.0268
1811052 1898382 9.16018
1811052 15864947 9.42421
1811052 10156866 9.47989
1811052 8952138 9.55061
1811052 666307 9.60353
1811052 16372781 10.1848
1811052 4666732 10.3298
1811052 2161681 11.1814
1811052 4756798 11.501
1811052 10478114 11.6117
1811052 12420907 12.0064
1811052 10400594 12.046
1811052 13579370 12.5252
1811052 4645289 12.6157
1811052 7322016 12.6797
1811052 799206 12.9288
1811052 12773357 12.9597
1811052 7247787 13.2932
1811052 5498528 13.4326
1811052 13581936 13.5231
1811052 9658842 13.6595
1811052 12092608 13.7147
1811052 11285157 13.7694
1811052 2085275 13.8911
1811052 4385057 14.4421
1811052 12225752 14.6113
1811052 11631912 15.2128
1811052 14392829 15.219
1811052 12963073 15.2225
1811052 12333169 15.3323
1811052 2127822 15.4422
1811052 214968 16.0876
1811052 16726445 17.0049
1811052 5368814 17.3376
1811052 7983364 17.394
1811052 6257824 17.5256
11883272 16693954 1.48398
11883272 5895902 1.8309
11883272 645067 1.94133
11883272 12314597 2.10209
11883272 16698867 2.18183
11883272 7712241 2.18917
11883272 139899 2.627
11883272 12154605 2.66757
11883272 6381635 2.92726
11883272 16240309 2.95376
11883272 12484819 3.12738
11883272 2546018 3.31132
11883272 15870102 3.35747
11883272 6663862 3.5213
11883272 10219531 3.92087
11883272 5356909 4.00671
11883272 4669800 4.5464
11883272 5010355 4.71937
11883272 16749159 4.74617
11883272 3568018 4.81095
11883272 7345771 5.27638
11883272 8683570 5.73341
11883272 8675192 5.96524
11883272 8834751 6.07466
11883272 11292645 6.17619
11883272 12742482 6.38803
11883272 10389072 6.68715
11883272 5893193 6.74363
11883272 15327556 6.79156
11883272 9720375 6.90027
11883272 1818881 6.97854
11883272 15144862 7.04659
11883272 14952140 7.2245
11883272 11748423 7.35529
11883272 7730209 7.83868
11883272 15092627 8.06542
11883272 16893 8.44158
11883272 13051093 8.65371
11883272 8682581 8.76496
11883272 13142337 9.26452
11883272 6649936 9.43067
11883272 1008848 9.47622
11883272 14661357 9.51518
11883272 312886 9.63109
11883272 2380584 9.70752
11883272 10874917 9.72286
11883272 10388371 9.88849
11883272 8572822 10.0263
11883272 121821 10.0474
11883272 6519330 10.0683
11883272 6614206 10.1436
11883272 14675966 10.484
11883272 10715879 10.7319
11883272 10422034 11.0849
11883272 3844484 11.1743
11883272 80869 11.1921
11883272 1548575 11.43
11883272 4898022 11.4835
11883272 9074617 11.4942
11883272 8414500 11.7984
11883272 6589495 11.9181
11883272 15312890 12.0695
11883272 12549305 12.0971
11883272 5407663 12.5293
11883272 5725484 12.5368
11883272 8921099 12.8198
11883272 4608608 13.2673
11883272 6735135 13.5117
11883272 1730062 13.6985
11883272 4931693 13.8928
11883272 6476005 13.9584
11883272 963654 14.1437
11883272 2827509 14.575
11883272 9935071 14.7719
11883272 8109981 15.0482
11883272 2706876 15.2362
11883272 14188687 15.4344
11883272 3645551 15.4779
11883272 1578830 15.6761
5761421 4290270 1.78256
5761421 6726377 2.137
5761421 7767741 3.15405
5761421 6266989 3.17886
5761421 922947 3.3105
5761421 2659332 3.33018
5761421 15300922 3.33969
5761421 3728654 3.47215
5761421 6805464 3.61342
5761421 7988486 3.82869
5761421 7534965 4.03043
5761421 3915880 4.07002
5761421 7235653 4.30564
5761421 11864035 4.54171
5761421 13755969 4.57949
5761421 300526 4.81902
5761421 8535266 4.89819
5761421 15954288 5.06001
5761421 16517136 5.17664
5761421 11541856 5.3057
5761421 16551575 5.36177
5761421 2977090 5.4876
5761421 13463281 5.63314
5761421 2606850 5.689
5761421 13549947 5.73478
5761421 9283300 6.33088
5761421 6858104 6.34447
5761421 9616401 6.46912
5761421 6506296 6.52827
5761421 8952839 6.76467
5761421 11955014 7.31019
5761421 15727016 7.51637
5761421 13944556 7.55906
5761421 213250 7.62196
5761421 5749497 7.65082
5761421 11147931 7.73086
5761421 5832342 7.95749
5761421 10326106 8.01092
5761421 8238866 8.61087
5761421 12762501 8.87754
5761421 15628692 9.0944
5761421 9641834 9.42561
5761421 8308589 9.52922
5761421 14041953 9.62958
5761421 10392279 9.65232
5761421 6791880 9.94531
5761421 9074194 10.1631
5761421 11868014 10.1738
5761421 570573 10.2424
5761421 2962036 10.802
5761421 15993872 10.9718
5761421 11807560 11.4032
5761421 14630319 11.8695
5761421 15514038 11.9589
5761421 13325852 12.3992
5761421 5944004 12.5938
5761421 9587416 12.7983
5761421 4771975 13.0592
5761421 14563055 13.1766
5761421 7209199 13.63
5761421 11596736 13.8689
5761421 5759341 13.8869
5761421 5025075 13.9949
5761421 12838168 14.4274
5761421 4014326 14.4678
5761421 9848580 15.1358
5761421 2534959 16.2741
5761421 9449218 16.2903
5761421 11321267 16.4261
5761421 9586779 17.0203
5761421 8843465 17.0827
5761421 4905226 17.1172
5761421 8546510 17.3335
5761421 321096 17.4287
5761421 8603635 17.5908
5761421 14450173 17.6188
5761421 5820936 18.0459
5761421 11002297 102.554
5761421 11266893 104.691
5761421 10646458 104.691
11222674 13075803 1.72798
11222674 6451358 1.92355
11222674 15079871 2.01754
11222674 2529163 2.41682
11222674 7989872 2.48204
11222674 5364553 2.94123
11222674 5489634 3.18457
11222674 1218053 3.22064
11222674 13284356 3.29218
11222674 10359759 3.99954
11222674 5818018 4.9349
11222674 9668483 5.4
11222674 7260432 5.40834
11222674 12271426 5.50102
11222674 15643723 5.68082
11222674 14756877 5.81219
11222674 12207453 5.87664
11222674 9269262 5.88209
11222674 15104698 6.04966
11222674 2180681 6.09683
11222674 15473521 6.50777
11222674 8547147 6.853
11222674 9022623 7.09609
11222674 9581974 7.10663
11222674 2296911 7.46236
11222674 10447843 7.65668
11222674 13236223 7.83341
11222674 109389 8.0504
11222674 14155962 8.15698
11222674 2412367 8.38991
11222674 12865683 8.41575
11222674 13213347 9.1027
11222674 951358 9.45889
11222674 14624648 9.77962
11222674 8866622 10.1124
11222674 5397881 10.1577
11222674 8113715 10.1874
11222674 11615722 10.5289
11222674 7321164 10.7776
11222674 9935364 10.8925
11222674 6475271 11.1926
11222674 5024976 11.305
11222674 8435347 11.8765
11222674 5215047 13.1556
11222674 9148887 13.1883
11222674 9707328 13.2227
11222674 1942639 13.3223
11222674 10516812 13.9435
11222674 14737829 14.1084
11222674 11131123 14.191
11222674 8010277 14.1938
11222674 11166521 14.559
11222674 1149934 14.6408
11222674 11405818 15.0675
11222674 5888270 15.2725
11222674 5596804 15.5632
11222674 11694030 16.0468
11222674 11394232 16.2693
11222674 13119802 16.5141
11222674 3645066 16.6245
11222674 1003954 16.8683
11222674 5400998 16.8752
11222674 10990279 17.2905
11222674 10777062 17.334
11222674 10809043 17.4734
11222674 3516777 17.6727
11222674 6329761 17.6931
11222674 14487532 17.7649
11222674 13519046 17.9038
11222674 15723298 17.9757
11222674 317418 18.6236
11222674 15449847 18.6598
11222674 14010318 19.0855
11222674 3750231 19.6135
959966 12267899 1.38167
959966 15792798 1.5817
959966 1445372 1.6105
959966 13431770 1.94594
959966 14760171 2.04465
959966 12897342 2.36699
959966 7725705 2.41405
959966 5929406 2.84396
959966 11505626 3.55887
959966 16086839 4.09048
959966 14600875 4.11778
959966 5534215 5.08915
959966 9184653 5.3093
959966 8929167 5.47185
959966 2144369 7.36299
959966 9419884 7.41201
959966 15744429 7.61989
959966 923842 7.71532
959966 5114347 8.47719
959966 2318272 9.02415
959966 8419253 9.11184
959966 13252016 9.16027
959966 3107391 9.42427
959966 6754119 9.74285
959966 15727241 9.83746
959966 10227765 10.3494
959966 8102999 10.6607
959966 6733430 11.0063
959966 5509752 11.0911
959966 14347196 12.1747
959966 1921837 12.2582
959966 11922694 12.3306
959966 14468595 12.6602
959966 8607780 13.0792
959966 12642952 13.2992
959966 567354 13.5425
959966 10685543 13.5861
959966 12651336 14.573
959966 1487923 14.7809
959966 12217659 15.3212
959966 10364200 15.4978
959966 2421770 15.5414
959966 8308625 15.91
959966 8959221 16.0721
959966 1534500 16.13
959966 1211946 16.2809
959966 3766520 16.4119
959966 11968987 17.145
959966 5020420 17.4448
959966 1559891 18.9668
959966 13467122 20.1021
959966 12954833 20.2443
959966 15836136 20.3146
959966 4452265 20.3346
959966 993710 20.7949
959966 14647747 20.9496
959966 10948103 21.1358
959966 3117923 21.232
959966 16501274 21.2863
959966 13175835 21.3456
959966 10688523 21.9217
959966 10568430 22.0091
959966 9590037 22.2632
959966 481215 23.1227
959966 11404943 24.2035
959966 7100272 24.6861
959966 511981 24.8307
959966 11691220 24.962
959966 4843946 25.2513
959966 4468644 25.2524
959966 11283541 25.2903
959966 15835621 25.7791
959966 14541909 26.5382
959966 9423662 26.5679
959966 33356 26.8384
959966 7593255 26.9251
959966 251415 27.1803
959966 2141951 27.7621
959966 2368376 27.9424
12397339 2474933 1.49836
12397339 9696178 1.6206
12397339 14664436 2.04302
12397339 10771082 2.60304
12397339 15139784 2.85933
12397339 16573038 3.2216
12397339 15264224 3.43646
12397339 11884735 3.80217
12397339 1715071 4.11671
12397339 13463166 4.22977
12397339 8193877 4.79371
12397339 5575464 5.16324
12397339 5690562 5.69509
12397339 5609789 5.98548
12397339 1957183 6.22747
12397339 15054327 6.8376
12397339 7501118 6.91416
12397339 1901766 7.32935
12397339 14929365 7.83304
12397339 15388353 7.93929
12397339 7264575 8.18968
12397339 4964467 8.26167
12397339 12010907 9.26855
12397339 10420463 10.0352
12397339 6023783 11.0587
12397339 6723174 11.2273
12397339 6366338 11.8384
12397339 605161 12.3184
12397339 6335866 12.3718
12397339 7393709 12.3782
12397339 12475154 12.733
12397339 7989617 12.8843
12397339 12411122 13.1512
12397339 14152653 14.0276
12397339 5886852 14.791
12397339 7386022 14.8754
12397339 15730699 15.2776
12397339 5050600 15.3808
12397339 9715476 15.7791
12397339 9779939 15.9361
12397339 9188184 16.0205
12397339 6017090 16.8203
12397339 14106561 17.1282
12397339 13504312 17.5361
12397339 8462028 17.7942
12397339 4142951 19.3722
12397339 6316764 19.5054
12397339 14987325 19.5097
12397339 1135134 19.9229
12397339 12648858 20.4589
12397339 2112681 20.8208
12397339 12783116 21.0627
12397339 2290330 21.1336
12397339 2554250 21.6712
12397339 9548453 21.9334
12397339 10240777 21.9563
12397339 15659879 22.1163
12397339 10947782 22.3384
12397339 13008012 22.4358
12397339 13618350 22.7827
12397339 14950530 22.8519
12397339 665632 23.2238
12397339 11005971 23.2912
12397339 4984584 23.9547
12397339 14302698 23.9833
12397339 3282742 24.5343
12397339 7128136 24.5503
12397339 1528313 25.1297
12397339 6914433 25.2658
12397339 4883075 25.3507
12397339 7799307 26.4725
12397339 2751102 27.174
12397339 940125 27.2008
12397339 14373164 27.2905
12397339 12557819 27.4137
12397339 8997642 27.7404
5883073 1279547 1.55638
5883073 14915489 1.6289
5883073 10415275 1.63811
5883073 5779617 1.67321
5883073 14783337 1.75994
5883073 12337057 1.78426
5883073 2980508 1.83384
5883073 4290728 2.04821
5883073 10384701 2.26766
5883073 5547356 2.56552
5883073 11305425 2.61777
5883073 14724251 2.81143
5883073 6418808 3.00501
5883073 9234252 3.09588
5883073 8111603 3.1097
5883073 3427759 4.29283
5883073 12129166 5.50715
5883073 4504384 5.5968
5883073 14684386 5.89171
5883073 14714177 6.64574
5883073 13262527 6.65837
5883073 9055381 7.91638
5883073 16382468 8.25213
5883073 16772003 8.78739
5883073 10533140 9.139
5883073 10739473 10.0303
5883073 5230220 11.2725
5883073 12675693 11.6206
5883073 14738173 11.901
5883073 3541367 11.9424
5883073 2992248 12.1238
5883073 9383082 12.7132
5883073 14700319 13.0346
5883073 6929336 13.5991
5883073 8398324 14.2615
5883073 13740304 14.2778
5883073 1550083 14.3227
5883073 16394359 14.7367
5883073 12272517 14.8071
5883073 13637394 15.0728
5883073 15776412 16.5397
5883073 9098418 16.5602
5883073 2395079 16.5705
5883073 8832962 16.813
5883073 13546638 16.8951
5883073 10418537 17.3336
5883073 16308285 17.6518
5883073 5442422 18.246
5883073 12929606 18.5314
5883073 12010268 18.7621
5883073 13273114 19.3328
5883073 2372258 20.6917
5883073 1884936 21.7057
5883073 15760052 21.8792
5883073 7777489 22.5457
5883073 4427261 22.95
5883073 9716957 23.2781
5883073 12315837 23.3505
5883073 15443238 24.9733
5883073 4912577 25.413
5883073 6375357 25.8282
5883073 4237419 25.8552
5883073 14163189 27.5009
5883073 9971796 27.661
5883073 11643028 27.9102
5883073 12525584 28.3072
5883073 8127828 28.66
5883073 12211415 29.1199
5883073 2234172 29.1961
5883073 13480705 29.3543
5883073 16412488 29.4838
5883073 16372654 29.7762
5883073 16469086 29.8817
5883073 4787840 29.8838
5883073 1398642 30.4956
5883073 11558366 30.8072
5883073 13654630 30.9564
5883073 10729370 32.4907
5883073 7167376 32.6634
5883073 6982821 32.7906
5883073 2387795 33.0244
5883073 6623890 33.2371
5883073 16218196 34.3923
5883073 5366761 34.8156
5883073 3949602 34.9585
5883073 6243639 35.6438
5883073 1837906 36.1544
5883073 15122386 36.6634
7650092 15985025 1.98029
7650092 14117840 1.98029
7650092 14125032 1.98029
7650092 15926713 1.98029
7650092 10388298 1.98029
7650092 5179005 1.98029
7650092 11569610 1.98029
7650092 9702299 1.98029
7650092 16354664 1.98029
7650092 14487353 1.98029
14401667 12604452 24.3732
14401667 3153284 24.3769
14401667 9586274 24.4861
14401667 10077421 24.6703
14401667 13165805 24.7137
14401667 1615286 25.0652
14401667 703703 25.2775
14401667 1719038 25.3159
14401667 4006048 25.3566
14401667 2442768 25.5143
14401667 6988435 25.577
14401667 9497561 25.6188
14401667 4933054 25.7175
14401667 16293892 25.7511
14401667 10961227 25.9036
14401667 16084655 26.9241
14401667 13928223 26.9274
14401667 1462672 26.9274
14401667 8683433 27.0634
14401667 5269255 27.146
14401667 1029640 27.2606
14401667 1978910 27.3097
14401667 3189874 27.3836
14401667 3265758 28.023
14401667 3076715 28.4765
14401667 5632645 28.5856
14401667 13585150 28.7326
14401667 5873228 28.9434
14401667 5587837 29.5763
14401667 11904558 29.7207
14401667 13724316 29.7247
14401667 6513419 29.8395
14401667 10012557 29.9136
14401667 5780775 29.9442
14401667 6495771 29.9559
14401667 16733485 30.8765
14401667 15727276 31.636
14401667 5405118 31.7013
14401667 14325607 32.1199
14401667 15333419 32.1919
14401667 5390404 32.6553
14401667 8787638 32.6811
14401667 5742110 32.7872
14401667 16208008 33.4287
14401667 6123455 33.8936
14401667 6012564 34.0521
14401667 1705673 34.5726
14401667 3548320 34.6922
14401667 4942002 34.8
14401667 7550529 35.6241
14401667 1878389 36.2987
14401667 5463150 36.6082
14401667 12477629 36.8275
14401667 11496493 36.8682
14401667 14320456 37.7114
14401667 949679 38.0437
14401667 2899223 38.3894
14401667 10377548 38.5145
14401667 1161254 38.5371
14401667 7746845 39.3166
14401667 318320 40.8822
14401667 14899710 41.4468
14401667 2493036 41.6875
14401667 3663754 41.6945
14401667 2407914 42.7556
14401667 136344 43.0009
14401667 5259703 43.5178
14401667 6567852 43.5182
14401667 8219577 45.0818
14401667 14413476 45.4118
14401667 896921 45.5906
14401667 13140675 45.6238
14401667 15758589 45.7953
14401667 3257647 45.8416
14401667 6274462 46.1508
14401667 10484919 46.1699
14401667 1501657 47.5097
14401667 7685666 47.6157
14401667 3638772 47.8438
14401667 4626428 48.1174
14401667 4301439 48.6445
14401667 320328 49.044
14401667 702084 49.1873
14401667 10036626 49.8751
14401667 8417518 51.3859
14401667 5451953 51.4061
14401667 13907378 51.5173
14401667 11990503 51.6986
14401667 6056235 51.7722
14401667 14141636 51.7904
14401667 10231081 54.3029
14401667 2344256 54.7298
14401667 14373295 54.7638
14401667 9527590 54.7942
14401667 1429603 54.8509
14401667 2527406 55.331
14401667 6211570 55.3377
14401667 4596636 55.6002
14401667 5721624 56.4457
14401667 9413 56.47
14401667 8659073 56.8679
14401667 512283 58.7302
14401667 7903609 58.7745
14401667 15920373 59.092
14401667 8650146 59.1497
14401667 14949733 60.2822
14401667 2011175 61.0638
14401667 9829877 61.1478
14401667 16474994 61.7528
14401667 7178686 62.1581
14401667 10003440 62.3314
14401667 5666194 63.1662
14401667 15322084 63.5749
14401667 16712532 63.6872
14401667 1437871 63.9509
14401667 16090398 65.3185
14401667 98582 65.3756
14401667 9914121 65.3935
14401667 7637482 65.5577
14401667 6900934 66.2772
4792831 45485 4.26221
4792831 12171562 4.97923
4792831 12284357 5.1587
4792831 9909078 5.37993
4792831 3816605 5.71999
4792831 2679128 5.92386
4792831 1715014 6.04829
4792831 4068793 6.11574
4792831 13449543 6.18113
4792831 14668527 6.91345
4792831 10990405 6.97359
4792831 117541 7.47498
4792831 16752136 7.59463
4792831 13143515 7.84701
4792831 14725192 8.33678
4792831 6895674 8.3392
4792831 2598007 8.88042
4792831 14172776 8.97286
4792831 13864321 9.81014
4792831 4258479 10.3476
4792831 12359337 10.5287
4792831 2240979 10.9763
4792831 9673149 11.4628
4792831 12913022 11.5858
4792831 5256949 12.6472
4792831 2882605 12.7096
4792831 15294425 12.7161
4792831 9943662 12.7342
4792831 15537644 12.8807
4792831 5965521 13.0543
4792831 15864163 13.1048
4792831 14970039 13.1756
4792831 7853783 13.2429
4792831 14599210 13.5706
4792831 14832550 13.9841
4792831 9972044 14.2492
4792831 5304234 14.4362
4792831 4974258 14.4728
4792831 1865341 14.6473
4792831 2524527 14.8743
4792831 1215894 15.6044
4792831 10919429 16.2407
4792831 14773501 16.4025
4792831 8540205 16.9288
4792831 11131195 17.5484
4792831 14441693 17.6872
4792831 6470354 18.5532
4792831 4642728 18.5861
4792831 8085395 19.1033
4792831 2771713 19.3098
4792831 6418546 19.3213
4792831 14340775 19.8356
4792831 7273343 19.8613
4792831 7027786 19.9963
4792831 12734513 20.0607
4792831 13856873 20.1232
4792831 287848 20.4146
4792831 9418456 20.6373
4792831 13691525 20.9735
4792831 1639100 21.048
4792831 10499144 21.2853
4792831 3248458 21.56
4792831 2530051 21.8712
4792831 12380269 22.0471
4792831 129589 22.17
4792831 1315558 22.3415
4792831 6917509 22.3499
4792831 4404320 22.4098
4792831 15049625 22.7137
4792831 12663469 22.7147
4792831 5891513 22.7634
4792831 6210352 23.6476
4792831 3112773 23.6483
4792831 4758588 23.6605
4792831 2409402 23.7215
4792831 16460390 23.809
4792831 10501232 23.8287
4792831 4031891 24.4137
4792831 109941 24.4779
4792831 10627385 24.9047
4792831 16759329 25.1128
4792831 9153453 25.133
4792831 3583463 25.174
4792831 2643542 25.3985
4792831 4288250 25.5445
4792831 4585023 25.972
4792831 16176948 26.3023
4792831 9355256 26.6272
4792831 14217060 27.634
4792831 3602241 27.9822
4792831 14801595 28.0701
4792831 432567 28.0816
4792831 7098765 28.455
4792831 16077435 29.2373
4792831 13308612 29.603
4792831 6209661 29.9746
4792831 13639547 30.0642
4792831 9149324 30.1085
4792831 11463920 30.178
4792831 14273438 30.3008
4792831 10860931 30.4278
4792831 16521035 31.1001
4792831 7149589 31.1654
4792831 9505372 31.2228
4792831 9381458 32.0344
4792831 5680573 32.1119
4792831 7090442 32.6813
4792831 9609068 32.9566
4792831 8490469 33.0156
4792831 7280577 33.7202
4792831 3599011 33.9716
4792831 8019056 34.0702
4792831 10612022 34.1408
4792831 7841642 34.499
4792831 13086872 34.576
4792831 11103555 34.6064
4792831 3302533 34.7633
4792831 10272928 34.8843
4792831 15808537 34.9656
4792831 510856 35.3519
1632903 11862744 1.90215
1632903 5462012 1.92432
1632903 1040184 2.07415
1632903 15226869 2.08335
1632903 12902232 2.09828
1632903 9208769 2.20583
1632903 6579620 2.24851
1632903 15280907 2.39126
1632903 15693310 2.55308
1632903 545937 2.67763
1632903 5546176 3.00218
1632903 15265264 3.17785
1632903 6337595 3.36292
1632903 9040531 3.37675
1632903 12582158 3.56961
1632903 11192437 3.58943
1632903 3882572 3.74258
1632903 13547655 4.76865
1632903 1984089 4.89701
1632903 10089346 5.26634
1632903 16002667 5.29071
1632903 8517622 5.30771
1632903 11503149 5.31557
1632903 15529244 5.39824
1632903 3941432 5.44631
1632903 14456684 5.48113
1632903 2212165 5.59018
1632903 15164304 5.77216
1632903 15003646 5.84062
1632903 10145647 6.08997
1632903 10122903 6.11294
1632903 11414877 6.1231
1632903 3691312 6.1577
1632903 2231288 6.26205
1632903 11951188 6.71711
1632903 2959454 6.7294
1632903 13615951 7.22683
1632903 8819226 7.6968
1632903 2745160 8.08876
1632903 3541783 8.5253
1632903 3242837 8.80554
1632903 467959 9.07566
1632903 15891471 9.13413
1632903 7960 9.36632
1632903 7604592 10.0297
1632903 13958950 10.1082
1632903 8054091 10.5351
1632903 8235725 10.9225
1632903 2490618 10.9505
1632903 6270678 11.1376
1632903 6560873 11.7344
1632903 5185210 12.0876
1632903 3195333 12.3702
1632903 11099471 12.505
1632903 6275578 12.6589
1632903 15859938 12.7013
1632903 12581075 12.7777
1632903 4197718 12.7901
1632903 363422 13.292
1632903 9198658 13.3069
1632903 13214178 13.3458
1632903 13040942 13.4815
1632903 9823214 13.6975
1632903 15830136 14.0199
1632903 7836146 14.0753
1632903 11839498 14.2164
1632903 11737418 14.4479
1632903 8557635 14.4937
1632903 4913931 14.7205
1632903 6116302 14.8209
1632903 14542783 14.8919
1632903 4274407 14.9443
1632903 6128696 14.9675
1632903 8235723 15.3356
1632903 6465388 15.4313
1632903 12339777 15.4418
1632903 6472718 15.7778
1632903 16673084 15.806
1632903 341460 16.1297
1632903 6004962 16.5635
1632903 12023816 16.7986
1632903 5563954 16.9429
1632903 10852793 16.9606
16433386 12603937 1.89344
16433386 3397996 1.89917
16433386 14643820 1.97845
16433386 153402 2.02989
16433386 9064110 2.10679
16433386 4942805 2.4258
16433386 13279088 2.46558
16433386 13195372 2.78893
16433386 12245939 3.05665
16433386 5801339 3.07206
16433386 3270555 3.12195
16433386 13548485 3.19323
16433386 3018267 3.19777
16433386 661752 3.3564
16433386 8515501 3.48903
16433386 16252870 3.77706
16433386 9667250 3.79393
16433386 1521694 4.28938
16433386 3968216 4.30949
16433386 2852407 4.33229
16433386 11137767 4.39769
16433386 1593258 4.41072
16433386 2556856 4.79757
16433386 16010247 5.55987
16433386 2048185 5.63461
16433386 12912807 5.73158
16433386 13859353 6.2095
16433386 14660587 6.33132
16433386 9982851 6.33468
16433386 14715124 6.35585
16433386 7323593 6.35714
16433386 12345728 6.41785
16433386 10314402 6.45574
16433386 6352598 6.60567
16433386 15444292 6.89072
16433386 4223758 6.90056
16433386 16217543 7.81026
16433386 9735135 7.86021
16433386 4800637 8.08394
16433386 10367761 8.50919
16433386 11875346 8.63176
16433386 1998893 9.58114
16433386 9637789 9.6356
16433386 13992748 10.1825
16433386 15521053 10.2394
16433386 9710270 10.3619
16433386 13399510 10.3755
16433386 9443085 10.5
16433386 8368823 10.6077
16433386 6449259 10.6102
16433386 12032250 11.325
16433386 9188151 11.9197
16433386 11693279 11.9384
16433386 12187920 12.1198
16433386 7089669 12.214
16433386 546247 12.2211
16433386 14745634 12.2734
16433386 15700230 12.3627
16433386 13855809 12.4241
16433386 16372600 12.4257
16433386 924415 12.9035
16433386 4067320 13.3403
16433386 15545820 13.3825
16433386 3637968 13.415
16433386 13207958 14.1087
16433386 13096634 14.303
16433386 3849942 14.4004
16433386 2768744 14.4851
16433386 5333921 14.7348
16433386 1589170 14.9025
16433386 13389062 15.2426
16433386 5399732 15.256
16433386 2360997 15.5681
16433386 152482 15.7203
16433386 2989862 15.8219
16433386 7461127 16.013
16433386 13193052 16.1769
16433386 7910951 16.198
16433386 14340825 16.6975
16433386 10378981 84.8865
16433386 11364160 90.5915
16433386 1155831 95.2927
3783430 15301610 383.542
3783430 12505395 383.664
3783430 16674673 383.736
3783430 9853022 384.873
3783430 11386198 385.342
3783430 11707677 385.932
3783430 10839591 385.941
3783430 2075951 385.965
3783430 7366441 386.11
3783430 7322962 386.24
3783430 9222861 386.314
3783430 2950784 387.352
3783430 8919530 388.012
3783430 16031650 388.053
3783430 11939006 388.59
3783430 15277462 388.698
3783430 5642590 390.066
3783430 2661652 390.082
3783430 11735972 390.299
3783430 10115187 390.504
3783430 907264 391.188
3783430 11990248 391.312
3783430 8535090 391.836
3783430 2262013 392.089
3783430 8276956 392.449
3783430 16240235 392.547
3783430 6085409 392.855
3783430 16690110 393.001
3783430 14291784 393.48
3783430 12397811 393.59
3783430 9399283 393.803
3783430 15466811 393.979
3783430 10159743 394.051
3783430 1020248 394.202
3783430 14938129 394.242
3783430 7250600 394.892
3783430 924487 396.35
3783430 5623292 396.592
3783430 16300007 396.762
3783430 10013523 397.023
3783430 13686590 397.188
3783430 4035153 397.626
3783430 3153773 397.776
3783430 13544752 397.957
3783430 5952052 398.028
3783430 13838056 398.129
3783430 15054346 398.436
3783430 5754768 398.759
3783430 8682103 399.29
3783430 1457465 400.096
3783430 15065156 400.116
3783430 3241732 400.465
3783430 3325990 402.98
3783430 5842350 403.173
3783430 386264 403.45
3783430 14785852 403.651
3783430 3239955 404.399
3783430 9804985 404.468
3783430 5960771 405.186
3783430 9422468 405.75
3783430 8989255 406.152
3783430 16672406 406.431
3783430 3680120 406.692
3783430 5512352 407.089
3783430 3199018 407.425
3783430 12133255 407.834
3783430 1817814 408.182
3783430 13364691 408.447
3783430 5559548 408.601
3783430 16204053 408.619
3783430 14428177 408.948
3783430 8955151 409.76
3783430 867765 409.771
3783430 16534596 409.835
3783430 2009436 410.35
3783430 8505472 410.689
3783430 1100423 410.813
3783430 13312315 410.899
3783430 16122002 411.12
3783430 15222719 411.299
3783430 8797289 411.336
3783430 12381281 411.755
3783430 14034758 411.822
3783430 11786075 412.034
3783430 5507287 412.06
3783430 3395481 412.454
3783430 9483678 412.601
3783430 15565427 412.716
3783430 15235662 412.722
3783430 14740513 412.886
3783430 10788290 413.195
3783430 12708879 413.512
3783430 4229914 413.569
3783430 6112879 413.7
3783430 15590734 413.737
3783430 426136 414.114
3783430 8031458 414.128
3783430 10518358 414.181
3783430 16089294 414.472
3783430 2307 415.056
3783430 9236510 415.181
3783430 16224961 415.19
3783430 16266748 415.239
3783430 4424398 415.566
3783430 13775766 415.721
3783430 7059405 415.721
3783430 4984706 416.043
3783430 299119 416.239
3783430 14457673 416.735
3783430 37676 416.924
3783430 1011786 417.087
3783430 12017029 417.392
3783430 5777901 417.989
3783430 9951757 418.258
3783430 9747493 418.539
3783430 8003016 418.688
3783430 10681090 418.88
3783430 7573221 418.959
3783430 489145 418.967
3783430 9232264 540.139
11051267 9385324 356.303
11051267 1053823 357.409
11051267 3638502 357.445
11051267 14484511 358.163
11051267 1801565 358.306
11051267 7905958 359.035
11051267 73541 359.158
11051267 11485522 359.501
11051267 15906795 359.547
11051267 12839286 359.626
11051267 8405889 359.652
11051267 322347 359.688
11051267 14158844 359.901
11051267 9685351 360.285
11051267 3518640 360.287
11051267 10138164 360.457
11051267 181441 361.274
11051267 7040569 361.586
11051267 4653137 361.694
11051267 15157219 362.415
11051267 10147717 363.271
11051267 9343778 363.669
11051267 4215078 363.83
11051267 9661202 363.94
11051267 2490418 363.989
11051267 6448382 364.502
11051267 9324094 365.19
11051267 1307385 365.431
11051267 1215627 365.978
11051267 11255785 366.309
11051267 13148464 366.692
11051267 16034123 366.734
11051267 1428977 367.674
11051267 8724490 368.069
11051267 7908087 368.217
11051267 10835444 368.292
11051267 8219839 368.363
11051267 13743586 368.784
11051267 3485331 368.908
11051267 12028650 369.837
11051267 7112931 369.99
11051267 9876277 370.077
11051267 16584413 370.356
11051267 11729868 370.661
11051267 6668471 370.795
11051267 9549914 370.953
11051267 8715158 371.756
11051267 14560651 371.78
11051267 2835330 372.451
11051267 12160534 372.551
11051267 8065180 373.478
11051267 925163 373.705
11051267 3241904 374.031
11051267 5017663 374.382
11051267 2412274 374.647
11051267 9276182 374.933
11051267 9956038 375.195
11051267 11498550 375.338
11051267 1364783 375.348
11051267 16055896 376.216
11051267 16310882 376.458
11051267 7815586 376.9
11051267 12432880 377.199
11051267 1632409 377.693
11051267 7876249 377.773
11051267 3699511 380.585
11051267 14274709 380.705
11051267 5313022 380.715
11051267 16265996 380.841
11051267 8899348 381.304
11051267 1193735 381.536
11051267 565090 382.096
11051267 4422466 382.449
11051267 4424376 382.832
11051267 13633480 382.837
11051267 12882114 382.855
11051267 14212967 383.148
11042914 9310925 329.148
11042914 12452014 329.236
11042914 13367379 329.485
11042914 14415021 329.746
11042914 14019843 330.799
11042914 16242001 330.931
11042914 11416529 331.046
11042914 12494798 331.443
11042914 15527461 331.563
11042914 5643195 331.729
11042914 6601437 331.781
11042914 1621008 331.945
11042914 12912917 332.072
11042914 396996 332.246
11042914 12106635 332.582
11042914 10791886 332.66
11042914 8142249 332.853
11042914 6079773 333.423
11042914 2211420 333.495
11042914 7550999 335.321
11042914 6500541 335.781
11042914 3837785 336.07
11042914 16358532 336.072
11042914 11445778 336.166
11042914 1469925 337.072
11042914 14299020 337.551
11042914 899773 337.926
11042914 7657333 338.457
11042914 6535028 338.664
11042914 3296502 339.065
11042914 7302353 339.112
11042914 6914741 339.287
11042914 11519360 339.857
11042914 5019372 340.087
11042914 505152 340.232
11042914 6586460 340.293
11042914 863603 340.701
11042914 3152681 340.918
11042914 9069841 341.456
11042914 2677567 341.511
11042914 9033961 342.018
11042914 4364076 342.428
11042914 12587730 342.601
11042914 10320306 343.34
11042914 12665484 343.388
11042914 5184337 343.592
11042914 5414365 344.033
11042914 15589601 344.829
11042914 14672769 344.94
11042914 3975772 345.163
11042914 7504976 345.846
11042914 2332103 345.884
11042914 4833482 346.529
11042914 13750095 346.73
11042914 10300035 347.08
11042914 14859725 348.441
11042914 5291288 348.997
11042914 9652493 349.088
11042914 8220935 350.03
11042914 14131748 350.299
11042914 4715326 351.292
11042914 16199808 351.292
11042914 8235522 351.392
11042914 7656137 351.766
11042914 15165240 351.838
11042914 8079461 352.115
11042914 12028303 352.445
11042914 12246621 352.747
11042914 10712545 353.144
11042914 2137448 353.267
11042914 2102931 353.379
11042914 6426221 353.399
11042914 2542519 353.607
11042914 11659040 353.818
11042914 9532622 354.558
11042914 11026442 354.633
11042914 3992323 355.525
11042914 2173988 355.545
11042914 3221842 355.877
11042914 6896798 355.94
4902680 1380578 296.232
4902680 3731173 296.505
4902680 2902430 297.937
4902680 7316700 298.062
4902680 10003989 298.093
4902680 15804882 298.279
4902680 1065879 299.413
4902680 15588639 299.533
4902680 10978500 299.619
4902680 13027549 299.635
4902680 13927547 299.799
4902680 11983714 299.903
4902680 11268583 300.003
4902680 13215194 300.353
4902680 14893833 301.071
4902680 10129024 301.24
4902680 5651180 302.098
4902680 14665722 302.12
4902680 7901503 302.358
4902680 10886187 302.926
4902680 7942164 303.443
4902680 12448409 303.833
4902680 13082015 304.751
4902680 5527206 304.967
4902680 4454434 305.077
4902680 4422988 305.294
4902680 8204941 305.307
4902680 11184665 305.456
4902680 15590393 307.292
4902680 4143871 307.622
4902680 4210060 308.239
4902680 5742460 308.346
4902680 1975858 308.913
4902680 15754594 309.803
4902680 7332072 309.824
4902680 13244377 309.832
4902680 3368938 309.975
4902680 2672234 310.488
4902680 12268003 310.559
4902680 10553284 310.744
4902680 1595246 311.369
4902680 13881669 311.688
4902680 9170690 311.932
4902680 3444003 312.015
4902680 1019576 312.244
4902680 1532041 312.603
4902680 14429068 312.885
4902680 12045505 313.782
4902680 13216241 313.901
4902680 4029250 314.018
4902680 3267352 314.91
4902680 7738615 315.569
4902680 16139358 315.991
4902680 8935499 316.257
4902680 15587277 317.031
4902680 221992 317.539
4902680 3789052 318.287
4902680 9997962 318.396
4902680 13971803 319.698
4902680 124260 320.061
4902680 12886487 320.721
4902680 4245747 320.942
4902680 592322 321.072
4902680 8339437 321.308
4902680 3136963 321.624
4902680 8129758 321.628
4902680 15016745 322.144
4902680 12333844 322.353
4902680 10599953 322.854
4902680 4446011 323.165
4902680 9462400 325.003
4902680 9011146 325.662
4902680 10087207 326.806
4902680 3051511 326.95
4902680 2604570 327.284
4902680 15030800 327.696
4902680 5811972 328.039
4902680 10133484 328.419
3765899 11657202 261.899
3765899 2225792 262.2
3765899 5721214 262.303
3765899 15233978 262.484
3765899 9130617 262.585
3765899 3752859 262.678
3765899 6186707 262.984
3765899 9824493 263.655
3765899 3634717 264.083
3765899 11964089 264.947
3765899 15072511 266.506
3765899 11200161 267.269
3765899 13837419 267.468
3765899 6967534 267.597
3765899 2240007 267.731
3765899 4579239 268.503
3765899 10757450 268.653
3765899 3944880 269.079
3765899 16204639 269.453
3765899 3664362 269.503
3765899 2268262 269.829
3765899 8170376 269.836
3765899 4825010 270.078
3765899 5139287 270.102
3765899 10463372 270.974
3765899 13940592 271.843
3765899 9256073 273.457
3765899 4115525 273.827
3765899 11381438 273.835
3765899 11869513 274.257
3765899 10971424 275.999
3765899 8322477 276.153
3765899 13779590 276.687
3765899 13923679 277.611
3765899 9009533 278.595
3765899 9475445 278.837
3765899 4277561 279.302
3765899 16721601 279.5
3765899 14304984 279.617
3765899 9957286 279.619
3765899 2475444 279.725
3765899 12310184 280.513
3765899 1877285 280.698
3765899 13801474 280.734
3765899 7101939 280.948
3765899 7224200 281.284
3765899 13549725 281.409
3765899 1047420 281.777
3765899 5141788 281.903
3765899 10587858 282.049
3765899 16030110 282.123
3765899 3166765 282.495
3765899 1009405 282.76
3765899 302752 282.816
3765899 6995027 283.685
3765899 16442158 284.502
3765899 7573126 285.001
3765899 16554593 285.516
3765899 2450627 285.643
3765899 647301 285.689
3765899 7748900 286.93
3765899 9045116 287.532
3765899 16050306 287.78
3765899 15369507 288.448
3765899 2515841 288.527
3765899 6094485 289.029
3765899 8496452 289.605
3765899 3837028 289.837
3765899 14279847 291.016
3765899 15426960 291.15
3765899 12637685 293.134
3765899 16508755 294.051
3765899 13045753 294.261
3765899 732299 294.62
3765899 4663521 294.905
3765899 15954130 295.823
5166767 9605743 236.163
5166767 11090873 236.656
5166767 6587668 236.768
5166767 1479399 237.458
5166767 11840816 237.65
5166767 3267337 238.405
5166767 3311646 238.763
5166767 6167925 238.768
5166767 14949341 238.945
5166767 7435927 239.435
5166767 15163976 239.709
5166767 6019077 240.016
5166767 9012240 240.055
5166767 3316382 240.473
5166767 2459789 240.629
5166767 3754436 240.707
5166767 11345735 240.789
5166767 3230807 241.031
5166767 14179924 241.176
5166767 4394799 241.729
5166767 10620591 242.257
5166767 1177154 242.29
5166767 11293120 242.403
5166767 905586 242.518
5166767 454482 243.195
5166767 7993914 244.327
5166767 1751861 244.41
5166767 10272942 244.437
5166767 16237089 244.811
5166767 16759389 245.665
5166767 736611 245.7
5166767 7576817 245.987
5166767 16545663 246.273
5166767 1261440 246.284
5166767 5996099 246.571
5166767 1110790 246.685
5166767 5112669 248.097
5166767 15265103 248.289
5166767 10981075 248.455
5166767 16279164 249.047
5166767 12617057 249.433
5166767 3234014 249.692
5166767 377414 249.807
5166767 13640337 250.31
5166767 8686830 250.973
5166767 16617762 251.003
5166767 1538887 251.016
5166767 13043936 251.442
5166767 894742 251.79
5166767 7431061 252.006
5166767 1132511 252.101
5166767 5220793 252.261
5166767 7028611 252.281
5166767 6167642 252.81
5166767 9949863 252.895
5166767 4109863 253.59
5166767 16670240 254.183
5166767 9859788 255.045
5166767 11745610 255.069
5166767 6468816 255.402
5166767 6254665 256.526
5166767 4446642 257.008
5166767 10411812 257.046
5166767 16534618 257.359
5166767 8297690 258.073
5166767 6192315 258.074
5166767 8657308 258.693
5166767 15126625 258.984
5166767 15386413 259.177
5166767 12129959 259.399
5166767 2533392 259.624
5166767 16587824 260.223
5166767 1548972 260.437
5166767 6398995 261.139
5166767 14272156 406.584
5166767 14648046 410.252
5166767 15400003 539.953
5166767 14883620 540.139
14620159 14886137 205.234
14620159 16622316 205.499
14620159 4411339 205.713
14620159 10926302 205.806
14620159 12340843 206.587
14620159 12680201 207.354
14620159 1013645 207.356
14620159 10070881 207.5
14620159 491773 207.735
14620159 8613585 207.809
14620159 6893063 208.024
14620159 6564488 208.719
14620159 4952256 209.821
14620159 704042 210.22
14620159 15828918 210.479
14620159 15555696 210.824
14620159 7550042 211.206
14620159 2605448 211.45
14620159 2377969 212.334
14620159 13519407 212.826
14620159 8108491 214.165
14620159 14681903 214.843
14620159 4637438 215.098
14620159 7527469 216.683
14620159 9751223 216.811
14620159 10285903 217.021
14620159 7169176 217.495
14620159 3594550 217.775
14620159 16592293 217.794
14620159 337863 218.554
14620159 3113945 219.035
14620159 15478829 219.067
14620159 12739513 219.34
14620159 15063843 220.39
14620159 14250715 220.683
14620159 1489341 221.038
14620159 2079773 221.155
14620159 2205130 222.001
14620159 13081048 222.421
14620159 13323316 222.481
14620159 2316968 222.82
14620159 4698822 222.858
14620159 6174605 223.278
14620159 3955200 223.626
14620159 12519009 223.632
14620159 9437533 224.06
14620159 10562871 224.068
14620159 7930885 224.276
14620159 2073178 225.07
14620159 2649198 225.157
14620159 5165684 225.534
14620159 12570188 226.799
14620159 16371326 227.004
14620159 14299012 227.152
14620159 7330697 227.627
14620159 6578936 228.175
14620159 10572849 228.33
14620159 5208421 228.335
14620159 13033980 228.551
14620159 7809543 229.03
14620159 8494196 229.081
14620159 12382220 229.261
14620159 10143233 229.335
14620159 9670425 229.639
14620159 1838146 229.892
14620159 13909532 230.127
14620159 6898553 230.752
14620159 5501538 230.837
14620159 4057048 231.958
14620159 13968018 232.566
14620159 16384135 232.805
14620159 4412149 232.968
14620159 11519107 233.071
14620159 5102848 233.091
14620159 7690807 234.105
14620159 8141013 234.141
14620159 6767791 234.343
14620159 4016717 234.837
14620159 13305480 234.998
14620159 8003730 235.124
14620159 2955373 236.027
14620159 2416279 236.05
