8929803 7620637 2.2191
8929803 3682808 2.83205
8929803 5550934 2.97838
8929803 2788331 3.01014
8929803 8300951 3.05821
8929803 7671358 3.15207
8929803 16714198 3.22454
8929803 9617579 3.46078
8929803 7356501 3.52132
8929803 16593541 6.62297
8929803 5248834 8.13909
8929803 8012554 8.16367
8929803 9187396 8.43066
8929803 14828777 8.51409
8929803 523141 8.97769
8929803 11362005 9.07614
8929803 101767 9.43348
8929803 14943108 9.45104
8929803 6480829 9.68851
8929803 4674484 10.1922
8929803 5501419 10.6094
8929803 9156737 11.0173
8929803 7517847 11.2608
8929803 1281902 11.5167
8929803 7179363 12.7288
8929803 4789795 13.1891
8929803 11481693 13.2015
8929803 14976949 13.3174
8929803 11087318 14.8189
8929803 10463238 16.2769
8929803 11658343 16.6492
8929803 1911381 17.1346
8929803 2568753 17.3156
8929803 8827716 18.4038
8929803 9749875 18.9641
8929803 9720448 19.2049
8929803 8067277 19.4077
8929803 4224850 19.774
8929803 5964356 20.0531
8929803 5517659 21.659
8929803 7517783 22.1878
8929803 1424190 22.378
8929803 4227166 22.915
8929803 12193264 22.9755
8929803 2183094 23.0836
8929803 839439 23.7503
8929803 4219038 24.65
8929803 3386389 25.059
8929803 13927762 25.0739
8929803 111729 25.7171
8929803 2452825 25.8483
8929803 8508394 26.0814
8929803 14971183 26.1082
8929803 2402868 27.8033
8929803 12613866 28.0227
8929803 15810186 28.1205
8929803 14922522 28.3081
8929803 16118942 29.252
8929803 2840022 29.3024
8929803 10748982 29.5913
8929803 15687081 30.2028
8929803 4995838 30.3695
8929803 6531554 30.9951
8929803 9842769 31.1206
8929803 4302481 31.5017
8929803 13114835 31.6924
8929803 12717928 31.7784
8929803 5238117 31.8071
8929803 10338018 32.0573
8929803 5710293 32.2001
8929803 11859016 33.6942
8929803 5839807 33.7626
8929803 14070672 33.8383
8929803 6505757 34.5969
8929803 12962210 34.6508
8929803 9610352 34.7511
8929803 10209428 35.2054
8929803 16194505 35.6735
8929803 14318861 35.9346
4915500 548065 1.61998
4915500 3532387 1.79495
4915500 3604555 1.82023
4915500 523175 2.23883
4915500 3381190 2.97366
4915500 15235356 4.70462
4915500 5770926 5.43622
4915500 14274254 5.76191
4915500 14478294 6.72706
4915500 10374232 6.90684
4915500 4569711 8.32367
4915500 7452890 8.36733
4915500 4522970 8.40481
4915500 11877704 9.21803
4915500 4872052 9.3177
4915500 1262397 9.37208
4915500 15027688 9.50174
4915500 16090801 10.2834
4915500 203771 11.5525
4915500 11590236 12.0701
4915500 16377125 13.8072
4915500 5333449 14.1685
4915500 11885378 14.4569
4915500 10891722 16.8662
4915500 5805661 17.4172
4915500 15729735 17.5433
4915500 6980501 18.1633
4915500 6112586 18.2313
4915500 13008298 18.5942
4915500 10663927 19.1898
4915500 15562216 19.2524
4915500 2009732 19.5083
4915500 10333040 19.7121
4915500 12115648 19.8563
4915500 5573994 19.8865
4915500 8338160 20.1731
4915500 12998282 20.408
4915500 15855127 20.6378
4915500 15896276 21.053
4915500 11197931 21.5764
4915500 6438931 21.9714
4915500 12208688 22.0042
4915500 13690636 22.1377
4915500 5951898 22.4207
4915500 4763789 22.7521
4915500 11609527 23.1004
4915500 4858732 23.3941
4915500 5068972 24.0423
4915500 4332979 24.5688
4915500 12622441 24.5985
4915500 11643500 24.62
4915500 9076423 25.2884
4915500 12992835 25.3479
4915500 8504055 25.5845
4915500 5758602 26.4054
4915500 1290628 26.8117
4915500 16762438 27.0859
4915500 5157634 27.5755
4915500 4400385 27.6609
4915500 13843878 28.0148
4915500 12806284 28.1777
4915500 10496505 28.8093
4915500 16151771 29.0288
4915500 592950 29.9757
4915500 13272791 30.8161
4915500 7941514 30.8313
4915500 14841687 31.2279
4915500 14699995 31.9196
4915500 10383884 32.0955
4915500 6205106 32.622
4915500 11359842 33.0848
4915500 9359050 33.4243
4915500 5641291 33.4276
4915500 1985236 33.8306
4915500 11344223 34.0488
4915500 3659591 34.5619
4915500 4836486 34.7008
4915500 8017080 34.7775
4915500 7470124 35.0302
4915500 2231324 35.4589
4915500 2149150 35.7708
4915500 723972 35.8011
4915500 12894366 36.5439
4915500 4906868 37.6062
4915500 13027109 38.4885
4915500 10217595 39.0042
4915500 14879867 39.0398
4915500 11865098 39.1916
4915500 12988341 39.7081
4915500 7219419 39.8005
4915500 9803248 40.4102
4915500 8411905 41.3326
4915500 512410 42.4253
4915500 13631752 42.876
4915500 608514 43.3529
4915500 7082347 43.6708
4915500 3276694 43.7516
4915500 2436669 44.5578
4915500 2546975 45.7271
4915500 15856957 46.005
4915500 8360909 46.3132
4915500 11827486 46.5773
4915500 8303335 46.9023
4915500 12816461 47.0087
4915500 7829745 47.0097
4915500 1968647 47.7902
4915500 12073955 49.1394
4915500 6724926 49.3219
4915500 8062497 49.9728
4915500 1343278 50.1201
4915500 6201556 50.6778
4915500 3635463 50.781
4915500 3483261 51.2729
4915500 753635 51.3714
4915500 6330566 155.735
4915500 7322433 157.278
4915500 3863347 159.023
4915500 422264 159.754
16444380 15415108 30.413
16444380 4465994 30.8477
16444380 6536211 31.5698
16444380 14149009 31.6524
16444380 6379519 31.7076
16444380 8982331 31.7389
16444380 3819284 31.7701
16444380 666230 32.316
16444380 8632169 34.4292
16444380 13993222 34.4461
16444380 10333487 34.8321
16444380 13129272 35.0309
16444380 11220980 35.0821
16444380 2460206 36.6201
16444380 16143670 36.9453
16444380 12552189 37.5049
16444380 10076268 37.9386
16444380 7378877 38.7857
16444380 13670767 39.6605
16444380 4624484 39.8632
16444380 16235615 39.8671
16444380 7256324 40.5429
16444380 8761496 40.9415
16444380 3975853 44.6175
16444380 5673392 44.6278
16444380 6546517 44.7002
16444380 11947404 44.9939
16444380 3627844 45.2744
16444380 4024878 45.5534
16444380 9744734 46.0864
16444380 15636413 46.5321
16444380 6648960 47.3303
16444380 1462282 47.527
16444380 11647554 47.7453
16444380 13796395 48.1135
16444380 14144983 48.1394
16444380 13173736 48.2316
16444380 6503998 48.3117
16444380 4570424 48.4586
16444380 3756933 48.6781
16444380 6193885 48.9185
16444380 9977153 49.0067
16444380 14149423 49.0345
16444380 16720223 49.7592
16444380 16187359 49.7864
16444380 4423617 49.8041
16444380 13112363 49.9369
16444380 14246414 50.1767
16444380 8781501 50.2438
16444380 12629194 50.3633
16444380 13813428 50.4911
16444380 857549 50.8672
16444380 14058276 51.1
16444380 14357800 51.1366
16444380 15106515 51.3183
16444380 13427583 51.3494
16444380 14003327 51.3712
16444380 13364375 51.5843
16444380 7412990 51.5977
16444380 4787178 51.6676
16444380 5196785 51.7116
16444380 9028483 51.8245
16444380 5345009 51.9084
16444380 11171454 51.995
16444380 4259183 51.996
16444380 1306264 52.5306
16444380 10235501 52.9508
16444380 10217019 53.1927
16444380 3371841 54.1921
16444380 16495973 55.7106
16444380 2083073 57.4271
16444380 1794170 57.5419
16444380 13981109 59.6182
16444380 10370516 62.3104
16444380 10212705 62.8219
16444380 3626846 62.854
16444380 13166643 63.023
16444380 472523 63.3308
16444380 7412686 69.9291
14585213 10372453 1.95149
14585213 4564155 1.95149
14585213 2674288 1.95149
14585213 6366954 1.95149
14585213 6408914 1.95149
14585213 805921 1.95149
14585213 4540547 1.95149
14585213 14107079 1.95149
14585213 15975318 1.95149
7180905 3080287 3.03902
7180905 12802356 3.12322
7180905 14505480 3.23414
7180905 4843375 3.32121
7180905 11905610 3.54265
7180905 11917162 3.85339
7180905 6239019 3.94375
7180905 8496988 4.28324
7180905 16162380 4.83348
7180905 2278610 5.41076
7180905 6861651 5.49597
7180905 6980180 5.53154
7180905 10820427 5.68294
7180905 9825613 5.69974
7180905 15187206 5.76209
7180905 1276679 5.8999
7180905 13840564 5.98803
7180905 12597610 6.29489
7180905 12268117 6.55566
7180905 7714912 6.95376
7180905 7432397 6.95937
7180905 15620713 6.96943
7180905 2604885 7.16093
7180905 215987 7.33477
7180905 16737361 7.46915
7180905 442738 7.9552
7180905 2462264 8.17093
7180905 10502566 8.75379
7180905 16401810 8.8333
7180905 3315986 8.91633
7180905 1441171 9.85212
7180905 6911166 9.98445
7180905 5326917 10.0966
7180905 4942249 10.3571
7180905 10798661 10.4512
7180905 10704081 10.7235
7180905 10515980 10.7835
7180905 3219981 10.9602
7180905 9492284 11.371
7180905 11762229 11.4775
7180905 1666959 11.734
7180905 6249151 11.7648
7180905 7932533 11.9345
7180905 3989694 12.2707
7180905 4521218 12.3536
7180905 5938361 12.7293
7180905 306198 12.7576
7180905 12323241 12.7797
7180905 2982318 12.9828
7180905 14514618 13.029
7180905 7654848 13.2129
7180905 3665887 13.511
7180905 8196392 13.5861
7180905 3736252 13.6113
7180905 10849838 13.6239
7180905 14101580 13.7118
7180905 8158440 13.7667
7180905 2570687 14.1223
7180905 12077275 14.1563
7180905 6072083 14.5921
7180905 3504017 14.9521
7180905 6147310 15.0135
7180905 15577850 15.0655
7180905 11476573 15.0847
7180905 10363697 15.7287
7180905 8766068 16.0656
7180905 5540430 16.075
7180905 13362979 16.2217
7180905 15912593 16.4457
7180905 814590 16.5863
7180905 12592035 16.6108
7180905 6189782 16.8411
7180905 4507269 17.2717
7180905 3912153 17.641
7180905 16634283 17.8347
7180905 9455179 18.0733
7180905 2152483 18.6684
7180905 6531042 18.7083
7180905 2412130 18.7999
7180905 4851545 18.9406
7180905 6097152 19.006
7180905 3941867 19.1929
7180905 16202803 19.2805
7180905 8327281 19.3349
7180905 327214 19.7116
7180905 969 19.8553
7180905 3403262 20.2129
7180905 10642923 20.4571
7180905 11173546 20.7531
7180905 6604374 20.9008
7180905 5222745 20.9157
7180905 6566798 20.9818
7180905 1013623 21.482
7180905 3302372 22.1259
7180905 198857 22.4338
7180905 14199432 22.5807
7180905 715114 22.6848
7180905 11933539 22.8048
7180905 5146864 22.8785
7180905 15660832 23.1006
7180905 5289474 23.2318
7180905 5909336 23.5951
7180905 7160661 23.6494
7180905 11140163 23.7914
7180905 11017357 23.8171
7180905 11018167 24.1733
7180905 14214057 24.2027
7180905 14906839 24.3387
7180905 10563416 31.8149
7180905 8210190 24.3614
7180905 11894302 24.454
7180905 3858917 24.9259
7180905 14610785 24.9869
7180905 2904414 26.0193
7180905 16148028 26.2809
7180905 9969829 26.3312
7180905 13182882 26.511
7180905 11160353 26.7947
7180905 5476575 27.8567
7180905 15754604 28.1317
14548578 6540456 1.88688
14548578 5897583 2.13884
14548578 13695048 2.37936
14548578 3833170 2.59466
14548578 7206095 2.73825
14548578 1962052 2.87668
14548578 16212577 2.95137
14548578 812869 2.97995
14548578 15806057 3.52806
14548578 13987563 3.52947
14548578 11530984 3.72416
14548578 3826527 3.88791
14548578 2426189 4.33794
14548578 2856630 4.5464
14548578 12394746 4.5724
14548578 12191260 4.59743
14548578 12854281 4.6718
14548578 13024306 4.68106
14548578 12502641 4.97637
14548578 7312535 4.99069
14548578 5092527 5.00813
14548578 11325549 5.1784
14548578 9113591 5.18756
14548578 11616966 5.37668
14548578 7359185 5.44123
14548578 14881549 5.73483
14548578 13994888 5.78058
14548578 15257376 5.8233
14548578 9967077 5.88145
14548578 13576131 6.133
14548578 9327552 6.13768
14548578 12428876 6.28395
14548578 2190027 6.29463
14548578 2121183 6.51332
14548578 1647518 6.55451
14548578 16569467 6.56752
14548578 15525953 6.70124
14548578 16531538 7.2614
14548578 9136863 7.36019
14548578 14255430 7.46939
14548578 8271723 7.51991
14548578 6279941 7.94206
14548578 5690517 8.04381
14548578 8007108 8.0733
14548578 45994 8.19399
14548578 2591768 8.40088
14548578 3309871 8.58983
14548578 4953202 8.61724
14548578 6947634 8.93838
14548578 11125283 8.99177
14548578 2234097 8.99472
14548578 5459324 9.14311
14548578 4367223 9.51696
14548578 5645738 9.66024
14548578 3657326 9.94225
14548578 9110903 9.98185
14548578 10205348 10.2682
14548578 7136281 10.3161
14548578 11271132 10.5056
14548578 2586235 10.8692
14548578 14749001 10.8901
14548578 8633951 10.8991
14548578 12283066 10.9643
14548578 6841270 11.1502
14548578 5456696 11.2488
14548578 2005223 11.7168
14548578 13364179 12.002
14548578 6721278 12.4233
14548578 8291192 12.4431
14548578 11526682 12.4493
14548578 934141 12.4878
14548578 12081898 13.8475
14548578 1651580 13.9912
14548578 8985438 14.0534
14548578 5007740 14.3103
14548578 11515913 14.3141
14548578 9667721 14.6602
14548578 10026504 14.9841
14548578 2433215 15.0878
14548578 6049417 15.2021
14548578 2606422 15.4028
14548578 14611841 15.416
14548578 8245840 15.6266
14548578 16473394 15.8894
14548578 14608258 16.0553
14548578 15153155 16.1374
14548578 6239743 16.4708
14548578 2916052 16.594
14548578 16718020 16.6341
14548578 15201801 16.9083
14548578 15095556 16.9704
14548578 10028191 17.1628
14548578 4493129 17.2953
14548578 847919 17.3158
14548578 10632223 17.355
14548578 4622999 17.3567
14548578 7038625 17.5374
14548578 16521363 17.5964
14548578 5695743 17.8253
14548578 12618014 17.9171
14548578 2346172 17.9244
14548578 4271214 18.5543
14548578 3832893 18.7898
14548578 12013192 18.9026
4342362 6483899 2.8426
4342362 1570673 2.86076
4342362 10906940 3.02987
4342362 9720039 3.34327
4342362 6363535 3.55754
4342362 4547707 3.71875
4342362 14749448 4.11493
4342362 6873329 4.49165
4342362 4024818 4.65967
4342362 3788438 5.32833
4342362 5256687 5.60737
4342362 3504212 6.18602
4342362 11540912 6.80188
4342362 13074780 6.83665
4342362 14122591 7.23214
4342362 12015145 7.26584
4342362 12446937 7.37415
4342362 7494630 7.57276
4342362 948366 7.90541
4342362 788306 8.10539
4342362 15349784 8.24252
4342362 16608971 8.27349
4342362 10701873 8.63246
4342362 10061415 8.66304
4342362 12015669 8.80194
4342362 14493677 9.50048
4342362 12863135 9.90689
4342362 7710197 9.92783
4342362 7706980 10.1638
4342362 5022577 10.3348
4342362 10726496 10.6015
4342362 7343989 10.7337
4342362 3256035 10.7735
4342362 5532278 10.8903
4342362 4588460 11.0206
4342362 5651579 11.1881
4342362 16527966 11.2067
4342362 4238195 11.6958
4342362 4388672 11.8674
4342362 15053972 11.929
4342362 14379592 11.9422
4342362 15441739 12.0366
4342362 11150540 12.115
4342362 3147422 12.6746
4342362 14467968 12.7172
4342362 3209602 13.021
4342362 12963025 13.4169
4342362 14806451 13.4374
4342362 11680129 13.4464
4342362 2088557 13.7055
4342362 1652589 14.0769
4342362 4313912 14.1823
4342362 15268810 14.3384
4342362 15812463 14.6329
4342362 12395808 15.242
4342362 13885298 16.4177
4342362 10127889 16.5143
4342362 3690494 16.5497
4342362 5688616 16.7378
4342362 9909734 17.3759
4342362 8542708 17.5187
4342362 9933038 17.6461
4342362 838494 17.6654
4342362 14778037 17.8611
4342362 4242613 18.0103
4342362 12618617 19.0068
4342362 12077585 19.2271
4342362 11161338 19.4537
4342362 11521691 19.5896
4342362 16126088 19.8878
4342362 7751145 20.0286
4342362 2391371 20.2388
4342362 2701802 20.3128
4342362 9837246 20.9295
4342362 9497171 21.179
4342362 15004385 21.2179
4342362 9553343 21.7469
4342362 3443135 22.7712
4342362 9798093 22.7784
4342362 9946157 22.8947
4342362 13754479 23.4054
8094283 9765365 1.92454
8094283 4243273 2.17671
8094283 8055035 3.55199
8094283 8643026 3.57928
8094283 5350403 4.26574
8094283 11595240 4.92141
8094283 9013242 5.13889
8094283 14327854 5.1692
8094283 11146460 5.40375
8094283 16449697 5.4949
8094283 13758346 6.8355
8094283 14136035 7.06927
8094283 8405828 7.39982
8094283 14453510 7.51338
8094283 10384990 8.01737
8094283 15515982 8.11256
8094283 16122516 8.31274
8094283 13009718 8.95784
8094283 14545125 8.9852
8094283 9481978 9.13297
8094283 3224654 9.40996
8094283 11970638 9.41583
8094283 13599288 9.44664
8094283 5992729 10.6034
8094283 14581498 10.8354
8094283 9091800 11.6446
8094283 11523686 11.8153
8094283 1716087 12.9008
8094283 6724068 13.7607
8094283 12961037 14.2876
8094283 738378 14.4645
8094283 3277598 15.3397
8094283 12926598 16.4703
8094283 3544757 17.3478
8094283 9091247 17.4811
8094283 12309573 17.5957
8094283 2869157 17.8432
8094283 14910466 17.8991
8094283 11127038 18.62
8094283 3694001 19.2378
8094283 5196945 19.7678
8094283 4592434 19.8694
8094283 11008049 20.6334
8094283 13077578 21.1678
8094283 7198493 22.6135
8094283 5234742 23.0128
8094283 1962043 23.0314
8094283 11674625 23.9716
8094283 5817071 24.1556
8094283 13671602 24.1855
8094283 9436069 25.0469
8094283 11421444 25.1255
8094283 11451434 26.2294
8094283 1501866 26.327
8094283 6953839 27.028
8094283 16288494 28.4882
8094283 15526426 29.0256
8094283 3437844 30.1239
8094283 12716616 32.0916
8094283 10198913 32.52
8094283 11303816 33.0381
8094283 13169996 33.4436
8094283 10787590 33.7112
8094283 15207871 33.9546
8094283 14201274 35.4283
8094283 7616198 35.6
8094283 4859258 35.7157
8094283 8775679 36.2046
8094283 2950096 36.2397
8094283 10074145 37.2806
8094283 4537888 38.0711
8094283 14119121 38.0759
8094283 4231078 38.6091
8094283 13962433 38.8006
8094283 3071263 39.6497
8094283 11423776 39.8354
8094283 10757793 40.0156
8094283 718959 40.0215
8094283 1896638 40.0217
3680572 16342024 2.66399
3680572 9577754 3.9902
3680572 6768967 4.35285
3680572 2917207 4.38915
3680572 12293715 4.49411
3680572 7106619 4.63442
3680572 15845580 5.96807
3680572 821490 6.30633
3680572 11036153 7.28605
3680572 2571778 7.52159
3680572 7909655 7.97076
3680572 10451070 8.77177
3680572 788337 9.3766
3680572 15728359 10.0926
3680572 9902312 10.5532
3680572 12745306 10.7758
3680572 10648430 10.8252
3680572 1299642 11.1545
3680572 944305 11.268
3680572 7559351 11.2739
3680572 886654 11.4636
3680572 2143499 11.8121
3680572 12531340 12.545
3680572 1266420 12.8494
3680572 16698230 13.0634
3680572 8142359 13.4322
3680572 4626354 13.8514
3680572 1274889 13.8783
3680572 13415864 15.8154
3680572 1960169 15.9749
3680572 16357061 16.5626
3680572 13001505 16.6065
3680572 7087013 17.5017
3680572 11220794 17.5625
3680572 16122820 18.2287
3680572 6161368 19.175
3680572 14107357 20.1904
3680572 13987038 20.4489
3680572 151030 20.644
3680572 5690733 22.0138
3680572 7842690 22.4605
3680572 2841401 23.6849
3680572 1896347 23.9202
3680572 11675798 25.3605
3680572 13444223 26.2475
3680572 3738148 27.2489
3680572 10366949 27.5082
3680572 15704780 27.7021
3680572 16552851 27.8463
3680572 5136377 28.0044
3680572 9437830 28.0682
3680572 4059627 28.4974
3680572 11594561 29.9028
3680572 16235948 30.0741
3680572 11674180 30.6306
3680572 11008773 31.1773
3680572 15197799 31.6167
3680572 6941112 31.7592
3680572 6680766 32.7282
3680572 6285593 33.2243
3680572 13690794 33.4163
3680572 6916939 36.2002
3680572 12776063 36.7051
3680572 10511849 37.474
3680572 2040221 37.4833
3680572 7060692 37.8166
3680572 14133306 38.2449
3680572 12105483 39.2028
3680572 6105160 39.508
3680572 5138663 40.7146
3680572 1762399 41.287
3680572 12547805 41.6285
3680572 1957645 42.3984
3680572 13607233 42.7607
3680572 11978776 42.8682
3680572 5022516 43.46
3680572 4196019 43.5156
4055967 10570890 1.15403
4055967 10357505 1.18349
4055967 10249470 1.39027
4055967 12543883 1.66643
4055967 12656522 1.74698
4055967 8100056 4.43315
4055967 2774283 4.92311
4055967 8699330 4.94137
4055967 15992610 5.16548
4055967 12013759 5.17478
4055967 4613539 5.53572
4055967 15647207 5.63047
4055967 10513120 5.90444
4055967 10046509 6.50736
4055967 6377308 6.53978
4055967 6063019 8.52614
4055967 13378451 9.18709
4055967 12058700 9.67793
4055967 15356550 9.73325
4055967 13325791 10.0516
4055967 1630469 10.1648
4055967 7605349 10.8832
4055967 10699026 11.1361
4055967 15543087 11.8776
4055967 13762324 11.9875
4055967 4354672 12.3673
4055967 3164614 13.51
4055967 13279240 13.5151
4055967 8109276 13.7975
4055967 1056962 13.9709
4055967 2967274 14.1154
4055967 9197482 14.6493
4055967 4539320 14.897
4055967 5525522 15.1132
4055967 3123770 16.9455
4055967 15587739 16.9715
4055967 7569314 17.199
4055967 5061180 17.4194
4055967 2916288 17.687
4055967 3298525 17.7037
4055967 15253022 18.3221
4055967 1859863 18.5166
4055967 10240671 18.5805
4055967 3956885 18.7506
4055967 7622987 19.1995
4055967 4503184 19.3436
4055967 12713509 19.5871
4055967 10776976 20.3784
4055967 2525989 20.7181
4055967 14025228 20.8649
4055967 6588629 21.1342
4055967 11237422 21.5814
4055967 8702461 21.79
4055967 7428880 23.1265
4055967 4908063 23.6945
4055967 16678962 24.9092
4055967 8267187 25.2955
4055967 15466991 26.7776
4055967 15598270 27.4211
4055967 9483995 27.7202
4055967 14662583 28.3096
4055967 16642877 28.6278
4055967 13631406 29.2874
4055967 6377792 30.675
4055967 7597119 31.2589
4055967 14102185 31.5147
4055967 2636904 31.579
4055967 1142986 31.8068
4055967 10287148 32.6855
4055967 16260312 35.2043
4055967 5021720 35.4409
4055967 2669154 35.736
4055967 5971656 35.8606
4055967 15683361 37.1089
4055967 5710650 37.3165
4055967 5224195 38.0576
2620332 16508913 6.36434
2620332 12862084 6.44317
2620332 14680621 6.59588
2620332 6345625 7.04922
2620332 10084977 7.07448
2620332 14508822 7.14595
2620332 8702971 7.18143
2620332 6996646 7.73598
2620332 11305175 7.80542
2620332 7436949 7.87683
2620332 13380011 7.95173
2620332 6839776 7.99965
2620332 1378051 8.11972
2620332 8735582 8.39562
2620332 7070588 8.49123
2620332 12474064 8.919
2620332 14430738 8.99837
2620332 15499181 9.28308
2620332 16675076 9.65124
2620332 9153742 9.67131
2620332 6352297 9.86984
2620332 6569890 10.115
2620332 3051068 10.3465
2620332 7300252 10.8433
2620332 2201624 10.8721
2620332 7299284 11.3574
2620332 14004179 11.4771
2620332 13362084 11.5005
2620332 10918079 11.6695
2620332 11497451 11.709
2620332 12562050 11.9236
2620332 4574854 12.1415
2620332 8471035 12.884
2620332 2295055 12.9927
2620332 11834665 13.3477
2620332 6142416 13.3798
2620332 2359610 13.4924
2620332 15392645 13.5662
2620332 9293645 13.5998
2620332 1575493 13.7002
2620332 3219921 13.7811
2620332 14137081 14.6267
2620332 10543629 15.0897
2620332 5247827 15.1441
2620332 535073 15.2031
2620332 11292480 15.5791
2620332 7073083 15.6453
2620332 6158238 15.92
2620332 11140273 16.1463
2620332 6892633 16.2109
2620332 7736912 16.4136
2620332 4865009 16.5352
2620332 1589972 17.1122
2620332 7592860 17.1365
2620332 5436797 17.2018
2620332 5421466 17.3317
2620332 229637 17.3506
2620332 11061320 17.408
2620332 4819282 17.4868
2620332 11423757 17.7647
2620332 5743984 17.8404
2620332 4980785 18.0234
2620332 7304771 18.4805
2620332 3651117 18.5983
2620332 14945066 19.3597
2620332 7572922 19.8145
2620332 16709700 20.3653
2620332 7152373 20.4259
2620332 6940470 20.4921
2620332 620060 20.4946
2620332 16300069 20.5212
2620332 12699252 21.2907
2620332 673167 21.5048
2620332 13520818 21.583
2620332 11463807 21.7239
2620332 566462 21.9589
2620332 4794463 22.3907
2620332 8193097 22.4824
2620332 4701237 22.6744
2620332 5335154 22.6744
2620332 10092786 87.2015
2620332 11002297 87.6364
2620332 11266893 89.7727
2620332 10646458 89.7727
524887 15657344 1.38791
524887 8249270 1.51938
524887 12534903 1.8706
524887 11752840 2.24852
524887 11301665 2.52414
524887 9831526 2.70163
524887 4783137 2.84083
524887 16735692 3.15836
524887 15896393 4.08773
524887 7902710 4.41447
524887 15258813 5.40252
524887 15866345 5.81851
524887 14472464 5.86409
524887 7850713 5.98284
524887 14349896 7.58715
524887 5792899 8.50837
524887 5668145 8.51774
524887 3461800 8.61238
524887 12217817 8.78735
524887 2725988 8.91624
524887 4694414 9.17853
524887 5111616 9.28105
524887 3831757 9.31671
524887 13529881 11.3758
524887 3177783 12.2185
524887 2250525 12.5198
524887 16677842 12.6516
524887 2407800 12.6951
524887 12308227 12.7902
524887 10003213 12.9397
524887 11929471 13.1497
524887 16594389 13.4078
524887 3755708 13.6788
524887 10852659 13.7603
524887 15716503 13.989
524887 14532463 14.5616
524887 15721358 14.6223
524887 14232149 14.8292
524887 14176735 16.0896
524887 11082949 16.3002
524887 16401803 16.838
524887 3549871 17.7813
524887 11237861 18.1046
524887 6049531 18.8648
524887 8596324 19.7992
524887 13658558 19.8627
524887 13441354 20.1343
524887 8805073 20.4285
524887 12913308 20.6965
524887 2826607 20.9137
524887 14521661 21.9054
524887 3656175 22.5937
524887 12497501 23.4469
524887 11363012 23.608
524887 14506424 23.7374
524887 4715216 24.6901
524887 1127544 24.7124
524887 15317894 24.8591
524887 3399186 25.1274
524887 8941229 25.4382
524887 15401157 25.5962
524887 10732241 25.6893
524887 4157478 25.7935
524887 3951086 26.208
524887 16662046 26.5106
524887 6152607 26.689
524887 3360483 27.6971
524887 9430882 28.365
524887 336538 28.4434
524887 16541162 29.3149
524887 15463403 29.3411
524887 8688680 29.9129
524887 12951393 30.3693
524887 9039081 30.9985
524887 1639718 31.9928
524887 12074129 32.3424
524887 10536049 32.4554
524887 4654904 32.4836
524887 6917466 32.9098
524887 1640988 33.892
10513047 646783 1.14712
10513047 14771730 1.17023
10513047 6779513 1.33063
10513047 704721 1.39602
10513047 8529623 1.73364
10513047 3160543 2.33186
10513047 9750066 3.85101
10513047 11935170 3.95591
10513047 4657234 5.30223
10513047 11952906 6.32662
10513047 11629192 6.3684
10513047 7464499 6.54518
10513047 11439711 8.92973
10513047 15527618 9.20366
10513047 3541824 9.33993
10513047 7662894 10.9694
10513047 14715878 11.1716
10513047 7560074 12.4291
10513047 11359348 12.9844
10513047 5640519 13.1367
10513047 1931005 13.3096
10513047 5258454 13.4446
10513047 3032536 13.8023
10513047 16534594 14.3946
10513047 1619387 14.5545
10513047 8002321 14.6519
10513047 5101870 15.0983
10513047 9955885 15.95
10513047 5404044 16.6379
10513047 9190516 17.1032
10513047 7099223 17.7159
10513047 6007689 18.043
10513047 8800721 18.5562
10513047 1093570 19.4656
10513047 4729633 20.0863
10513047 8243225 20.1169
10513047 7645222 20.5595
10513047 2853170 20.7328
10513047 8746211 21.5452
10513047 10974817 21.6518
10513047 3685987 22.0978
10513047 7308961 22.8208
10513047 16071302 23.0531
10513047 13522491 23.6967
10513047 13652008 24.1687
10513047 16539785 25.3689
10513047 10590758 25.5279
10513047 13130509 25.7286
10513047 1142847 25.7943
10513047 1403167 25.8792
10513047 8080616 26.9376
10513047 2467065 27.2896
10513047 7127507 27.7878
10513047 12170588 28.3102
10513047 10502702 29.0564
10513047 5574473 29.3382
10513047 6408431 30.6257
10513047 96337 30.7209
10513047 16389389 30.9118
10513047 13588270 31.6653
10513047 5439994 32.0354
10513047 11434951 32.6966
10513047 838474 32.8941
10513047 10068640 33.216
10513047 7799085 33.9132
10513047 6113068 34.1172
10513047 10961075 34.6462
10513047 11005850 35.5769
10513047 12605629 36.2583
10513047 2754713 36.5247
10513047 12944611 38.2475
10513047 6797382 38.6047
10513047 13524509 38.8538
10513047 5314852 39.2799
10513047 9403368 39.3675
10513047 3384972 39.6009
10513047 7844499 40.1369
10513047 12579033 40.4566
10513047 8683422 41.5458
10513047 1574430 41.9892
10513047 6363536 42.3454
10513047 14300450 42.7818
12042040 16277414 1.38573
12042040 3564958 1.89924
12042040 5663994 2.296
12042040 8241644 2.31416
12042040 11986934 2.80791
12042040 7375046 3.80639
12042040 12790840 3.84873
12042040 2775661 3.90047
12042040 479158 4.13541
12042040 6260065 4.45062
12042040 5378572 5.70233
12042040 5271548 5.74196
12042040 15614077 6.9129
12042040 14150124 6.92549
12042040 8340293 6.97282
12042040 6249653 7.35592
12042040 5653930 7.69772
12042040 13529663 8.10537
12042040 5758479 10.1889
12042040 11056097 10.3474
12042040 15765496 10.9648
12042040 1116320 11.0136
12042040 7495121 11.8623
12042040 5787829 12.3119
12042040 3410409 12.6434
12042040 252370 13.6272
12042040 14244029 15.006
12042040 9337087 15.3329
12042040 1612156 16.1929
12042040 3177773 18.2811
12042040 15415051 19.4384
12042040 7920096 20.6388
12042040 13402459 20.9906
12042040 7079495 21.7541
12042040 13004351 22.1089
12042040 16093866 23.2858
12042040 1444730 23.5685
12042040 5344101 23.7702
12042040 12440906 24.0506
12042040 2361469 25.1453
12042040 4631506 25.2189
12042040 4854115 25.5391
12042040 1653835 26.1207
12042040 10724585 26.3936
12042040 2941605 26.5123
12042040 5513474 26.8127
12042040 2011214 27.1282
12042040 4650568 27.1297
12042040 11959030 27.5081
12042040 13463498 28.2259
12042040 7603241 28.4492
12042040 6206861 29.5834
12042040 4597805 30.2883
12042040 291450 30.4673
12042040 1963692 30.9718
12042040 6579216 31.0222
12042040 783184 31.3749
12042040 10501995 31.8285
12042040 9890214 31.9659
12042040 2874734 31.9884
12042040 12865714 32.9855
12042040 6015076 33.5203
12042040 10211929 33.554
12042040 4387691 34.1892
12042040 1008852 35.5678
12042040 14306727 35.9772
12042040 9747975 36.7813
12042040 4671982 37.2346
12042040 16365626 37.3888
12042040 9767838 38.6298
12042040 10344320 38.6317
12042040 2685600 38.8398
12042040 6458335 39.0508
12042040 1974191 39.2805
12042040 14876828 39.4785
12042040 16497593 39.8819
9492569 2661163 1.39309
9492569 3310265 1.39735
9492569 6421396 1.66515
9492569 3091866 2.13032
9492569 4198612 2.94546
9492569 6622441 3.25345
9492569 1611714 3.45652
9492569 14843253 3.45726
9492569 7538930 4.504
9492569 14367619 4.52224
9492569 9866042 5.07905
9492569 14648309 5.16033
9492569 4998713 5.53988
9492569 16273796 5.74116
9492569 16056786 5.91193
9492569 5205360 7.37041
9492569 1457976 7.83567
9492569 8216533 8.4472
9492569 356591 8.64737
9492569 3613856 9.00965
9492569 9560419 10.0284
9492569 5184716 11.1456
9492569 13517619 11.2002
9492569 13453339 11.5206
9492569 11886167 12.0385
9492569 11016391 12.3566
9492569 2689305 12.7844
9492569 8794223 13.0331
9492569 7469975 14.2487
9492569 10036758 14.7007
9492569 16200744 15.2067
9492569 14521690 15.9916
9492569 11188231 16.1983
9492569 3893519 17.1952
9492569 9519325 18.3665
9492569 9007408 18.3704
9492569 11566262 18.4516
9492569 4537027 18.699
9492569 2935005 18.9598
9492569 13967505 19.038
9492569 7984594 19.6741
9492569 11644073 19.9827
9492569 3343282 20.0985
9492569 5516275 20.1068
9492569 6669017 20.277
9492569 10216085 21.8978
9492569 9236304 22.52
9492569 6537769 22.6382
9492569 3243768 23.1795
9492569 8200818 23.3922
9492569 7971789 23.7958
9492569 4309371 24.4637
9492569 4587898 26.0616
9492569 4470395 26.6841
9492569 5534574 27.0932
9492569 3771804 27.92
9492569 11240066 28.0307
9492569 7590967 29.1436
9492569 5361198 29.631
9492569 4897277 30.6261
9492569 9946017 30.7801
9492569 4358098 30.7817
9492569 14664464 32.243
9492569 8087225 32.2481
9492569 2981024 33.8532
9492569 6466840 36.1118
9492569 13716380 36.5204
9492569 1820769 36.7389
9492569 2952543 38.4683
9492569 2446310 38.4915
9492569 7148043 38.8311
9492569 12607231 40.0916
9492569 15921052 40.4768
9492569 15957399 40.501
9492569 16655628 41.0117
9492569 8848662 42.573
