15361205 11914092 1.95435
15361205 10474484 2.08411
15361205 7328694 2.56326
15361205 10747330 3.01605
15361205 12423791 3.02177
15361205 10586067 3.10823
15361205 16619960 3.27264
15361205 16461458 3.35432
15361205 14459233 3.37204
15361205 5383740 3.67954
15361205 13974216 3.86124
15361205 14983506 4.10844
15361205 12605656 4.45427
15361205 4781550 4.48466
15361205 11492929 4.57767
15361205 11287396 4.67988
15361205 6725840 4.96833
15361205 1876223 5.06808
15361205 11411725 5.33103
15361205 5682525 5.37035
15361205 3763313 5.79619
15361205 550160 5.94467
15361205 7268063 6.35145
15361205 14803276 6.76046
15361205 2402848 6.7645
15361205 8886303 6.80984
15361205 4718484 6.82832
15361205 10666006 6.91437
15361205 1395922 7.16393
15361205 5184887 7.24609
15361205 13273564 7.2861
15361205 11847833 7.40972
15361205 9274008 7.57122
15361205 13653265 7.67035
15361205 1440498 7.76532
15361205 16521133 7.89941
15361205 7067693 8.01928
15361205 404247 8.07599
15361205 12581899 8.39595
15361205 698460 8.45026
15361205 750126 8.45805
15361205 3455521 8.47571
15361205 6284767 8.47574
15361205 9321216 8.48298
15361205 7815724 8.59165
15361205 14835617 8.63288
15361205 6283857 8.79495
15361205 16421044 8.81009
15361205 15493455 9.22963
15361205 15525015 9.596
15361205 12246308 9.62779
15361205 11489709 9.67337
15361205 6080322 9.7505
15361205 9775557 10.1923
15361205 7185874 10.3131
15361205 14448258 10.6738
15361205 322170 10.8215
15361205 546594 10.963
15361205 7877177 11.2069
15361205 781592 11.8711
15361205 13626875 12.2083
15361205 3894466 12.2262
15361205 9921080 12.5679
15361205 4148819 12.6538
15361205 12916001 12.9091
15361205 7117496 13.2984
15361205 10421348 13.3459
15361205 2244292 13.5802
15361205 8647657 13.8399
15361205 1667799 13.8967
15361205 5666248 14.1053
15361205 6338419 15.0361
15361205 15968944 15.0993
15361205 1838204 15.1858
15361205 10427980 15.4515
15361205 584931 15.8314
15361205 8868163 15.9931
15361205 11739151 16.1638
15361205 10967211 16.3099
15361205 9564983 16.7173
15361205 60714 16.8681
15361205 12152131 16.8798
3895847 4907278 1.89283
3895847 14876690 1.99994
3895847 8423813 2.15037
3895847 11002017 2.49587
3895847 6278335 2.73929
3895847 7203582 2.74023
3895847 15860887 2.82173
3895847 11525559 2.95552
3895847 8297471 3.0956
3895847 13309058 3.71831
3895847 9438 3.83604
3895847 8508353 4.21933
3895847 8791400 4.40827
3895847 599234 4.42952
3895847 6964007 4.56487
3895847 10808871 4.65433
3895847 8672628 4.68724
3895847 14548692 4.89656
3895847 14839106 4.99159
3895847 8289034 5.13739
3895847 6582646 5.21264
3895847 9714389 5.61216
3895847 2897465 5.71538
3895847 4021590 5.88689
3895847 2393864 6.35589
3895847 15336293 6.38126
3895847 1042405 6.73649
3895847 2355004 6.82827
3895847 9752172 6.93499
3895847 13007508 7.094
3895847 8772619 7.16582
3895847 12065301 7.49793
3895847 3458118 7.52145
3895847 716340 7.64038
3895847 5743089 7.73566
3895847 16360608 7.83404
3895847 7397593 8.02556
3895847 8755801 8.271
3895847 12678173 8.59982
3895847 745193 8.93436
3895847 1070094 9.36133
3895847 4617618 9.56484
3895847 9164680 9.62055
3895847 245424 10.3971
3895847 7110411 10.4236
3895847 3908041 10.5904
3895847 13818085 10.6155
3895847 11415334 11.0793
3895847 3741378 11.424
3895847 16253381 11.4946
3895847 13547001 11.5201
3895847 3155235 11.5402
3895847 16656723 11.5522
3895847 11658703 12.0334
3895847 13815464 12.2493
3895847 13096794 12.7163
3895847 1020562 13.0493
3895847 13653910 13.1521
3895847 7613312 13.2028
3895847 3479244 13.5931
3895847 1306870 13.6047
3895847 13520156 13.79
3895847 10109977 14.4904
3895847 9935210 14.8583
3895847 866927 14.88
3895847 5651711 15.0559
3895847 1153630 15.0781
3895847 655489 15.1314
3895847 2407810 15.2892
3895847 4799144 15.3778
3895847 1669050 15.3853
3895847 16487056 15.5778
3895847 7549428 15.5888
3895847 15022762 15.8692
3895847 16098584 16.0312
3895847 1415384 17.3057
3895847 5125869 17.4156
3895847 12328417 17.4701
3895847 8699705 17.5892
3895847 356762 17.652
3895847 3085625 17.8699
3895847 1348324 18.1441
3895847 11307864 78.6336
3895847 12080927 107.307
3895847 1195971 112.879
3895847 12261478 113.036
5693245 9263236 1.58795
5693245 7760078 1.87984
5693245 2976939 1.90867
5693245 15586360 1.92099
5693245 16303408 1.92468
5693245 14438518 1.95609
5693245 5851620 1.98044
5693245 1285035 2.20373
5693245 11332402 2.24792
5693245 16775479 2.38219
5693245 12032812 2.42411
5693245 6830805 2.53733
5693245 10654846 2.58138
5693245 3057675 3.21145
5693245 9962685 3.30938
5693245 7666882 3.6905
5693245 16262051 3.70512
5693245 16142140 3.75529
5693245 9819519 3.87903
5693245 15438095 3.97384
5693245 11293210 4.00546
5693245 8033335 4.19263
5693245 9504823 4.23539
5693245 3379783 4.33654
5693245 12955171 4.37558
5693245 5569512 4.95961
5693245 258050 5.03902
5693245 1025346 5.49876
5693245 8392497 5.64225
5693245 12491277 5.66794
5693245 4567485 5.84814
5693245 9518819 5.9185
5693245 3042545 6.22471
5693245 16439412 6.98217
5693245 4901135 7.19633
5693245 2104100 7.31467
5693245 6978456 7.35991
5693245 2996036 7.47257
5693245 4266925 7.61693
5693245 4515504 7.83886
5693245 349178 7.95512
5693245 962524 8.06297
5693245 1307148 8.15873
5693245 11092139 8.26735
5693245 10334132 8.35474
5693245 4699306 8.51887
5693245 7867081 8.88859
5693245 1872339 8.99758
5693245 11988992 9.01167
5693245 539851 9.02228
5693245 8320600 9.25743
5693245 10287746 9.26668
5693245 4353182 9.44996
5693245 3342843 9.61113
5693245 13836372 9.65217
5693245 13094098 9.90028
5693245 5490788 9.91676
5693245 4591474 9.95392
5693245 12043212 9.96158
5693245 14627825 10.8866
5693245 4307271 11.0229
5693245 4878898 11.1271
5693245 1656361 11.5537
5693245 10830537 11.6765
5693245 6984519 11.7093
5693245 15140580 11.8484
5693245 3601725 12.0016
5693245 2334574 12.4
5693245 3909083 12.4308
5693245 4847977 12.8317
5693245 1162045 13.0111
5693245 256517 13.5929
5693245 5334498 13.6595
5693245 13257036 14.0477
5693245 6394114 14.2165
5693245 2734150 14.5111
16433386 12603937 1.9011
16433386 3397996 1.90683
16433386 14643820 1.98611
16433386 153402 2.03755
16433386 9064110 2.11445
16433386 4942805 2.43346
16433386 13279088 2.47324
16433386 13195372 2.7966
16433386 12245939 3.06431
16433386 5801339 3.07972
16433386 3270555 3.12961
16433386 13548485 3.20089
16433386 3018267 3.20544
16433386 661752 3.36406
16433386 8515501 3.49669
16433386 16252870 3.78473
16433386 9667250 3.8016
16433386 1521694 4.29705
16433386 3968216 4.31715
16433386 2852407 4.33995
16433386 11137767 4.40535
16433386 1593258 4.41838
16433386 2556856 4.80523
16433386 16010247 5.56753
16433386 2048185 5.64228
16433386 12912807 5.73925
16433386 13859353 6.21716
16433386 14660587 6.33899
16433386 9982851 6.34234
16433386 14715124 6.36351
16433386 7323593 6.3648
16433386 12345728 6.42551
16433386 10314402 6.4634
16433386 6352598 6.61333
16433386 15444292 6.89839
16433386 4223758 6.90823
16433386 16217543 7.81792
16433386 9735135 7.86788
16433386 4800637 8.0916
16433386 10367761 8.51685
16433386 11875346 8.63942
16433386 1998893 9.58881
16433386 9637789 9.64326
16433386 13992748 10.1901
16433386 15521053 10.2471
16433386 9710270 10.3696
16433386 13399510 10.3832
16433386 9443085 10.5077
16433386 8368823 10.6154
16433386 6449259 10.6179
16433386 12032250 11.3326
16433386 9188151 11.9274
16433386 11693279 11.946
16433386 12187920 12.1275
16433386 7089669 12.2216
16433386 546247 12.2288
16433386 14745634 12.2811
16433386 15700230 12.3704
16433386 13855809 12.4317
16433386 16372600 12.4334
16433386 924415 12.9111
16433386 4067320 13.348
16433386 15545820 13.3902
16433386 3637968 13.4226
16433386 13207958 14.1164
16433386 13096634 14.3106
16433386 3849942 14.408
16433386 2768744 14.4928
16433386 5333921 14.7425
16433386 1589170 14.9101
16433386 13389062 15.2502
16433386 5399732 15.2636
16433386 2360997 15.5758
16433386 152482 15.728
16433386 2989862 15.8296
16433386 7461127 16.0207
16433386 13193052 16.1846
16433386 7910951 16.2057
16433386 14340825 16.7052
16433386 10378981 84.8942
16433386 11364160 90.5992
16433386 1155831 95.3004
1632903 11862744 1.90421
1632903 5462012 1.92638
1632903 1040184 2.0762
1632903 15226869 2.0854
1632903 12902232 2.10033
1632903 9208769 2.20789
1632903 6579620 2.25057
1632903 15280907 2.39332
1632903 15693310 2.55514
1632903 545937 2.67969
1632903 5546176 3.00424
1632903 15265264 3.17991
1632903 6337595 3.36498
1632903 9040531 3.37881
1632903 12582158 3.57167
1632903 11192437 3.59149
1632903 3882572 3.74463
1632903 13547655 4.77071
1632903 1984089 4.89907
1632903 10089346 5.26839
1632903 16002667 5.29277
1632903 8517622 5.30977
1632903 11503149 5.31763
1632903 15529244 5.4003
1632903 3941432 5.44837
1632903 14456684 5.48318
1632903 2212165 5.59223
1632903 15164304 5.77422
1632903 15003646 5.84267
1632903 10145647 6.09203
1632903 10122903 6.11499
1632903 11414877 6.12516
1632903 3691312 6.15976
1632903 2231288 6.26411
1632903 11951188 6.71916
1632903 2959454 6.73146
1632903 13615951 7.22888
1632903 8819226 7.69886
1632903 2745160 8.09082
1632903 3541783 8.52736
1632903 3242837 8.8076
1632903 467959 9.07771
1632903 15891471 9.13618
1632903 7960 9.36838
1632903 7604592 10.0317
1632903 13958950 10.1102
1632903 8054091 10.5371
1632903 8235725 10.9245
1632903 2490618 10.9526
1632903 6270678 11.1397
1632903 6560873 11.7365
1632903 5185210 12.0896
1632903 3195333 12.3722
1632903 11099471 12.5071
1632903 6275578 12.6609
1632903 15859938 12.7033
1632903 12581075 12.7798
1632903 4197718 12.7921
1632903 363422 13.2941
1632903 9198658 13.309
1632903 13214178 13.3479
1632903 13040942 13.4836
1632903 9823214 13.6996
1632903 15830136 14.0219
1632903 7836146 14.0773
1632903 11839498 14.2185
1632903 11737418 14.45
1632903 8557635 14.4957
1632903 4913931 14.7226
1632903 6116302 14.823
1632903 14542783 14.894
1632903 4274407 14.9464
1632903 6128696 14.9696
1632903 8235723 15.3377
1632903 6465388 15.4333
1632903 12339777 15.4439
1632903 6472718 15.7799
1632903 16673084 15.8081
1632903 341460 16.1317
1632903 6004962 16.5656
1632903 12023816 16.8006
1632903 5563954 16.9449
1632903 10852793 16.9627
5690375 16219458 94.6422
5690375 4358707 94.7187
5690375 7090781 95.8619
5690375 12614967 96.9496
5690375 5776990 97.4571
5690375 14975340 98.0163
5690375 13681576 98.083
5690375 4146026 99.1219
5690375 13983239 99.3215
5690375 8791982 99.4043
5690375 1057906 99.4728
5690375 13440871 100.329
5690375 13466776 100.349
5690375 3175701 100.68
5690375 2477550 101.549
5690375 9603074 101.706
5690375 6896059 101.862
5690375 7314882 101.957
5690375 9134421 102.194
5690375 9978466 102.681
5690375 5658625 103.653
5690375 15671981 103.673
5690375 8584926 103.808
5690375 11504622 105.056
5690375 2889099 105.113
5690375 10862098 105.26
5690375 1212555 105.392
5690375 10813699 105.538
5690375 8730127 105.744
5690375 12982915 106.771
5690375 2330372 106.91
5690375 2213892 106.977
5690375 9855875 107.036
5690375 63023 108.499
5690375 15025024 108.715
5690375 13882126 108.748
5690375 9917710 108.765
5690375 1897981 109.599
5690375 13946473 109.973
5690375 4815516 110.729
5690375 3280494 111.044
5690375 3285232 111.228
5690375 6237675 111.389
5690375 12698656 112.504
5690375 8400569 112.933
5690375 14965332 114.494
5690375 11476244 115.47
5690375 2111524 115.484
5690375 11200561 115.83
5690375 4050276 116.326
5690375 485125 116.817
5690375 15470577 116.992
5690375 14817946 117.175
5690375 3677042 117.761
5690375 11405451 118.273
5690375 10165665 118.41
5690375 3160073 118.549
5690375 12604752 118.672
5690375 8748465 119.731
5690375 6285388 119.887
5690375 4794571 120.124
5690375 14287179 120.146
5690375 8340680 120.636
5690375 9354904 120.795
5690375 3280284 121.48
5690375 6898890 121.548
5690375 13768838 121.568
5690375 4304771 122.527
5690375 7993561 122.699
5690375 8375761 122.795
5690375 4891127 123.024
5690375 3004417 123.249
5690375 6582833 123.324
5690375 6860330 123.357
5690375 5545471 123.522
5690375 15253792 124.1
5690375 14103571 124.175
11514038 7983996 1.36812
11514038 11831519 1.79065
11514038 15122442 1.82151
11514038 15087350 2.43368
11514038 8323673 2.80066
11514038 10986339 2.93372
11514038 8658086 3.14384
11514038 16661205 3.30293
11514038 7225026 3.37929
11514038 6905823 3.90382
11514038 11737078 4.48748
11514038 1577891 4.53789
11514038 12256761 4.55096
11514038 16156488 4.69556
11514038 10107044 5.04261
11514038 9350870 5.77896
11514038 15605467 5.85173
11514038 11966006 6.16424
11514038 13341997 6.92631
11514038 8726883 7.0413
11514038 39191 7.78072
11514038 5985401 8.44257
11514038 13924986 8.51975
11514038 260059 8.84382
11514038 1311457 9.04852
11514038 7629586 10.4606
11514038 1274904 10.8065
11514038 12926723 10.9973
11514038 6774797 11.8683
11514038 4423485 12.0309
11514038 16177387 12.2551
11514038 2739506 12.6909
11514038 5929743 13.0721
11514038 6543496 13.1646
11514038 7842704 13.7036
11514038 12006244 13.7471
11514038 4891599 13.9686
11514038 5328896 14.2296
11514038 1417583 14.2902
11514038 12106366 15.2451
11514038 3775514 16.1096
11514038 9988296 17.509
11514038 9845348 17.7092
11514038 9048139 18.0271
11514038 6074700 19.5836
11514038 12344093 20.1314
11514038 14092935 20.3463
11514038 6660745 20.7444
11514038 12421113 20.8788
11514038 4299354 20.9281
11514038 15238967 21.2285
11514038 12899688 21.3122
11514038 8664863 21.5095
11514038 1117107 21.7157
11514038 15726223 21.7372
11514038 7563889 21.9255
11514038 7116390 22.3623
11514038 3364926 22.9096
11514038 7302965 23.6087
11514038 16022 24.1132
11514038 12275836 24.8953
11514038 15654600 25.0816
11514038 5217516 25.4206
11514038 5308905 25.9086
11514038 7983732 26.0464
11514038 10350965 26.3782
11514038 3895928 27.1063
11514038 1497326 27.3837
11514038 618987 27.9814
11514038 11906627 28.0862
11514038 8221917 28.8706
11514038 7429616 28.9548
11514038 1013885 28.9562
11514038 9947866 29.0079
11514038 2989695 29.0201
11514038 86084 29.2926
11514038 3116556 29.6202
11514038 10296520 29.7227
14277075 8453622 2.575
14277075 11297484 2.78643
14277075 2102869 2.91844
14277075 9250825 3.7156
14277075 2640092 4.15834
14277075 9030274 4.32342
14277075 9213438 5.30865
14277075 4849268 5.35866
14277075 13139896 5.73305
14277075 3260711 5.91802
14277075 1714853 6.07744
14277075 15804050 6.34436
14277075 10106211 6.40614
14277075 1210420 6.42511
14277075 12996853 6.79072
14277075 8796148 7.00677
14277075 13384600 7.43477
14277075 6846130 8.23302
14277075 4145593 8.71559
14277075 1882022 9.24457
14277075 11830095 9.51548
14277075 1915742 10.4682
14277075 407309 10.7297
14277075 16100788 11.4753
14277075 15757128 11.657
14277075 10227815 11.9749
14277075 9844880 12.4697
14277075 11039300 13.289
14277075 15031930 13.6672
14277075 7755365 13.9416
14277075 14634625 14.5307
14277075 10511620 14.7692
14277075 4452860 16.0797
14277075 6811860 16.3828
14277075 7021318 16.4972
14277075 10345086 16.5235
14277075 2369379 16.9347
14277075 6863002 16.9734
14277075 5246532 17.5891
14277075 16204537 17.6953
14277075 9406499 18.5596
14277075 11978082 19.9972
14277075 16436441 20.2695
14277075 9684006 20.7067
14277075 865928 21.0273
14277075 6839825 22.0499
14277075 4837197 22.106
14277075 855995 22.347
14277075 8658585 22.4905
14277075 1190930 22.7716
14277075 1181585 22.7846
14277075 1461778 23.2781
14277075 7911250 23.2853
14277075 8420927 23.8752
14277075 16214610 24.0373
14277075 7667639 24.2601
14277075 9587995 26.096
14277075 7316275 26.1579
14277075 16411186 26.2144
14277075 1344311 26.9541
14277075 8143040 27.4184
14277075 1122203 27.4298
14277075 3955078 28.1102
14277075 5145762 28.3264
14277075 11193583 28.4688
14277075 13946407 28.5408
14277075 15948755 28.5804
14277075 1432626 29.4001
14277075 9522926 30.3016
14277075 392680 31.0843
14277075 15623313 31.8876
14277075 16467094 32.2062
14277075 15912642 32.3462
14277075 9442394 32.3789
14277075 12595980 32.576
14277075 11957687 32.8019
14277075 8948198 32.8501
14277075 6134287 32.8977
14277075 13456293 33.0291
14277075 6222000 34.0081
14643546 848764 2.42951
14643546 5216752 2.60319
14643546 4989715 2.78435
14643546 7811792 3.90957
14643546 4057883 4.04179
14643546 14874616 4.4532
14643546 10304470 4.58926
14643546 10948689 4.69107
14643546 2181336 4.71453
14643546 4881082 5.60046
14643546 14206506 6.11091
14643546 5776071 6.33102
14643546 8933597 6.66427
14643546 3431779 6.71656
14643546 8405712 6.83613
14643546 9335208 7.08707
14643546 14510897 7.58179
14643546 7895740 7.62793
14643546 9697698 7.99127
14643546 359417 8.16401
14643546 2776175 8.28188
14643546 2460225 10.1296
14643546 14681039 11.3925
14643546 2044920 11.5431
14643546 7845391 11.5596
14643546 14685038 12.0888
14643546 3483419 12.2439
14643546 10926112 12.5887
14643546 239050 13.0564
14643546 2610937 13.678
14643546 5324035 13.9922
14643546 1164756 14.1526
14643546 9964010 15.5749
14643546 6983197 15.7153
14643546 11951563 16.3724
14643546 1190517 16.6214
14643546 5484629 16.816
14643546 8582062 16.9474
14643546 7554776 18.0248
14643546 13926378 18.0329
14643546 9987514 18.4287
14643546 1868370 18.6389
14643546 7356928 18.6772
14643546 4022492 18.7861
14643546 4750859 18.8607
14643546 8018579 19.1894
14643546 10905910 19.5542
14643546 14391414 19.6772
14643546 2667744 20.2119
14643546 11443690 20.4719
14643546 13805162 20.7601
14643546 1936651 22.5313
14643546 11231194 22.924
14643546 7228073 22.9464
14643546 15452947 23.5676
14643546 3986782 23.6991
14643546 16025964 23.9703
14643546 7063452 25.2134
14643546 594017 25.4514
14643546 4620845 25.7091
14643546 9794919 25.8027
14643546 2562464 26.3441
14643546 6090740 26.7185
14643546 16565023 26.7436
14643546 14818311 27.7167
14643546 8743913 28.0065
14643546 5801390 28.0456
14643546 9654412 28.3321
14643546 7157349 28.5826
14643546 4844021 28.8236
14643546 14532429 28.9138
14643546 7279874 28.9316
14643546 12817401 29.3761
14643546 803351 29.5272
14643546 9610424 29.6448
14643546 16162681 29.9346
14643546 12912510 30.1336
14643546 3903633 30.5567
14643546 1593965 30.5798
14643546 4199296 31.2062
14643546 5412807 31.4685
14643546 2458240 31.6963
11668377 14441326 2.76656
11668377 2940154 3.15511
11668377 14338648 3.39919
11668377 11304484 3.6656
11668377 5929449 3.99574
11668377 3771321 4.66009
11668377 9009978 5.66021
11668377 8834212 6.29277
11668377 13823348 6.40014
11668377 16153900 6.99945
11668377 9757840 7.34872
11668377 14351538 8.05175
11668377 16113688 8.75762
11668377 4744053 8.78678
11668377 1630321 8.8765
11668377 10455347 8.91053
11668377 11046035 9.27461
11668377 1207262 9.55713
11668377 3241613 10.0306
11668377 3915140 10.0878
11668377 15807605 10.3775
11668377 4816392 10.7599
11668377 5732286 11.8664
11668377 14724586 11.9468
11668377 502269 12.2415
11668377 12727848 12.4131
11668377 16342570 13.1509
11668377 263438 13.2616
11668377 10262523 13.626
11668377 8398148 14.435
11668377 12648184 14.5436
11668377 14493725 14.5983
11668377 9833601 16.3374
11668377 16154308 16.4641
11668377 3310636 16.7644
11668377 16427565 16.8932
11668377 15281530 17.7186
11668377 8704052 17.7533
11668377 12168256 17.8416
11668377 8495638 19.3692
11668377 2220325 20.0904
11668377 119723 20.1708
11668377 4556564 20.485
11668377 14391276 20.5129
11668377 8524773 20.5555
11668377 10548839 20.6282
11668377 2929072 21.6171
11668377 12053876 21.8288
11668377 353406 21.9263
11668377 6328123 22.0992
11668377 4861108 22.1925
11668377 5738976 23.0684
11668377 2287200 23.3734
11668377 197102 23.6542
11668377 15876076 23.8089
11668377 8972639 23.8647
11668377 12362299 24.0587
11668377 5079227 24.2253
11668377 15239719 24.3536
11668377 9161717 24.6372
11668377 15155509 24.8441
11668377 15190838 26.4737
11668377 663715 26.5664
11668377 15671120 26.6958
11668377 15820954 27.235
11668377 10967351 27.2556
11668377 7960173 27.3252
11668377 14749552 27.7948
11668377 2379279 27.8901
11668377 4113148 28.0724
11668377 7880261 28.7082
11668377 4570264 30.0178
11668377 11560070 30.3507
11668377 15965235 30.7613
11668377 12386546 32.6432
11668377 3144360 32.6926
11668377 9452278 33.0092
11668377 11239269 33.2268
72657 1295400 2.03965
72657 4868399 2.23616
72657 11584411 2.61354
72657 12979420 2.84718
72657 3614108 2.97174
72657 636840 3.09127
72657 8920810 5.17502
72657 13404317 5.17997
72657 769867 5.25328
72657 16113400 5.93654
72657 3160100 6.37195
72657 15009883 6.79257
72657 9722643 7.09537
72657 13486972 7.22247
72657 14891130 7.33058
72657 1142651 7.64602
72657 6785457 8.2028
72657 9178911 8.71377
72657 8110453 9.24124
72657 12074654 9.46707
72657 9303960 9.64213
72657 1024100 9.73396
72657 14503907 9.78928
72657 110150 11.81
72657 2806896 11.8339
72657 16305541 12.017
72657 12709842 13.2713
72657 12579627 13.7187
72657 5618680 14.2188
72657 3876447 15.9106
72657 515611 16.7723
72657 6386770 17.0015
72657 8189029 17.1222
72657 16542264 17.1767
72657 4408340 17.3765
72657 7792227 18.5952
72657 14714620 18.8843
72657 7190357 18.9525
72657 9641616 19.0105
72657 9751303 19.0539
72657 9912132 19.0581
72657 14438143 19.8539
72657 2942460 20.896
72657 15974527 21.1424
72657 14701627 21.4665
72657 16640156 21.6579
72657 217369 21.8015
72657 356862 22.7406
72657 14105635 22.8368
72657 359182 23.6622
72657 1130161 23.6853
72657 3419561 23.709
72657 8515418 23.8459
72657 7098904 24.0702
72657 15048031 24.7401
72657 2924690 26.238
72657 2387787 26.596
72657 16318485 27.2595
72657 7071442 27.5604
72657 13187755 28.2734
72657 8988746 28.3691
72657 392062 29.0259
72657 5691372 29.4066
72657 6466654 30.9418
72657 8056223 31.3665
72657 6746841 32.8479
72657 15303764 32.8598
72657 1184293 33.2306
72657 9646621 33.3828
72657 2637205 33.8687
72657 12087068 34.7197
72657 15555194 34.9195
72657 4990124 35.1401
72657 5561587 35.2561
72657 1028729 35.7742
72657 7129370 35.8034
72657 350292 36.2846
72657 2831751 37.0212
72657 8281687 37.1157
72657 10579712 37.3277
447400 14664262 1.4023
447400 14965481 1.5345
447400 1835377 2.20257
447400 16234228 2.44533
447400 10619660 2.76637
447400 12598150 4.27523
447400 7474127 4.78708
447400 14423577 5.56853
447400 4709555 6.07269
447400 539821 7.10952
447400 5643754 7.25622
447400 9255473 7.37088
447400 8029743 7.69393
447400 9751628 9.3388
447400 156576 9.56894
447400 1115471 10.5543
447400 4668959 10.7508
447400 2019641 11.5492
447400 2297235 12.7388
447400 11459026 12.8189
447400 9181223 13.2389
447400 948030 13.2726
447400 6768872 14.0906
447400 7293691 14.8263
447400 14016183 15.1491
447400 2152815 15.423
447400 9640274 16.7888
447400 7586008 17.0556
447400 16106708 17.6678
447400 149588 17.9923
447400 5906179 18.7915
447400 1362807 18.7923
447400 12507952 19.6062
447400 9892473 21.3426
447400 9594117 21.7879
447400 3098075 22.2914
447400 12416907 22.8818
447400 1480828 23.2854
447400 12684217 23.6525
447400 11027253 25.6901
447400 4876572 26.3078
447400 1219134 26.4145
447400 9689659 26.4383
447400 2699337 26.6951
447400 11869183 26.781
447400 200341 27.3174
447400 15921936 27.5529
447400 858170 27.7736
447400 10531012 28.5918
447400 7717867 28.6938
447400 13864038 30.2141
447400 9945075 30.4519
447400 5762049 31.0492
447400 16339570 31.1214
447400 15463275 31.4687
447400 3093057 32.6398
447400 3021313 32.7006
447400 13364806 32.7453
447400 365787 33.316
447400 5672582 33.4544
447400 13530217 33.9835
447400 11649238 34.166
447400 191254 35.077
447400 11034432 35.4079
447400 4814251 37.0984
447400 1841430 37.1974
447400 7449520 37.7157
447400 1359840 38.5321
447400 9291903 38.9298
447400 889808 39.0072
447400 3360052 40.5202
447400 2286896 41.3037
447400 3886800 181.252
447400 14185668 181.913
447400 7944679 182.326
307488 7578917 1.55941
307488 14806782 1.75487
307488 2911162 2.00226
307488 7737079 2.65183
307488 9181014 3.42906
307488 16757116 3.58482
307488 1553706 3.66307
307488 15270706 4.28894
307488 14549740 4.93797
307488 12888766 5.38706
307488 460926 6.00694
307488 1294965 6.11191
307488 4956868 6.31803
307488 6360829 6.37232
307488 13326540 6.89622
307488 16769102 6.93481
307488 1051555 6.97679
307488 14306372 7.10278
307488 8989255 7.70443
307488 16672406 7.98421
307488 14272156 8.13646
307488 3680120 8.2443
307488 5512352 8.64161
307488 3199018 8.97796
307488 12133255 9.38709
307488 1817814 9.73483
307488 7384954 9.77352
307488 13364691 9.99975
307488 5559548 10.1541
307488 16204053 10.1721
307488 14428177 10.5004
307488 5865422 10.6139
307488 8955151 11.3126
307488 867765 11.3241
307488 16534596 11.3878
307488 14648046 11.8052
307488 2009436 11.9026
307488 8505472 12.2418
307488 1100423 12.366
307488 13312315 12.4513
307488 16122002 12.6729
307488 15222719 12.8518
307488 8797289 12.8887
307488 12381281 13.3073
307488 14034758 13.3749
307488 11786075 13.587
307488 5507287 13.6131
307488 3395481 14.0068
307488 9483678 14.1535
307488 15235662 14.2744
307488 14740513 14.4388
307488 10788290 14.7478
307488 12708879 15.0649
307488 4229914 15.1217
307488 6112879 15.2523
307488 15590734 15.2901
307488 8031458 15.6806
307488 10518358 15.7336
307488 16089294 16.0249
307488 2307 16.6083
307488 16224961 16.7427
307488 16266748 16.7913
307488 4424398 17.1191
307488 13775766 17.2735
307488 7059405 17.2736
307488 4984706 17.5958
307488 299119 17.7915
307488 14457673 18.288
307488 37676 18.4768
307488 1011786 18.6392
307488 12017029 18.9444
307488 5777901 19.5418
307488 9951757 19.8107
307488 9747493 20.0914
307488 8003016 20.2404
307488 10681090 20.433
307488 7573221 20.5116
307488 489145 20.5202
3609048 9585217 1.24475
3609048 10429459 1.29078
3609048 11655682 1.29671
3609048 3163942 1.59216
3609048 10242400 1.84694
3609048 3196924 1.95813
3609048 11659179 2.11124
3609048 7078766 2.29033
3609048 16255160 2.48038
3609048 15075102 2.49295
3609048 5954899 2.68122
3609048 2311811 2.72546
3609048 10825525 2.90651
3609048 8831867 3.07578
3609048 2066377 3.21229
3609048 11272531 3.99648
3609048 601103 4.14825
3609048 1689861 4.79077
3609048 11622480 5.02264
3609048 6183044 5.15889
3609048 775638 5.26967
3609048 14718510 5.47482
3609048 7024537 5.59437
3609048 2260220 5.79867
3609048 15032120 5.88678
3609048 1552143 5.90896
3609048 10326656 6.12588
3609048 9501654 6.15755
3609048 7789851 6.16727
3609048 15291353 6.46639
3609048 8068438 6.57592
3609048 14246209 6.71919
3609048 12467531 6.79535
3609048 15620310 6.91606
3609048 2421408 7.54491
3609048 2079464 7.72954
3609048 1728825 7.93777
3609048 13137786 8.24052
3609048 11233159 8.42578
3609048 9014595 8.97133
3609048 11925526 9.16235
3609048 2551644 9.45452
3609048 9136199 9.48048
3609048 14144792 9.56292
3609048 14308590 9.59409
3609048 11052206 9.79814
3609048 2348967 9.82662
3609048 16143474 10.0711
3609048 13971945 10.3893
3609048 808160 10.7555
3609048 11515622 11.0661
3609048 12020953 11.1045
3609048 16579956 11.4465
3609048 780035 11.8976
3609048 16050282 11.9279
3609048 13671992 12.2605
3609048 16638010 12.4312
3609048 9452198 12.523
3609048 1867257 12.6823
3609048 7233205 12.7678
3609048 3237635 13.8423
3609048 4179860 14.1385
3609048 3935984 14.1893
3609048 3554414 14.2502
3609048 3863232 15.089
3609048 12372554 15.3396
3609048 6986092 15.4501
3609048 2972727 15.4946
3609048 16060092 15.5425
3609048 4414905 15.5823
3609048 14554779 15.7267
3609048 12834834 16.3973
3609048 8178122 16.4445
3609048 4751561 16.925
3609048 1763149 17.2052
3609048 4358418 17.2608
3609048 14232530 17.4439
3609048 14472838 17.5483
3609048 4645402 17.6432
3609048 10092786 70.1205
9660521 14024178 1.72953
9660521 4933742 1.76514
9660521 22488 1.88088
9660521 5873959 2.0508
9660521 13661109 2.17259
9660521 4805114 2.52211
9660521 10762294 2.55199
9660521 4776425 2.68602
9660521 2700860 3.06187
9660521 14398013 3.16257
9660521 2088334 3.28552
9660521 4590053 3.33897
9660521 5352010 3.57291
9660521 14915738 3.72333
9660521 10989208 3.81563
9660521 9702562 4.15897
9660521 5491096 4.18304
9660521 6275372 4.25998
9660521 4253836 4.37334
9660521 5615349 4.65531
9660521 5953613 4.81581
9660521 6623511 4.90749
9660521 13602372 5.29672
9660521 12277450 5.5868
9660521 5917141 6.29338
9660521 10409605 6.46165
9660521 2331918 6.7377
9660521 3802284 6.78239
9660521 2822513 6.89668
9660521 12326394 6.99998
9660521 3927288 7.24146
9660521 14316664 7.25526
9660521 7182103 7.35023
9660521 3050146 7.46705
9660521 15331503 7.54018
9660521 15893254 7.62411
9660521 10132108 7.62962
9660521 10457351 8.42185
9660521 10157932 8.54852
9660521 142066 8.81312
9660521 14446415 8.82146
9660521 10870034 8.85626
9660521 9041635 9.08475
9660521 2166750 9.09966
9660521 8014622 9.46835
9660521 15774050 9.89119
9660521 14317533 9.91793
9660521 7260102 10.3907
9660521 1304487 10.4476
9660521 3753220 10.5159
9660521 13911951 11.1958
9660521 7974835 11.5448
9660521 12396974 11.63
9660521 13995373 12.0045
9660521 539302 12.5638
9660521 16283479 12.6177
9660521 7791006 12.7914
9660521 12651963 12.9434
9660521 14463400 13.3466
9660521 15995216 13.7825
9660521 5864857 13.8283
9660521 8731447 14.2637
9660521 12586425 14.3312
9660521 15395151 14.3514
9660521 314842 14.6409
9660521 5104426 15.0716
9660521 12259082 15.3233
9660521 6201745 15.8761
9660521 5496990 16.0081
9660521 9002311 16.1559
9660521 5145895 16.4449
9660521 7283052 16.4796
9660521 13876837 16.6498
9660521 6811908 16.8531
9660521 12575788 16.8976
9660521 8938006 17.1314
9660521 3750057 17.5452
9660521 13039484 19.0037
9660521 8801807 19.1343
9660521 2845189 19.1928
9660521 7889720 19.334
9660521 12825012 19.4696
9660521 6936127 19.4919
9660521 6485893 19.8272
9660521 5711623 20.0915
9660521 3319528 20.2716
4859321 6186872 1.97933
4859321 12684085 2.06024
4859321 6722124 2.22711
4859321 1199107 2.61429
4859321 10978243 2.64367
4859321 3977378 2.65217
4859321 14761188 2.74568
4859321 9072683 2.75708
4859321 1924234 2.91793
4859321 13024890 3.12527
4859321 12467323 3.23061
4859321 15032033 3.30444
4859321 2680926 3.47947
4859321 9762190 3.49125
4859321 6896128 3.61503
4859321 15251315 3.9431
4859321 12198623 4.05784
4859321 6984723 4.14522
4859321 12720035 4.45296
4859321 4287232 4.47678
4859321 15516111 4.71324
4859321 15832835 4.90155
4859321 645860 5.04077
4859321 8598585 5.27103
4859321 8575336 5.44084
4859321 2962663 5.46143
4859321 1140312 5.50411
4859321 16744374 5.77504
4859321 1790869 6.38779
4859321 11707959 6.50795
4859321 16359465 6.64023
4859321 9198654 6.78851
4859321 3472258 6.79762
4859321 9577930 7.31187
4859321 13446707 7.51213
4859321 2310241 7.73901
4859321 1625566 7.77026
4859321 3619492 7.78068
4859321 12810443 8.00692
4859321 11003421 8.36263
4859321 2687329 8.40227
4859321 2445687 8.43618
4859321 16337254 8.6968
4859321 7146245 8.72811
4859321 7475056 8.73225
4859321 7945317 8.84237
4859321 14167283 9.17249
4859321 5919367 9.25665
4859321 13452648 9.45072
4859321 1619527 9.6054
4859321 14012717 10.1122
4859321 8888149 10.2248
4859321 8565228 10.2262
4859321 5518417 10.2824
4859321 7859410 10.381
4859321 971521 10.636
4859321 4009108 10.7325
4859321 4777493 10.864
4859321 3554994 11.0196
4859321 6218347 11.361
4859321 3038061 11.4558
4859321 15617268 11.5156
4859321 13978902 11.6818
4859321 6948655 11.6857
4859321 14328131 11.7555
4859321 8714949 12.1088
4859321 968504 12.3494
4859321 6901214 13.0482
4859321 5196063 13.0838
4859321 1862632 13.3217
4859321 15309314 13.331
4859321 10563416 20.6919
4859321 7192247 13.8639
4859321 13419972 14.3927
4859321 8290843 14.4219
4859321 9542930 14.4738
4859321 4880109 14.8963
4859321 10734305 15.1579
4859321 2703559 15.2082
4859321 9278261 15.388
4859321 11160353 15.6717
4859321 5476575 16.7337
4859321 15754604 17.0087
13384228 13848178 1.97246
13384228 2895357 1.97246
13384228 2933189 1.97246
13384228 569260 1.97246
13384228 10111696 1.97246
13384228 12503169 1.97246
13384228 541588 1.97246
13384228 6669671 1.97246
13384228 4278070 1.97246
1811052 4802650 1.27661
1811052 15334396 1.36583
1811052 5966319 1.62696
1811052 9426064 1.75088
1811052 7340196 1.87992
1811052 15688030 2.355
1811052 4563994 2.395
1811052 6916550 2.45239
1811052 9035142 2.54565
1811052 4602915 2.77444
1811052 3770597 2.79055
1811052 12481370 3.16493
1811052 2760629 3.31581
1811052 7367497 3.42104
1811052 10947019 3.83956
1811052 11590005 3.97759
1811052 420658 4.2924
1811052 2522811 4.3167
1811052 3462086 4.88795
1811052 9080474 5.27388
1811052 1767005 5.30477
1811052 462033 5.31845
1811052 14430340 5.59506
1811052 3522632 5.81605
1811052 4107054 5.97754
1811052 12010539 6.25851
1811052 10141765 6.42222
1811052 11084484 6.506
1811052 15595206 6.75896
1811052 2411337 7.07681
1811052 13904723 7.27611
1811052 10933084 7.31416
1811052 15194992 7.63043
1811052 16164619 7.80278
1811052 6739732 8.1156
1811052 7860871 8.19125
1811052 10988599 8.30884
1811052 6306163 8.36716
1811052 11472057 8.62802
1811052 5318836 8.67028
1811052 15989958 8.75661
1811052 2648624 9.02795
1811052 1898382 9.16133
1811052 15864947 9.42535
1811052 10156866 9.48104
1811052 8952138 9.55176
1811052 666307 9.60468
1811052 16372781 10.1859
1811052 4666732 10.331
1811052 2161681 11.1825
1811052 4756798 11.5021
1811052 10478114 11.6129
1811052 12420907 12.0076
1811052 10400594 12.0472
1811052 13579370 12.5263
1811052 4645289 12.6169
1811052 7322016 12.6808
1811052 799206 12.9299
1811052 12773357 12.9609
1811052 7247787 13.2943
1811052 5498528 13.4337
1811052 13581936 13.5242
1811052 9658842 13.6607
1811052 12092608 13.7159
1811052 11285157 13.7706
1811052 2085275 13.8923
1811052 4385057 14.4432
1811052 12225752 14.6125
1811052 11631912 15.2139
1811052 14392829 15.2201
1811052 12963073 15.2236
1811052 12333169 15.3335
1811052 2127822 15.4433
1811052 214968 16.0888
1811052 16726445 17.006
1811052 5368814 17.3387
1811052 7983364 17.3951
1811052 6257824 17.5267
11883272 16693954 1.48523
11883272 5895902 1.83215
11883272 645067 1.94258
11883272 12314597 2.10334
11883272 16698867 2.18307
11883272 7712241 2.19042
11883272 139899 2.62825
11883272 12154605 2.66882
11883272 6381635 2.92851
11883272 16240309 2.95501
11883272 12484819 3.12863
11883272 2546018 3.31256
11883272 15870102 3.35872
11883272 6663862 3.52255
11883272 10219531 3.92212
11883272 5356909 4.00796
11883272 4669800 4.54765
11883272 5010355 4.72062
11883272 16749159 4.74742
11883272 3568018 4.81219
11883272 7345771 5.27763
11883272 8683570 5.73466
11883272 8675192 5.96649
11883272 8834751 6.07591
11883272 11292645 6.17743
11883272 12742482 6.38928
11883272 10389072 6.6884
11883272 5893193 6.74488
11883272 15327556 6.79281
11883272 9720375 6.90152
11883272 1818881 6.97979
11883272 15144862 7.04784
11883272 14952140 7.22574
11883272 11748423 7.35654
11883272 7730209 7.83993
11883272 15092627 8.06667
11883272 16893 8.44283
11883272 13051093 8.65496
11883272 8682581 8.76621
11883272 13142337 9.26577
11883272 6649936 9.43192
11883272 1008848 9.47747
11883272 14661357 9.51643
11883272 312886 9.63234
11883272 2380584 9.70877
11883272 10874917 9.72411
11883272 10388371 9.88973
11883272 8572822 10.0275
11883272 121821 10.0487
11883272 6519330 10.0696
11883272 6614206 10.1449
11883272 14675966 10.4853
11883272 10715879 10.7331
11883272 10422034 11.0862
11883272 3844484 11.1755
11883272 80869 11.1934
11883272 1548575 11.4313
11883272 4898022 11.4848
11883272 9074617 11.4954
11883272 8414500 11.7997
11883272 6589495 11.9193
11883272 15312890 12.0708
11883272 12549305 12.0983
11883272 5407663 12.5305
11883272 5725484 12.5381
11883272 8921099 12.821
11883272 4608608 13.2686
11883272 6735135 13.5129
11883272 1730062 13.6998
11883272 4931693 13.8941
11883272 6476005 13.9596
11883272 963654 14.145
11883272 2827509 14.5762
11883272 9935071 14.7731
11883272 8109981 15.0495
11883272 2706876 15.2375
11883272 14188687 15.4356
11883272 3645551 15.4792
11883272 1578830 15.6773
5761421 4290270 1.78374
5761421 6726377 2.13819
5761421 7767741 3.15524
5761421 6266989 3.18005
5761421 922947 3.31169
5761421 2659332 3.33137
5761421 15300922 3.34087
5761421 3728654 3.47334
5761421 6805464 3.61461
5761421 7988486 3.82988
5761421 7534965 4.03162
5761421 3915880 4.07121
5761421 7235653 4.30683
5761421 11864035 4.5429
5761421 13755969 4.58068
5761421 300526 4.82021
5761421 8535266 4.89938
5761421 15954288 5.0612
5761421 16517136 5.17783
5761421 11541856 5.30689
5761421 16551575 5.36296
5761421 2977090 5.48879
5761421 13463281 5.63433
5761421 2606850 5.69019
5761421 13549947 5.73597
5761421 9283300 6.33207
5761421 6858104 6.34566
5761421 9616401 6.47031
5761421 6506296 6.52946
5761421 8952839 6.76586
5761421 11955014 7.31138
5761421 15727016 7.51756
5761421 13944556 7.56025
5761421 213250 7.62315
5761421 5749497 7.65201
5761421 11147931 7.73205
5761421 5832342 7.95868
5761421 10326106 8.01211
5761421 8238866 8.61206
5761421 12762501 8.87873
5761421 15628692 9.09559
5761421 9641834 9.4268
5761421 8308589 9.53041
5761421 14041953 9.63077
5761421 10392279 9.65351
5761421 6791880 9.9465
5761421 9074194 10.1643
5761421 11868014 10.175
5761421 570573 10.2436
5761421 2962036 10.8032
5761421 15993872 10.973
5761421 11807560 11.4044
5761421 14630319 11.8707
5761421 15514038 11.9601
5761421 13325852 12.4004
5761421 5944004 12.595
5761421 9587416 12.7995
5761421 4771975 13.0604
5761421 14563055 13.1778
5761421 7209199 13.6312
5761421 11596736 13.8701
5761421 5759341 13.8881
5761421 5025075 13.9961
5761421 12838168 14.4286
5761421 4014326 14.469
5761421 9848580 15.137
5761421 2534959 16.2753
5761421 9449218 16.2915
5761421 11321267 16.4273
5761421 9586779 17.0215
5761421 8843465 17.0839
5761421 4905226 17.1184
5761421 8546510 17.3347
5761421 321096 17.4299
5761421 8603635 17.592
5761421 14450173 17.62
5761421 5820936 18.0471
5761421 11002297 102.555
5761421 11266893 104.692
5761421 10646458 104.692
11222674 13075803 1.72931
11222674 6451358 1.92488
11222674 15079871 2.01887
11222674 2529163 2.41815
11222674 7989872 2.48336
11222674 5364553 2.94256
11222674 5489634 3.1859
11222674 1218053 3.22197
11222674 13284356 3.29351
11222674 10359759 4.00087
11222674 5818018 4.93623
11222674 9668483 5.40133
11222674 7260432 5.40967
11222674 12271426 5.50235
11222674 15643723 5.68215
11222674 14756877 5.81352
11222674 12207453 5.87797
11222674 9269262 5.88342
11222674 15104698 6.05099
11222674 2180681 6.09815
11222674 15473521 6.5091
11222674 8547147 6.85433
11222674 9022623 7.09742
11222674 9581974 7.10796
11222674 2296911 7.46369
11222674 10447843 7.65801
11222674 13236223 7.83474
11222674 109389 8.05172
11222674 14155962 8.15831
11222674 2412367 8.39124
11222674 12865683 8.41708
11222674 13213347 9.10402
11222674 951358 9.46022
11222674 14624648 9.78095
11222674 8866622 10.1137
11222674 5397881 10.159
11222674 8113715 10.1887
11222674 11615722 10.5302
11222674 7321164 10.779
11222674 9935364 10.8938
11222674 6475271 11.1939
11222674 5024976 11.3063
11222674 8435347 11.8778
11222674 5215047 13.157
11222674 9148887 13.1896
11222674 9707328 13.224
11222674 1942639 13.3237
11222674 10516812 13.9449
11222674 14737829 14.1098
11222674 11131123 14.1923
11222674 8010277 14.1952
11222674 11166521 14.5603
11222674 1149934 14.6421
11222674 11405818 15.0688
11222674 5888270 15.2739
11222674 5596804 15.5646
11222674 11694030 16.0481
11222674 11394232 16.2706
11222674 13119802 16.5154
11222674 3645066 16.6258
11222674 1003954 16.8696
11222674 5400998 16.8765
11222674 10990279 17.2919
11222674 10777062 17.3353
11222674 10809043 17.4747
11222674 3516777 17.674
11222674 6329761 17.6945
11222674 14487532 17.7662
11222674 13519046 17.9051
11222674 15723298 17.977
11222674 317418 18.6249
11222674 15449847 18.6612
11222674 14010318 19.0869
11222674 3750231 19.6148
959966 12267899 1.38478
959966 15792798 1.58481
959966 1445372 1.61361
959966 13431770 1.94905
959966 14760171 2.04776
959966 12897342 2.3701
959966 7725705 2.41716
959966 5929406 2.84707
959966 11505626 3.56198
959966 16086839 4.09359
959966 14600875 4.12089
959966 5534215 5.09226
959966 9184653 5.31242
959966 8929167 5.47496
959966 2144369 7.3661
959966 9419884 7.41512
959966 15744429 7.62301
959966 923842 7.71844
959966 5114347 8.4803
959966 2318272 9.02727
959966 8419253 9.11495
959966 13252016 9.16339
959966 3107391 9.42739
959966 6754119 9.74596
959966 15727241 9.84057
959966 10227765 10.3525
959966 8102999 10.6638
959966 6733430 11.0094
959966 5509752 11.0942
959966 14347196 12.1778
959966 1921837 12.2613
959966 11922694 12.3337
959966 14468595 12.6634
959966 8607780 13.0823
959966 12642952 13.3023
959966 567354 13.5456
959966 10685543 13.5892
959966 12651336 14.5761
959966 1487923 14.784
959966 12217659 15.3243
959966 10364200 15.5009
959966 2421770 15.5446
959966 8308625 15.9131
959966 8959221 16.0753
959966 1534500 16.1331
959966 1211946 16.284
959966 3766520 16.415
959966 11968987 17.1481
959966 5020420 17.4479
959966 1559891 18.9699
959966 13467122 20.1052
959966 12954833 20.2475
959966 15836136 20.3177
959966 4452265 20.3377
959966 993710 20.798
959966 14647747 20.9527
959966 10948103 21.1389
959966 3117923 21.2351
959966 16501274 21.2895
959966 13175835 21.3487
959966 10688523 21.9248
959966 10568430 22.0122
959966 9590037 22.2663
959966 481215 23.1258
959966 11404943 24.2066
959966 7100272 24.6892
959966 511981 24.8338
959966 11691220 24.9651
959966 4843946 25.2544
959966 4468644 25.2555
959966 11283541 25.2934
959966 15835621 25.7822
959966 14541909 26.5413
959966 9423662 26.571
959966 33356 26.8416
959966 7593255 26.9282
959966 251415 27.1834
959966 2141951 27.7652
959966 2368376 27.9455
12397339 2474933 1.50068
12397339 9696178 1.62291
12397339 14664436 2.04534
12397339 10771082 2.60536
12397339 15139784 2.86165
12397339 16573038 3.22392
12397339 15264224 3.43878
12397339 11884735 3.80449
12397339 1715071 4.11903
12397339 13463166 4.23209
12397339 8193877 4.79603
12397339 5575464 5.16556
12397339 5690562 5.69741
12397339 5609789 5.9878
12397339 1957183 6.22979
12397339 15054327 6.83992
12397339 7501118 6.91648
12397339 1901766 7.33167
12397339 14929365 7.83535
12397339 15388353 7.94161
12397339 7264575 8.192
12397339 4964467 8.26399
12397339 12010907 9.27086
12397339 10420463 10.0375
12397339 6023783 11.061
12397339 6723174 11.2296
12397339 6366338 11.8408
12397339 605161 12.3207
12397339 6335866 12.3741
12397339 7393709 12.3805
12397339 12475154 12.7353
12397339 7989617 12.8867
12397339 12411122 13.1535
12397339 14152653 14.0299
12397339 5886852 14.7933
12397339 7386022 14.8777
12397339 15730699 15.2799
12397339 5050600 15.3831
12397339 9715476 15.7814
12397339 9779939 15.9384
12397339 9188184 16.0228
12397339 6017090 16.8226
12397339 14106561 17.1305
12397339 13504312 17.5385
12397339 8462028 17.7965
12397339 4142951 19.3745
12397339 6316764 19.5077
12397339 14987325 19.5121
12397339 1135134 19.9253
12397339 12648858 20.4612
12397339 2112681 20.8231
12397339 12783116 21.065
12397339 2290330 21.1359
12397339 2554250 21.6736
12397339 9548453 21.9357
12397339 10240777 21.9586
12397339 15659879 22.1186
12397339 10947782 22.3407
12397339 13008012 22.4381
12397339 13618350 22.7851
12397339 14950530 22.8542
12397339 665632 23.2262
12397339 11005971 23.2935
12397339 4984584 23.9571
12397339 14302698 23.9856
12397339 3282742 24.5367
12397339 7128136 24.5527
12397339 1528313 25.132
12397339 6914433 25.2681
12397339 4883075 25.353
12397339 7799307 26.4748
12397339 2751102 27.1763
12397339 940125 27.2031
12397339 14373164 27.2928
12397339 12557819 27.416
12397339 8997642 27.7427
5883073 1279547 1.55868
5883073 14915489 1.6312
5883073 10415275 1.64041
5883073 5779617 1.6755
5883073 14783337 1.76224
5883073 12337057 1.78656
5883073 2980508 1.83614
5883073 4290728 2.05051
5883073 10384701 2.26996
5883073 5547356 2.56782
5883073 11305425 2.62006
5883073 14724251 2.81372
5883073 6418808 3.00731
5883073 9234252 3.09818
5883073 8111603 3.112
5883073 3427759 4.29513
5883073 12129166 5.50945
5883073 4504384 5.59909
5883073 14684386 5.89401
5883073 14714177 6.64803
5883073 13262527 6.66067
5883073 9055381 7.91867
5883073 16382468 8.25443
5883073 16772003 8.78969
5883073 10533140 9.1413
5883073 10739473 10.0326
5883073 5230220 11.2748
5883073 12675693 11.6229
5883073 14738173 11.9033
5883073 3541367 11.9446
5883073 2992248 12.1261
5883073 9383082 12.7155
5883073 14700319 13.0369
5883073 6929336 13.6014
5883073 8398324 14.2638
5883073 13740304 14.2801
5883073 1550083 14.325
5883073 16394359 14.739
5883073 12272517 14.8094
5883073 13637394 15.0751
5883073 15776412 16.542
5883073 9098418 16.5625
5883073 2395079 16.5728
5883073 8832962 16.8153
5883073 13546638 16.8974
5883073 10418537 17.3359
5883073 16308285 17.6541
5883073 5442422 18.2483
5883073 12929606 18.5337
5883073 12010268 18.7644
5883073 13273114 19.3351
5883073 2372258 20.694
5883073 1884936 21.708
5883073 15760052 21.8815
5883073 7777489 22.548
5883073 4427261 22.9523
5883073 9716957 23.2804
5883073 12315837 23.3528
5883073 15443238 24.9756
5883073 4912577 25.4153
5883073 6375357 25.8305
5883073 4237419 25.8575
5883073 14163189 27.5032
5883073 9971796 27.6633
5883073 11643028 27.9125
5883073 12525584 28.3095
5883073 8127828 28.6623
5883073 12211415 29.1222
5883073 2234172 29.1984
5883073 13480705 29.3566
5883073 16412488 29.4861
5883073 16372654 29.7785
5883073 16469086 29.884
5883073 4787840 29.8861
5883073 1398642 30.4979
5883073 11558366 30.8095
5883073 13654630 30.9587
5883073 10729370 32.493
5883073 7167376 32.6657
5883073 6982821 32.7929
5883073 2387795 33.0267
5883073 6623890 33.2394
5883073 16218196 34.3946
5883073 5366761 34.8179
5883073 3949602 34.9608
5883073 6243639 35.6461
5883073 1837906 36.1567
5883073 15122386 36.6657
7650092 15985025 1.98152
7650092 14117840 1.98152
7650092 14125032 1.98152
7650092 15926713 1.98152
7650092 10388298 1.98152
7650092 5179005 1.98152
7650092 11569610 1.98152
7650092 9702299 1.98152
7650092 16354664 1.98152
7650092 14487353 1.98152
14401667 12604452 24.3743
14401667 3153284 24.378
14401667 9586274 24.4873
14401667 10077421 24.6714
14401667 13165805 24.7149
14401667 1615286 25.0663
14401667 703703 25.2787
14401667 1719038 25.317
14401667 4006048 25.3577
14401667 2442768 25.5155
14401667 6988435 25.5781
14401667 9497561 25.62
14401667 4933054 25.7187
14401667 16293892 25.7522
14401667 10961227 25.9047
14401667 16084655 26.9253
14401667 13928223 26.9285
14401667 1462672 26.9285
14401667 8683433 27.0645
14401667 5269255 27.1472
14401667 1029640 27.2617
14401667 1978910 27.3108
14401667 3189874 27.3848
14401667 3265758 28.0241
14401667 3076715 28.4776
14401667 5632645 28.5868
14401667 13585150 28.7338
14401667 5873228 28.9446
14401667 5587837 29.5775
14401667 11904558 29.7219
14401667 13724316 29.7258
14401667 6513419 29.8406
14401667 10012557 29.9148
14401667 5780775 29.9454
14401667 6495771 29.9571
14401667 16733485 30.8776
14401667 15727276 31.6371
14401667 5405118 31.7024
14401667 14325607 32.121
14401667 15333419 32.1931
14401667 5390404 32.6565
14401667 8787638 32.6823
14401667 5742110 32.7883
14401667 16208008 33.4298
14401667 6123455 33.8947
14401667 6012564 34.0533
14401667 1705673 34.5737
14401667 3548320 34.6933
14401667 4942002 34.8011
14401667 7550529 35.6252
14401667 1878389 36.2998
14401667 5463150 36.6094
14401667 12477629 36.8287
14401667 11496493 36.8694
14401667 14320456 37.7125
14401667 949679 38.0449
14401667 2899223 38.3905
14401667 10377548 38.5157
14401667 1161254 38.5383
14401667 7746845 39.3178
14401667 318320 40.8833
14401667 14899710 41.448
14401667 2493036 41.6887
14401667 3663754 41.6957
14401667 2407914 42.7568
14401667 136344 43.002
14401667 5259703 43.519
14401667 6567852 43.5194
14401667 8219577 45.083
14401667 14413476 45.4129
14401667 896921 45.5917
14401667 13140675 45.6249
14401667 15758589 45.7965
14401667 3257647 45.8427
14401667 6274462 46.1519
14401667 10484919 46.1711
14401667 1501657 47.5109
14401667 7685666 47.6168
14401667 3638772 47.8449
14401667 4626428 48.1186
14401667 4301439 48.6457
14401667 320328 49.0452
14401667 702084 49.1885
14401667 10036626 49.8763
14401667 8417518 51.387
14401667 5451953 51.4073
14401667 13907378 51.5184
14401667 11990503 51.6997
14401667 6056235 51.7734
14401667 14141636 51.7915
14401667 10231081 54.304
14401667 2344256 54.731
14401667 14373295 54.7649
14401667 9527590 54.7953
14401667 1429603 54.8521
14401667 2527406 55.3322
14401667 6211570 55.3388
14401667 4596636 55.6013
14401667 5721624 56.4469
14401667 9413 56.4712
14401667 8659073 56.8691
14401667 512283 58.7313
14401667 7903609 58.7756
14401667 15920373 59.0931
14401667 8650146 59.1508
14401667 14949733 60.2834
14401667 2011175 61.0649
14401667 9829877 61.149
14401667 16474994 61.7539
14401667 7178686 62.1592
14401667 10003440 62.3326
14401667 5666194 63.1673
14401667 15322084 63.5761
14401667 16712532 63.6884
14401667 1437871 63.952
14401667 16090398 65.3197
14401667 98582 65.3767
14401667 9914121 65.3947
14401667 7637482 65.5588
14401667 6900934 66.2784
4792831 45485 4.26328
4792831 12171562 4.9803
4792831 12284357 5.15977
4792831 9909078 5.38099
4792831 3816605 5.72106
4792831 2679128 5.92493
4792831 1715014 6.04936
4792831 4068793 6.11681
4792831 13449543 6.1822
4792831 14668527 6.91452
4792831 10990405 6.97466
4792831 117541 7.47605
4792831 16752136 7.5957
4792831 13143515 7.84808
4792831 14725192 8.33785
4792831 6895674 8.34027
4792831 2598007 8.88149
4792831 14172776 8.97393
4792831 13864321 9.81121
4792831 4258479 10.3487
4792831 12359337 10.5297
4792831 2240979 10.9773
4792831 9673149 11.4638
4792831 12913022 11.5868
4792831 5256949 12.6483
4792831 2882605 12.7106
4792831 15294425 12.7172
4792831 9943662 12.7353
4792831 15537644 12.8818
4792831 5965521 13.0554
4792831 15864163 13.1058
4792831 14970039 13.1766
4792831 7853783 13.244
4792831 14599210 13.5717
4792831 14832550 13.9851
4792831 9972044 14.2502
4792831 5304234 14.4373
4792831 4974258 14.4739
4792831 1865341 14.6484
4792831 2524527 14.8753
4792831 1215894 15.6055
4792831 10919429 16.2417
4792831 14773501 16.4036
4792831 8540205 16.9299
4792831 11131195 17.5494
4792831 14441693 17.6882
4792831 6470354 18.5543
4792831 4642728 18.5871
4792831 8085395 19.1043
4792831 2771713 19.3109
4792831 6418546 19.3223
4792831 14340775 19.8366
4792831 7273343 19.8623
4792831 7027786 19.9973
4792831 12734513 20.0618
4792831 13856873 20.1243
4792831 287848 20.4157
4792831 9418456 20.6384
4792831 13691525 20.9746
4792831 1639100 21.0491
4792831 10499144 21.2864
4792831 3248458 21.5611
4792831 2530051 21.8723
4792831 12380269 22.0482
4792831 129589 22.171
4792831 1315558 22.3426
4792831 6917509 22.3509
4792831 4404320 22.4108
4792831 15049625 22.7148
4792831 12663469 22.7158
4792831 5891513 22.7645
4792831 6210352 23.6487
4792831 3112773 23.6494
4792831 4758588 23.6616
4792831 2409402 23.7226
4792831 16460390 23.8101
4792831 10501232 23.8298
4792831 4031891 24.4147
4792831 109941 24.479
4792831 10627385 24.9057
4792831 16759329 25.1139
4792831 9153453 25.134
4792831 3583463 25.175
4792831 2643542 25.3996
4792831 4288250 25.5456
4792831 4585023 25.9731
4792831 16176948 26.3034
4792831 9355256 26.6283
4792831 14217060 27.6351
4792831 3602241 27.9832
4792831 14801595 28.0712
4792831 432567 28.0827
4792831 7098765 28.456
4792831 16077435 29.2383
4792831 13308612 29.6041
4792831 6209661 29.9757
4792831 13639547 30.0652
4792831 9149324 30.1096
4792831 11463920 30.179
4792831 14273438 30.3019
4792831 10860931 30.4289
4792831 16521035 31.1012
4792831 7149589 31.1665
4792831 9505372 31.2239
4792831 9381458 32.0355
4792831 5680573 32.113
4792831 7090442 32.6824
4792831 9609068 32.9577
4792831 8490469 33.0167
4792831 7280577 33.7213
4792831 3599011 33.9727
4792831 8019056 34.0713
4792831 10612022 34.1418
4792831 7841642 34.5001
4792831 13086872 34.577
4792831 11103555 34.6075
4792831 3302533 34.7644
4792831 10272928 34.8854
4792831 15808537 34.9666
4792831 510856 35.353
3783430 15301610 363.631
3783430 12505395 363.754
3783430 16674673 363.826
3783430 9853022 364.962
3783430 11386198 365.432
3783430 11707677 366.022
3783430 10839591 366.031
3783430 2075951 366.054
3783430 7366441 366.2
3783430 7322962 366.33
3783430 9222861 366.404
3783430 2950784 367.441
3783430 8919530 368.102
3783430 16031650 368.143
3783430 11939006 368.68
3783430 15277462 368.788
3783430 5642590 370.155
3783430 2661652 370.172
3783430 11735972 370.389
3783430 10115187 370.594
3783430 907264 371.278
3783430 11990248 371.401
3783430 8535090 371.926
3783430 2262013 372.179
3783430 8276956 372.539
3783430 16240235 372.637
3783430 6085409 372.945
3783430 16690110 373.091
3783430 14291784 373.57
3783430 12397811 373.679
3783430 9399283 373.893
3783430 15466811 374.069
3783430 10159743 374.14
3783430 1020248 374.291
3783430 14938129 374.332
3783430 7250600 374.981
3783430 924487 376.44
3783430 5623292 376.682
3783430 16300007 376.852
3783430 10013523 377.112
3783430 13686590 377.278
3783430 4035153 377.716
3783430 3153773 377.865
3783430 13544752 378.047
3783430 5952052 378.118
3783430 13838056 378.219
3783430 15054346 378.525
3783430 5754768 378.849
3783430 8682103 379.38
3783430 1457465 380.185
3783430 15065156 380.205
3783430 3241732 380.554
3783430 3325990 383.07
3783430 5842350 383.262
3783430 386264 383.54
3783430 14785852 383.741
3783430 3239955 384.488
3783430 9804985 384.558
3783430 5960771 385.276
3783430 9422468 385.84
3783430 8989255 386.242
3783430 16672406 386.521
3783430 3680120 386.781
3783430 5512352 387.179
3783430 3199018 387.515
3783430 12133255 387.924
3783430 1817814 388.272
3783430 13364691 388.537
3783430 5559548 388.691
3783430 16204053 388.709
3783430 14428177 389.037
3783430 8955151 389.85
3783430 867765 389.861
3783430 16534596 389.925
3783430 2009436 390.44
3783430 8505472 390.779
3783430 1100423 390.903
3783430 13312315 390.988
3783430 16122002 391.21
3783430 15222719 391.389
3783430 8797289 391.426
3783430 12381281 391.844
3783430 14034758 391.912
3783430 11786075 392.124
3783430 5507287 392.15
3783430 3395481 392.544
3783430 9483678 392.691
3783430 15565427 392.806
3783430 15235662 392.812
3783430 14740513 392.976
3783430 10788290 393.285
3783430 12708879 393.602
3783430 4229914 393.659
3783430 6112879 393.789
3783430 15590734 393.827
3783430 426136 394.204
3783430 8031458 394.218
3783430 10518358 394.271
3783430 16089294 394.562
3783430 2307 395.145
3783430 9236510 395.271
3783430 16224961 395.28
3783430 16266748 395.328
3783430 4424398 395.656
3783430 13775766 395.811
3783430 7059405 395.811
3783430 4984706 396.133
3783430 299119 396.329
3783430 14457673 396.825
3783430 37676 397.014
3783430 1011786 397.176
3783430 12017029 397.481
3783430 5777901 398.079
3783430 9951757 398.348
3783430 9747493 398.629
3783430 8003016 398.777
3783430 10681090 398.97
3783430 7573221 399.049
3783430 489145 399.057
3783430 9232264 520.229
11051267 9385324 336.393
11051267 1053823 337.499
11051267 3638502 337.535
11051267 14484511 338.253
11051267 1801565 338.396
11051267 7905958 339.124
11051267 73541 339.248
11051267 11485522 339.591
11051267 15906795 339.637
11051267 12839286 339.715
11051267 8405889 339.742
11051267 322347 339.778
11051267 14158844 339.991
11051267 9685351 340.375
11051267 3518640 340.377
11051267 10138164 340.547
11051267 181441 341.364
11051267 7040569 341.676
11051267 4653137 341.784
11051267 15157219 342.504
11051267 10147717 343.361
11051267 9343778 343.759
11051267 4215078 343.92
11051267 9661202 344.03
11051267 2490418 344.079
11051267 6448382 344.591
11051267 9324094 345.28
11051267 1307385 345.521
11051267 1215627 346.068
11051267 11255785 346.398
11051267 13148464 346.782
11051267 16034123 346.824
11051267 1428977 347.764
11051267 8724490 348.159
11051267 7908087 348.306
11051267 10835444 348.382
11051267 8219839 348.453
11051267 13743586 348.874
11051267 3485331 348.997
11051267 12028650 349.927
11051267 7112931 350.08
11051267 9876277 350.167
11051267 16584413 350.446
11051267 11729868 350.751
11051267 6668471 350.885
11051267 9549914 351.043
11051267 8715158 351.845
11051267 14560651 351.87
11051267 2835330 352.541
11051267 12160534 352.641
11051267 8065180 353.567
11051267 925163 353.795
11051267 3241904 354.12
11051267 5017663 354.472
11051267 2412274 354.737
11051267 9276182 355.023
11051267 9956038 355.284
11051267 11498550 355.427
11051267 1364783 355.438
11051267 16055896 356.306
11051267 16310882 356.548
11051267 7815586 356.99
11051267 12432880 357.289
11051267 1632409 357.783
11051267 7876249 357.863
11051267 3699511 360.675
11051267 14274709 360.795
11051267 5313022 360.804
11051267 16265996 360.931
11051267 8899348 361.394
11051267 1193735 361.626
11051267 565090 362.186
11051267 4422466 362.539
11051267 4424376 362.922
11051267 13633480 362.926
11051267 12882114 362.945
11051267 14212967 363.238
11042914 9310925 309.237
11042914 12452014 309.326
11042914 13367379 309.575
11042914 14415021 309.836
11042914 14019843 310.889
11042914 16242001 311.021
11042914 11416529 311.136
11042914 12494798 311.533
11042914 15527461 311.653
11042914 5643195 311.819
11042914 6601437 311.87
11042914 1621008 312.035
11042914 12912917 312.162
11042914 396996 312.336
11042914 12106635 312.672
11042914 10791886 312.75
11042914 8142249 312.943
11042914 6079773 313.513
11042914 2211420 313.585
11042914 7550999 315.411
11042914 6500541 315.87
11042914 3837785 316.16
11042914 16358532 316.162
11042914 11445778 316.256
11042914 1469925 317.162
11042914 14299020 317.641
11042914 899773 318.016
11042914 7657333 318.547
11042914 6535028 318.754
11042914 3296502 319.155
11042914 7302353 319.202
11042914 6914741 319.377
11042914 11519360 319.947
11042914 5019372 320.176
11042914 505152 320.322
11042914 6586460 320.383
11042914 863603 320.791
11042914 3152681 321.008
11042914 9069841 321.546
11042914 2677567 321.601
11042914 9033961 322.108
11042914 4364076 322.518
11042914 12587730 322.691
11042914 10320306 323.43
11042914 12665484 323.478
11042914 5184337 323.682
11042914 5414365 324.122
11042914 15589601 324.919
11042914 14672769 325.03
11042914 3975772 325.253
11042914 7504976 325.936
11042914 2332103 325.974
11042914 4833482 326.618
11042914 13750095 326.82
11042914 10300035 327.169
11042914 14859725 328.531
11042914 5291288 329.086
11042914 9652493 329.178
11042914 8220935 330.12
11042914 14131748 330.388
11042914 4715326 331.382
11042914 16199808 331.382
11042914 8235522 331.482
11042914 7656137 331.856
11042914 15165240 331.927
11042914 8079461 332.205
11042914 12028303 332.534
11042914 12246621 332.837
11042914 10712545 333.234
11042914 2137448 333.357
11042914 2102931 333.469
11042914 6426221 333.489
11042914 2542519 333.696
11042914 11659040 333.908
11042914 9532622 334.648
11042914 11026442 334.723
11042914 3992323 335.615
11042914 2173988 335.635
11042914 3221842 335.966
11042914 6896798 336.03
4902680 1380578 276.322
4902680 3731173 276.595
4902680 2902430 278.027
4902680 7316700 278.152
4902680 10003989 278.182
4902680 15804882 278.369
4902680 1065879 279.502
4902680 15588639 279.623
4902680 10978500 279.709
4902680 13027549 279.725
4902680 13927547 279.888
4902680 11983714 279.993
4902680 11268583 280.093
4902680 13215194 280.442
4902680 14893833 281.161
4902680 10129024 281.33
4902680 5651180 282.188
4902680 14665722 282.21
4902680 7901503 282.448
4902680 10886187 283.016
4902680 7942164 283.533
4902680 12448409 283.923
4902680 13082015 284.841
4902680 5527206 285.056
4902680 4454434 285.167
4902680 4422988 285.384
4902680 8204941 285.396
4902680 11184665 285.546
4902680 15590393 287.382
4902680 4143871 287.712
4902680 4210060 288.329
4902680 5742460 288.435
4902680 1975858 289.003
4902680 15754594 289.893
4902680 7332072 289.913
4902680 13244377 289.922
4902680 3368938 290.065
4902680 2672234 290.578
4902680 12268003 290.649
4902680 10553284 290.833
4902680 1595246 291.459
4902680 13881669 291.778
4902680 9170690 292.021
4902680 3444003 292.105
4902680 1019576 292.334
4902680 1532041 292.693
4902680 14429068 292.975
4902680 12045505 293.872
4902680 13216241 293.991
4902680 4029250 294.108
4902680 3267352 294.999
4902680 7738615 295.659
4902680 16139358 296.081
4902680 8935499 296.347
4902680 15587277 297.121
4902680 221992 297.629
4902680 3789052 298.377
4902680 9997962 298.486
4902680 13971803 299.788
4902680 124260 300.151
4902680 12886487 300.811
4902680 4245747 301.032
4902680 592322 301.162
4902680 8339437 301.398
4902680 3136963 301.714
4902680 8129758 301.718
4902680 15016745 302.233
4902680 12333844 302.443
4902680 10599953 302.944
4902680 4446011 303.255
4902680 9462400 305.092
4902680 9011146 305.752
4902680 10087207 306.895
4902680 3051511 307.04
4902680 2604570 307.374
4902680 15030800 307.786
4902680 5811972 308.129
4902680 10133484 308.509
3765899 11657202 241.988
3765899 2225792 242.289
3765899 5721214 242.392
3765899 15233978 242.573
3765899 9130617 242.675
3765899 3752859 242.768
3765899 6186707 243.074
3765899 9824493 243.745
3765899 3634717 244.173
3765899 11964089 245.037
3765899 15072511 246.596
3765899 11200161 247.359
3765899 13837419 247.558
3765899 6967534 247.687
3765899 2240007 247.821
3765899 4579239 248.593
3765899 10757450 248.742
3765899 3944880 249.169
3765899 16204639 249.543
3765899 3664362 249.593
3765899 2268262 249.919
3765899 8170376 249.926
3765899 4825010 250.168
3765899 5139287 250.192
3765899 10463372 251.064
3765899 13940592 251.933
3765899 9256073 253.546
3765899 4115525 253.917
3765899 11381438 253.925
3765899 11869513 254.347
3765899 10971424 256.088
3765899 8322477 256.243
3765899 13779590 256.777
3765899 13923679 257.701
3765899 9009533 258.685
3765899 9475445 258.926
3765899 4277561 259.392
3765899 16721601 259.589
3765899 14304984 259.707
3765899 9957286 259.709
3765899 2475444 259.815
3765899 12310184 260.603
3765899 1877285 260.788
3765899 13801474 260.824
3765899 7101939 261.037
3765899 7224200 261.374
3765899 13549725 261.499
3765899 1047420 261.867
3765899 5141788 261.993
3765899 10587858 262.139
3765899 16030110 262.213
3765899 3166765 262.584
3765899 1009405 262.85
3765899 302752 262.906
3765899 6995027 263.775
3765899 16442158 264.592
3765899 7573126 265.091
3765899 16554593 265.605
3765899 2450627 265.733
3765899 647301 265.779
3765899 7748900 267.019
3765899 9045116 267.621
3765899 16050306 267.869
3765899 15369507 268.537
3765899 2515841 268.617
3765899 6094485 269.118
3765899 8496452 269.695
3765899 3837028 269.927
3765899 14279847 271.106
3765899 15426960 271.24
3765899 12637685 273.223
3765899 16508755 274.14
3765899 13045753 274.351
3765899 732299 274.71
3765899 4663521 274.995
3765899 15954130 275.913
5166767 9605743 216.253
5166767 11090873 216.745
5166767 6587668 216.858
5166767 1479399 217.548
5166767 11840816 217.74
5166767 3267337 218.495
5166767 3311646 218.853
5166767 6167925 218.858
5166767 14949341 219.034
5166767 7435927 219.525
5166767 15163976 219.799
5166767 6019077 220.106
5166767 9012240 220.145
5166767 3316382 220.563
5166767 2459789 220.719
5166767 3754436 220.797
5166767 11345735 220.879
5166767 3230807 221.12
5166767 14179924 221.266
5166767 4394799 221.818
5166767 10620591 222.347
5166767 1177154 222.38
5166767 11293120 222.492
5166767 905586 222.607
5166767 454482 223.284
5166767 7993914 224.417
5166767 1751861 224.5
5166767 10272942 224.526
5166767 16237089 224.901
5166767 16759389 225.755
5166767 736611 225.79
5166767 7576817 226.077
5166767 16545663 226.363
5166767 1261440 226.374
5166767 5996099 226.66
5166767 1110790 226.775
5166767 5112669 228.186
5166767 15265103 228.378
5166767 10981075 228.544
5166767 16279164 229.137
5166767 12617057 229.522
5166767 3234014 229.782
5166767 377414 229.896
5166767 13640337 230.4
5166767 8686830 231.063
5166767 16617762 231.093
5166767 1538887 231.106
5166767 13043936 231.532
5166767 894742 231.88
5166767 7431061 232.095
5166767 1132511 232.19
5166767 5220793 232.351
5166767 7028611 232.371
5166767 6167642 232.9
5166767 9949863 232.985
5166767 4109863 233.68
5166767 16670240 234.273
5166767 9859788 235.134
5166767 11745610 235.159
5166767 6468816 235.492
5166767 6254665 236.616
5166767 4446642 237.098
5166767 10411812 237.136
5166767 16534618 237.448
5166767 8297690 238.163
5166767 6192315 238.164
5166767 8657308 238.782
5166767 15126625 239.073
5166767 15386413 239.267
5166767 12129959 239.488
5166767 2533392 239.714
5166767 16587824 240.313
5166767 1548972 240.527
5166767 6398995 241.229
5166767 14272156 386.674
5166767 14648046 390.342
5166767 15400003 520.042
5166767 14883620 520.229
14620159 14886137 185.324
14620159 16622316 185.589
14620159 4411339 185.803
14620159 10926302 185.896
14620159 12340843 186.677
14620159 12680201 187.444
14620159 1013645 187.446
14620159 10070881 187.59
14620159 491773 187.825
14620159 8613585 187.898
14620159 6893063 188.114
14620159 6564488 188.809
14620159 4952256 189.911
14620159 704042 190.31
14620159 15828918 190.569
14620159 15555696 190.913
14620159 7550042 191.296
14620159 2605448 191.539
14620159 2377969 192.424
14620159 13519407 192.916
14620159 8108491 194.255
14620159 14681903 194.933
14620159 4637438 195.188
14620159 7527469 196.773
14620159 9751223 196.901
14620159 10285903 197.11
14620159 7169176 197.585
14620159 3594550 197.865
14620159 16592293 197.884
14620159 337863 198.643
14620159 3113945 199.125
14620159 15478829 199.157
14620159 12739513 199.43
14620159 15063843 200.48
14620159 14250715 200.773
14620159 1489341 201.128
14620159 2079773 201.245
14620159 2205130 202.091
14620159 13081048 202.51
14620159 13323316 202.57
14620159 2316968 202.91
14620159 4698822 202.948
14620159 6174605 203.367
14620159 3955200 203.716
14620159 12519009 203.722
14620159 9437533 204.149
14620159 10562871 204.158
14620159 7930885 204.366
14620159 2073178 205.16
14620159 2649198 205.247
14620159 5165684 205.623
14620159 12570188 206.888
14620159 16371326 207.094
14620159 14299012 207.241
14620159 7330697 207.717
14620159 6578936 208.265
14620159 10572849 208.42
14620159 5208421 208.424
14620159 13033980 208.641
14620159 7809543 209.12
14620159 8494196 209.171
14620159 12382220 209.351
14620159 10143233 209.425
14620159 9670425 209.729
14620159 1838146 209.982
14620159 13909532 210.217
14620159 6898553 210.842
14620159 5501538 210.927
14620159 4057048 212.047
14620159 13968018 212.656
14620159 16384135 212.894
14620159 4412149 213.058
14620159 11519107 213.161
14620159 5102848 213.181
14620159 7690807 214.194
14620159 8141013 214.23
14620159 6767791 214.433
14620159 4016717 214.926
14620159 13305480 215.087
14620159 8003730 215.214
14620159 2955373 216.117
14620159 2416279 216.14
7748968 1357667 156.192
7748968 8634023 156.374
7748968 4370712 156.702
7748968 5863165 156.813
7748968 14675085 156.924
7748968 14102350 157.354
7748968 14868396 157.413
7748968 6974635 157.432
7748968 4822450 157.609
7748968 13297203 158.555
7748968 15596793 159.377
7748968 4144372 160.589
7748968 6497078 161.024
7748968 2728820 161.133
7748968 12325478 161.654
7748968 5537138 162.021
7748968 9841401 162.702
7748968 12185412 162.778
7748968 9992957 162.89
7748968 1959587 163.074
7748968 9999729 164.381
7748968 7103661 164.907
7748968 920020 165.013
7748968 5269969 165.024
7748968 9182108 165.131
7748968 6574604 165.23
7748968 6867325 165.307
7748968 10648060 165.485
7748968 6380190 165.947
7748968 4033699 166.082
7748968 5599899 166.318
7748968 8193381 166.566
7748968 10424387 166.783
7748968 11808951 167.084
7748968 9623186 167.792
7748968 15864671 168.11
7748968 1741501 168.288
7748968 6107783 168.677
7748968 7149086 169.031
7748968 14581974 169.236
7748968 16350112 169.242
7748968 16118338 169.392
7748968 7322081 169.75
7748968 1096059 170.426
7748968 14511564 171.059
7748968 789636 171.458
7748968 13364481 171.575
7748968 16021130 171.785
7748968 15884193 171.893
7748968 14491192 172.149
7748968 10965524 172.716
7748968 7927125 174.615
7748968 15708021 174.779
7748968 14380574 175.139
7748968 7762290 175.206
7748968 4538461 175.573
7748968 7239976 175.697
7748968 7807910 175.813
7748968 9829575 176.279
7748968 10603987 177.61
7748968 15171628 177.781
7748968 8082384 178.341
7748968 3746596 178.87
7748968 15888305 178.903
7748968 733528 179.414
7748968 16310972 179.553
7748968 7957155 180.464
7748968 11057084 180.74
7748968 4072608 181.011
7748968 14212014 181.284
7748968 4170414 181.387
7748968 2809382 181.529
7748968 546318 181.988
7748968 7210789 182.529
7748968 6994678 182.725
7748968 7613679 183.082
7748968 6368517 183.675
13366516 15512175 125.102
13366516 986985 125.215
13366516 7746050 125.266
13366516 2315751 125.792
13366516 3347712 125.982
13366516 8186561 126.088
13366516 14750525 126.178
13366516 609276 126.616
13366516 12718870 126.65
13366516 13947549 126.894
13366516 5060644 127.718
13366516 16241129 127.863
13366516 11608941 128.047
13366516 5555175 128.356
13366516 10672931 128.489
13366516 11608800 128.855
13366516 4964069 129.29
13366516 10741673 129.401
13366516 10683737 129.475
13366516 1469554 129.676
13366516 5509480 129.757
13366516 12554141 130.017
13366516 12791959 130.022
13366516 3961240 130.227
13366516 14080504 130.592
13366516 10137556 131.527
13366516 10337036 132.556
13366516 5040874 132.742
13366516 5484793 132.93
13366516 16265048 133.464
13366516 9827416 133.529
13366516 1612156 133.587
13366516 8870368 133.646
13366516 2106321 133.721
13366516 2314882 134.145
13366516 11872945 135.396
13366516 5802588 136.35
13366516 8645421 137.057
13366516 15091674 137.158
13366516 15112178 137.192
13366516 788295 137.783
13366516 15193703 137.852
13366516 15247875 138.328
13366516 8926699 138.711
13366516 2812836 139.604
13366516 662805 140.217
13366516 3557902 140.983
13366516 14196893 141.236
13366516 819971 141.7
13366516 3348209 141.763
13366516 16073878 142.581
13366516 12554846 143.918
13366516 6262261 144.685
13366516 12837003 145.145
13366516 9969574 145.324
13366516 10200412 145.877
13366516 4926206 145.92
13366516 14041495 146.395
13366516 13769630 146.438
13366516 8251072 146.622
13366516 8377952 146.799
13366516 11040384 146.983
13366516 963385 147.136
13366516 1777566 147.464
13366516 2439675 148.319
13366516 5358175 148.358
13366516 16105050 149.021
13366516 2230367 149.914
13366516 2399033 150.844
13366516 8801239 150.846
13366516 1005147 151.07
13366516 11942375 151.078
13366516 13552739 151.201
13366516 5199076 151.288
13366516 6259673 151.339
13366516 8532235 151.563
13366516 1192189 152.979
13366516 16044752 153.222
13366516 16621481 153.548
13366516 12567941 153.82
13366516 15656597 154.046
13366516 12970344 154.076
13366516 4344696 154.302
