15361205 11914092 1.9673
15361205 10474484 2.09706
15361205 7328694 2.57621
15361205 10747330 3.029
15361205 12423791 3.03473
15361205 10586067 3.12118
15361205 16619960 3.28559
15361205 16461458 3.36727
15361205 14459233 3.38499
15361205 5383740 3.69249
15361205 13974216 3.8742
15361205 14983506 4.12139
15361205 12605656 4.46723
15361205 4781550 4.49761
15361205 11492929 4.59062
15361205 11287396 4.69283
15361205 6725840 4.98128
15361205 1876223 5.08103
15361205 11411725 5.34398
15361205 5682525 5.3833
15361205 3763313 5.80915
15361205 550160 5.95762
15361205 7268063 6.3644
15361205 14803276 6.77341
15361205 2402848 6.77745
15361205 8886303 6.8228
15361205 4718484 6.84127
15361205 10666006 6.92732
15361205 1395922 7.17688
15361205 5184887 7.25904
15361205 13273564 7.29905
15361205 11847833 7.42267
15361205 9274008 7.58417
15361205 13653265 7.6833
15361205 1440498 7.77828
15361205 16521133 7.91236
15361205 7067693 8.03223
15361205 404247 8.08895
15361205 12581899 8.4089
15361205 698460 8.46321
15361205 750126 8.47101
15361205 3455521 8.48866
15361205 6284767 8.48869
15361205 9321216 8.49594
15361205 7815724 8.6046
15361205 14835617 8.64583
15361205 6283857 8.8079
15361205 16421044 8.82304
15361205 15493455 9.24259
15361205 15525015 9.60895
15361205 12246308 9.64074
15361205 11489709 9.68632
15361205 6080322 9.76345
15361205 9775557 10.2052
15361205 7185874 10.3261
15361205 14448258 10.6867
15361205 322170 10.8345
15361205 546594 10.9759
15361205 7877177 11.2198
15361205 781592 11.8841
15361205 13626875 12.2213
15361205 3894466 12.2392
15361205 9921080 12.5809
15361205 4148819 12.6667
15361205 12916001 12.9221
15361205 7117496 13.3113
15361205 10421348 13.3589
15361205 2244292 13.5932
15361205 8647657 13.8529
15361205 1667799 13.9096
15361205 5666248 14.1183
15361205 6338419 15.0491
15361205 15968944 15.1122
15361205 1838204 15.1987
15361205 10427980 15.4645
15361205 584931 15.8444
15361205 8868163 16.0061
15361205 11739151 16.1768
15361205 10967211 16.3229
15361205 9564983 16.7302
15361205 60714 16.8811
15361205 12152131 16.8928
3895847 4907278 1.9105
3895847 14876690 2.01761
3895847 8423813 2.16803
3895847 11002017 2.51353
3895847 6278335 2.75695
3895847 7203582 2.7579
3895847 15860887 2.8394
3895847 11525559 2.97319
3895847 8297471 3.11326
3895847 13309058 3.73597
3895847 9438 3.8537
3895847 8508353 4.237
3895847 8791400 4.42594
3895847 599234 4.44718
3895847 6964007 4.58253
3895847 10808871 4.67199
3895847 8672628 4.7049
3895847 14548692 4.91422
3895847 14839106 5.00926
3895847 8289034 5.15506
3895847 6582646 5.23031
3895847 9714389 5.62982
3895847 2897465 5.73304
3895847 4021590 5.90456
3895847 2393864 6.37356
3895847 15336293 6.39892
3895847 1042405 6.75415
3895847 2355004 6.84594
3895847 9752172 6.95265
3895847 13007508 7.11166
3895847 8772619 7.18348
3895847 12065301 7.51559
3895847 3458118 7.53912
3895847 716340 7.65804
3895847 5743089 7.75333
3895847 16360608 7.8517
3895847 7397593 8.04323
3895847 8755801 8.28866
3895847 12678173 8.61748
3895847 745193 8.95203
3895847 1070094 9.379
3895847 4617618 9.58251
3895847 9164680 9.63821
3895847 245424 10.4148
3895847 7110411 10.4413
3895847 3908041 10.6081
3895847 13818085 10.6332
3895847 11415334 11.097
3895847 3741378 11.4417
3895847 16253381 11.5123
3895847 13547001 11.5378
3895847 3155235 11.5579
3895847 16656723 11.5699
3895847 11658703 12.0511
3895847 13815464 12.267
3895847 13096794 12.7339
3895847 1020562 13.067
3895847 13653910 13.1698
3895847 7613312 13.2204
3895847 3479244 13.6108
3895847 1306870 13.6224
3895847 13520156 13.8077
3895847 10109977 14.508
3895847 9935210 14.8759
3895847 866927 14.8976
3895847 5651711 15.0736
3895847 1153630 15.0957
3895847 655489 15.1491
3895847 2407810 15.3069
3895847 4799144 15.3955
3895847 1669050 15.403
3895847 16487056 15.5954
3895847 7549428 15.6064
3895847 15022762 15.8869
3895847 16098584 16.0488
3895847 1415384 17.3234
3895847 5125869 17.4333
3895847 12328417 17.4877
3895847 8699705 17.6068
3895847 356762 17.6696
3895847 3085625 17.8876
3895847 1348324 18.1617
3895847 11307864 78.6513
3895847 12080927 107.325
3895847 1195971 112.897
3895847 12261478 113.053
5693245 9263236 1.59546
5693245 7760078 1.88736
5693245 2976939 1.91618
5693245 15586360 1.9285
5693245 16303408 1.93219
5693245 14438518 1.9636
5693245 5851620 1.98795
5693245 1285035 2.21124
5693245 11332402 2.25543
5693245 16775479 2.3897
5693245 12032812 2.43162
5693245 6830805 2.54484
5693245 10654846 2.58889
5693245 3057675 3.21896
5693245 9962685 3.31689
5693245 7666882 3.69802
5693245 16262051 3.71263
5693245 16142140 3.76281
5693245 9819519 3.88654
5693245 15438095 3.98135
5693245 11293210 4.01298
5693245 8033335 4.20014
5693245 9504823 4.2429
5693245 3379783 4.34405
5693245 12955171 4.38309
5693245 5569512 4.96712
5693245 258050 5.04654
5693245 1025346 5.50627
5693245 8392497 5.64976
5693245 12491277 5.67545
5693245 4567485 5.85565
5693245 9518819 5.92601
5693245 3042545 6.23222
5693245 16439412 6.98969
5693245 4901135 7.20384
5693245 2104100 7.32218
5693245 6978456 7.36742
5693245 2996036 7.48008
5693245 4266925 7.62445
5693245 4515504 7.84638
5693245 349178 7.96263
5693245 962524 8.07048
5693245 1307148 8.16624
5693245 11092139 8.27487
5693245 10334132 8.36225
5693245 4699306 8.52638
5693245 7867081 8.8961
5693245 1872339 9.00509
5693245 11988992 9.01918
5693245 539851 9.0298
5693245 8320600 9.26494
5693245 10287746 9.2742
5693245 4353182 9.45747
5693245 3342843 9.61864
5693245 13836372 9.65969
5693245 13094098 9.90779
5693245 5490788 9.92427
5693245 4591474 9.96144
5693245 12043212 9.9691
5693245 14627825 10.8941
5693245 4307271 11.0304
5693245 4878898 11.1346
5693245 1656361 11.5612
5693245 10830537 11.684
5693245 6984519 11.7168
5693245 15140580 11.8559
5693245 3601725 12.0091
5693245 2334574 12.4075
5693245 3909083 12.4383
5693245 4847977 12.8392
5693245 1162045 13.0187
5693245 256517 13.6004
5693245 5334498 13.667
5693245 13257036 14.0552
5693245 6394114 14.224
5693245 2734150 14.5186
16433386 12603937 1.94329
16433386 3397996 1.94903
16433386 14643820 2.02831
16433386 153402 2.07974
16433386 9064110 2.15665
16433386 4942805 2.47566
16433386 13279088 2.51543
16433386 13195372 2.83879
16433386 12245939 3.1065
16433386 5801339 3.12192
16433386 3270555 3.17181
16433386 13548485 3.24309
16433386 3018267 3.24763
16433386 661752 3.40625
16433386 8515501 3.53888
16433386 16252870 3.82692
16433386 9667250 3.84379
16433386 1521694 4.33924
16433386 3968216 4.35934
16433386 2852407 4.38214
16433386 11137767 4.44754
16433386 1593258 4.46057
16433386 2556856 4.84742
16433386 16010247 5.60972
16433386 2048185 5.68447
16433386 12912807 5.78144
16433386 13859353 6.25935
16433386 14660587 6.38118
16433386 9982851 6.38453
16433386 14715124 6.4057
16433386 7323593 6.40699
16433386 12345728 6.4677
16433386 10314402 6.5056
16433386 6352598 6.65552
16433386 15444292 6.94058
16433386 4223758 6.95042
16433386 16217543 7.86012
16433386 9735135 7.91007
16433386 4800637 8.13379
16433386 10367761 8.55904
16433386 11875346 8.68161
16433386 1998893 9.631
16433386 9637789 9.68545
16433386 13992748 10.2323
16433386 15521053 10.2892
16433386 9710270 10.4118
16433386 13399510 10.4254
16433386 9443085 10.5499
16433386 8368823 10.6576
16433386 6449259 10.6601
16433386 12032250 11.3748
16433386 9188151 11.9696
16433386 11693279 11.9882
16433386 12187920 12.1697
16433386 7089669 12.2638
16433386 546247 12.271
16433386 14745634 12.3233
16433386 15700230 12.4126
16433386 13855809 12.4739
16433386 16372600 12.4756
16433386 924415 12.9533
16433386 4067320 13.3902
16433386 15545820 13.4324
16433386 3637968 13.4648
16433386 13207958 14.1586
16433386 13096634 14.3528
16433386 3849942 14.4502
16433386 2768744 14.535
16433386 5333921 14.7847
16433386 1589170 14.9523
16433386 13389062 15.2924
16433386 5399732 15.3058
16433386 2360997 15.618
16433386 152482 15.7702
16433386 2989862 15.8718
16433386 7461127 16.0629
16433386 13193052 16.2268
16433386 7910951 16.2479
16433386 14340825 16.7474
16433386 10378981 84.9363
16433386 11364160 90.6414
16433386 1155831 95.3426
5883073 1279547 95.5327
5883073 14915489 95.6052
5883073 10415275 95.6145
5883073 5779617 95.6496
5883073 14783337 95.7363
5883073 12337057 95.7606
5883073 2980508 95.8102
5883073 4290728 96.0246
5883073 10384701 96.244
5883073 5547356 96.5419
5883073 11305425 96.5941
5883073 14724251 96.7878
5883073 6418808 96.9814
5883073 9234252 97.0722
5883073 8111603 97.086
5883073 3427759 98.2692
5883073 12129166 99.4835
5883073 4504384 99.5731
5883073 14684386 99.8681
5883073 14714177 100.622
5883073 13262527 100.635
5883073 9055381 101.893
5883073 16382468 102.228
5883073 16772003 102.764
5883073 10533140 103.115
5883073 10739473 104.007
5883073 5230220 105.249
5883073 12675693 105.597
5883073 14738173 105.877
5883073 3541367 105.919
5883073 2992248 106.1
5883073 9383082 106.69
5883073 14700319 107.011
5883073 6929336 107.575
5883073 8398324 108.238
5883073 13740304 108.254
5883073 1550083 108.299
5883073 16394359 108.713
5883073 12272517 108.783
5883073 13637394 109.049
5883073 15776412 110.516
5883073 9098418 110.537
5883073 2395079 110.547
5883073 8832962 110.789
5883073 13546638 110.871
5883073 10418537 111.31
5883073 16308285 111.628
5883073 5442422 112.222
5883073 12929606 112.508
5883073 12010268 112.738
5883073 13273114 113.309
5883073 2372258 114.668
5883073 1884936 115.682
5883073 15760052 115.856
5883073 7777489 116.522
5883073 4427261 116.926
5883073 9716957 117.254
5883073 12315837 117.327
5883073 15443238 118.95
5883073 4912577 119.389
5883073 6375357 119.805
5883073 4237419 119.832
5883073 14163189 121.477
5883073 9971796 121.637
5883073 11643028 121.887
5883073 12525584 122.284
5883073 8127828 122.636
5883073 12211415 123.096
5883073 2234172 123.172
5883073 13480705 123.331
5883073 16412488 123.46
5883073 16372654 123.753
5883073 16469086 123.858
5883073 4787840 123.86
5883073 1398642 124.472
5883073 11558366 124.784
5883073 13654630 124.933
5883073 10729370 126.467
5883073 7167376 126.64
5883073 6982821 126.767
5883073 2387795 127.001
5883073 6623890 127.213
5883073 16218196 128.369
5883073 5366761 128.792
5883073 3949602 128.935
5883073 6243639 129.62
5883073 1837906 130.131
5883073 15122386 130.64
12397339 2474933 131.475
12397339 9696178 131.597
12397339 14664436 132.019
12397339 10771082 132.579
12397339 15139784 132.836
12397339 16573038 133.198
12397339 15264224 133.413
12397339 11884735 133.779
12397339 1715071 134.093
12397339 13463166 134.206
12397339 8193877 134.77
12397339 5575464 135.14
12397339 5690562 135.671
12397339 5609789 135.962
12397339 1957183 136.204
12397339 15054327 136.814
12397339 7501118 136.891
12397339 1901766 137.306
12397339 14929365 137.809
12397339 15388353 137.916
12397339 7264575 138.166
12397339 4964467 138.238
12397339 12010907 139.245
12397339 10420463 140.012
12397339 6023783 141.035
12397339 6723174 141.204
12397339 6366338 141.815
12397339 605161 142.295
12397339 6335866 142.348
12397339 7393709 142.355
12397339 12475154 142.709
12397339 7989617 142.861
12397339 12411122 143.128
12397339 14152653 144.004
12397339 5886852 144.767
12397339 7386022 144.852
12397339 15730699 145.254
12397339 5050600 145.357
12397339 9715476 145.755
12397339 9779939 145.912
12397339 9188184 145.997
12397339 6017090 146.797
12397339 14106561 147.105
12397339 13504312 147.512
12397339 8462028 147.771
12397339 4142951 149.349
12397339 6316764 149.482
12397339 14987325 149.486
12397339 1135134 149.899
12397339 12648858 150.435
12397339 2112681 150.797
12397339 12783116 151.039
12397339 2290330 151.11
12397339 2554250 151.648
12397339 9548453 151.91
12397339 10240777 151.933
12397339 15659879 152.093
12397339 10947782 152.315
12397339 13008012 152.412
12397339 13618350 152.759
12397339 14950530 152.828
12397339 665632 153.2
12397339 11005971 153.268
12397339 4984584 153.931
12397339 14302698 153.96
12397339 3282742 154.511
12397339 7128136 154.527
12397339 1528313 155.106
12397339 6914433 155.242
12397339 4883075 155.327
12397339 7799307 156.449
12397339 2751102 157.15
12397339 940125 157.177
12397339 14373164 157.267
12397339 12557819 157.39
12397339 8997642 157.717
14620159 14886137 1.86936
14620159 16622316 2.13388
14620159 4411339 2.34796
14620159 10926302 2.44095
14620159 12340843 3.22247
14620159 12680201 3.98941
14620159 1013645 3.99097
14620159 10070881 4.13521
14620159 491773 4.37062
14620159 8613585 4.44377
14620159 6893063 4.65955
14620159 6564488 5.35421
14620159 4952256 6.45646
14620159 704042 6.85535
14620159 15828918 7.11433
14620159 15555696 7.45869
14620159 7550042 7.84109
14620159 2605448 8.08471
14620159 2377969 8.96958
14620159 13519407 9.46112
14620159 8108491 10.8001
14620159 14681903 11.4784
14620159 4637438 11.7329
14620159 7527469 13.3182
14620159 9751223 13.4459
14620159 10285903 13.6556
14620159 7169176 14.1303
14620159 3594550 14.4104
14620159 16592293 14.4292
14620159 337863 15.1887
14620159 3113945 15.6701
14620159 15478829 15.7019
14620159 12739513 15.9749
14620159 15063843 17.0252
14620159 14250715 17.318
14620159 1489341 17.6733
14620159 2079773 17.7899
14620159 2205130 18.6359
14620159 13081048 19.0558
14620159 13323316 19.1158
14620159 2316968 19.4555
14620159 4698822 19.4929
14620159 6174605 19.9128
14620159 3955200 20.2611
14620159 12519009 20.2672
14620159 9437533 20.6948
14620159 10562871 20.7036
14620159 7930885 20.9115
14620159 2073178 21.7052
14620159 2649198 21.7922
14620159 5165684 22.1688
14620159 12570188 23.4338
14620159 16371326 23.6391
14620159 14299012 23.7868
14620159 7330697 24.2624
14620159 6578936 24.81
14620159 10572849 24.9655
14620159 5208421 24.9697
14620159 13033980 25.186
14620159 7809543 25.6654
14620159 8494196 25.7163
14620159 12382220 25.8963
14620159 10143233 25.9705
14620159 9670425 26.2745
14620159 1838146 26.5275
14620159 13909532 26.7622
14620159 6898553 27.3872
14620159 5501538 27.472
14620159 4057048 28.5928
14620159 13968018 29.2012
14620159 16384135 29.4397
14620159 4412149 29.6033
14620159 11519107 29.7064
14620159 5102848 29.7258
14620159 7690807 30.7397
14620159 8141013 30.7758
14620159 6767791 30.9783
14620159 4016717 31.4716
14620159 13305480 31.6328
14620159 8003730 31.7594
14620159 2955373 32.6621
14620159 2416279 32.6852
5166767 9605743 1.79832
5166767 11090873 2.29065
5166767 6587668 2.40359
5166767 1479399 3.09293
5166767 11840816 3.28525
5166767 3267337 4.04025
5166767 3311646 4.39847
5166767 6167925 4.40316
5166767 14949341 4.57972
5166767 7435927 5.06996
5166767 15163976 5.344
5166767 6019077 5.65132
5166767 9012240 5.69041
5166767 3316382 6.10789
5166767 2459789 6.26386
5166767 3754436 6.34248
5166767 11345735 6.42441
5166767 3230807 6.66583
5166767 14179924 6.81118
5166767 4394799 7.36384
5166767 10620591 7.89222
5166767 1177154 7.92545
5166767 11293120 8.03781
5166767 905586 8.15268
5166767 454482 8.82968
5166767 7993914 9.96223
5166767 1751861 10.0449
5166767 10272942 10.0718
5166767 16237089 10.4464
5166767 16759389 11.3
5166767 736611 11.3351
5166767 7576817 11.622
5166767 16545663 11.9079
5166767 1261440 11.9192
5166767 5996099 12.2058
5166767 1110790 12.3199
5166767 5112669 13.7318
5166767 15265103 13.9238
5166767 10981075 14.0897
5166767 16279164 14.6824
5166767 12617057 15.0678
5166767 3234014 15.327
5166767 377414 15.4418
5166767 13640337 15.9451
5166767 8686830 16.608
5166767 16617762 16.6382
5166767 1538887 16.6511
5166767 13043936 17.0776
5166767 894742 17.4255
5166767 7431061 17.6408
5166767 1132511 17.7357
5166767 5220793 17.8965
5166767 7028611 17.916
5166767 6167642 18.4453
5166767 9949863 18.5304
5166767 4109863 19.2249
5166767 16670240 19.818
5166767 9859788 20.6797
5166767 11745610 20.7044
5166767 6468816 21.0375
5166767 6254665 22.1609
5166767 4446642 22.6436
5166767 10411812 22.6816
5166767 16534618 22.9938
5166767 8297690 23.7083
5166767 6192315 23.7096
5166767 8657308 24.3278
5166767 15126625 24.6188
5166767 15386413 24.8126
5166767 12129959 25.0337
5166767 2533392 25.2591
5166767 16587824 25.8579
5166767 1548972 26.0723
5166767 6398995 26.7743
5166767 14272156 172.219
5166767 14648046 175.888
5166767 15400003 305.588
5166767 14883620 305.774
3765899 11657202 1.53397
3765899 2225792 1.83505
3765899 5721214 1.93801
3765899 15233978 2.11903
3765899 9130617 2.22082
3765899 3752859 2.31313
3765899 6186707 2.61984
3765899 9824493 3.29051
3765899 3634717 3.71859
3765899 11964089 4.58261
3765899 15072511 6.14181
3765899 11200161 6.90423
3765899 13837419 7.1038
3765899 6967534 7.2323
3765899 2240007 7.36609
3765899 4579239 8.13815
3765899 10757450 8.28799
3765899 3944880 8.71437
3765899 16204639 9.08822
3765899 3664362 9.13881
3765899 2268262 9.46449
3765899 8170376 9.47128
3765899 4825010 9.71388
3765899 5139287 9.73783
3765899 10463372 10.6092
3765899 13940592 11.4788
3765899 9256073 13.092
3765899 4115525 13.4623
3765899 11381438 13.4703
3765899 11869513 13.8926
3765899 10971424 15.634
3765899 8322477 15.7886
3765899 13779590 16.3224
3765899 13923679 17.2466
3765899 9009533 18.2303
3765899 9475445 18.472
3765899 4277561 18.9374
3765899 16721601 19.1351
3765899 14304984 19.2524
3765899 9957286 19.2549
3765899 2475444 19.3605
3765899 12310184 20.1487
3765899 1877285 20.3334
3765899 13801474 20.3694
3765899 7101939 20.5829
3765899 7224200 20.9196
3765899 13549725 21.0449
3765899 1047420 21.4122
3765899 5141788 21.5385
3765899 10587858 21.6841
3765899 16030110 21.7585
3765899 3166765 22.1301
3765899 1009405 22.3952
3765899 302752 22.4511
3765899 6995027 23.3208
3765899 16442158 24.1376
3765899 7573126 24.6367
3765899 16554593 25.1511
3765899 2450627 25.2787
3765899 647301 25.3244
3765899 7748900 26.5649
3765899 9045116 27.1669
3765899 16050306 27.4151
3765899 15369507 28.083
3765899 2515841 28.1622
3765899 6094485 28.664
3765899 8496452 29.2407
3765899 3837028 29.4725
3765899 14279847 30.6515
3765899 15426960 30.7853
3765899 12637685 32.769
3765899 16508755 33.686
3765899 13045753 33.8968
3765899 732299 34.2559
3765899 4663521 34.5402
3765899 15954130 35.4584
4902680 1380578 1.86722
4902680 3731173 2.14068
4902680 2902430 3.57234
4902680 7316700 3.69737
4902680 10003989 3.72795
4902680 15804882 3.91455
4902680 1065879 5.04811
4902680 15588639 5.16815
4902680 10978500 5.25425
4902680 13027549 5.27083
4902680 13927547 5.43409
4902680 11983714 5.5382
4902680 11268583 5.63885
4902680 13215194 5.98813
4902680 14893833 6.70632
4902680 10129024 6.87526
4902680 5651180 7.73394
4902680 14665722 7.75538
4902680 7901503 7.9939
4902680 10886187 8.56122
4902680 7942164 9.07885
4902680 12448409 9.46848
4902680 13082015 10.3867
4902680 5527206 10.602
4902680 4454434 10.7127
4902680 4422988 10.9299
4902680 8204941 10.9421
4902680 11184665 11.0919
4902680 15590393 12.9276
4902680 4143871 13.2575
4902680 4210060 13.8744
4902680 5742460 13.9811
4902680 1975858 14.5482
4902680 15754594 15.4384
4902680 7332072 15.4591
4902680 13244377 15.4675
4902680 3368938 15.6108
4902680 2672234 16.1239
4902680 12268003 16.1948
4902680 10553284 16.3791
4902680 1595246 17.0048
4902680 13881669 17.3236
4902680 9170690 17.5671
4902680 3444003 17.6503
4902680 1019576 17.8795
4902680 1532041 18.2389
4902680 14429068 18.5203
4902680 12045505 19.4178
4902680 13216241 19.5369
4902680 4029250 19.6537
4902680 3267352 20.5451
4902680 7738615 21.2044
4902680 16139358 21.6268
4902680 8935499 21.8926
4902680 15587277 22.6663
4902680 221992 23.1745
4902680 3789052 23.9222
4902680 9997962 24.0316
4902680 13971803 25.3338
4902680 124260 25.6965
4902680 12886487 26.3565
4902680 4245747 26.5779
4902680 592322 26.7076
4902680 8339437 26.9433
4902680 3136963 27.2599
4902680 8129758 27.2637
4902680 15016745 27.779
4902680 12333844 27.9883
4902680 10599953 28.4893
4902680 4446011 28.8007
4902680 9462400 30.6381
4902680 9011146 31.2979
4902680 10087207 32.441
4902680 3051511 32.5855
4902680 2604570 32.9199
4902680 15030800 33.3317
4902680 5811972 33.6742
4902680 10133484 34.0542
11042914 9310925 1.78296
11042914 12452014 1.87149
11042914 13367379 2.12012
11042914 14415021 2.38172
11042914 14019843 3.43411
11042914 16242001 3.56626
11042914 11416529 3.68157
11042914 12494798 4.07868
11042914 15527461 4.19869
11042914 5643195 4.36475
11042914 6601437 4.41597
11042914 1621008 4.58034
11042914 12912917 4.70758
11042914 396996 4.88172
11042914 12106635 5.21776
11042914 10791886 5.29508
11042914 8142249 5.48874
11042914 6079773 6.05835
11042914 2211420 6.1301
11042914 7550999 7.95655
11042914 6500541 8.41593
11042914 3837785 8.70563
11042914 16358532 8.7075
11042914 11445778 8.80175
11042914 1469925 9.70781
11042914 14299020 10.1862
11042914 899773 10.5614
11042914 7657333 11.0926
11042914 6535028 11.2997
11042914 3296502 11.7001
11042914 7302353 11.7475
11042914 6914741 11.9222
11042914 11519360 12.4924
11042914 5019372 12.722
11042914 505152 12.8673
11042914 6586460 12.9282
11042914 863603 13.3361
11042914 3152681 13.5533
11042914 9069841 14.0912
11042914 2677567 14.1464
11042914 9033961 14.6532
11042914 4364076 15.0635
11042914 12587730 15.2366
11042914 10320306 15.9751
11042914 12665484 16.0231
11042914 5184337 16.2274
11042914 5414365 16.668
11042914 15589601 17.4642
11042914 14672769 17.5751
11042914 3975772 17.7984
11042914 7504976 18.4814
11042914 2332103 18.5196
11042914 4833482 19.164
11042914 13750095 19.3653
11042914 10300035 19.715
11042914 14859725 21.0765
11042914 5291288 21.632
11042914 9652493 21.7232
11042914 8220935 22.6656
11042914 14131748 22.9339
11042914 4715326 23.9273
11042914 16199808 23.9277
11042914 8235522 24.0276
11042914 7656137 24.4016
11042914 15165240 24.473
11042914 8079461 24.7504
11042914 12028303 25.08
11042914 12246621 25.3824
11042914 10712545 25.7793
11042914 2137448 25.9028
11042914 2102931 26.0145
11042914 6426221 26.0343
11042914 2542519 26.2419
11042914 11659040 26.4532
11042914 9532622 27.1931
11042914 11026442 27.2683
11042914 3992323 28.1601
11042914 2173988 28.1808
11042914 3221842 28.5121
11042914 6896798 28.5757
11051267 9385324 1.93786
11051267 1053823 3.04373
11051267 3638502 3.07975
11051267 14484511 3.79778
11051267 1801565 3.94077
11051267 7905958 4.66916
11051267 73541 4.79225
11051267 11485522 5.13542
11051267 15906795 5.18119
11051267 12839286 5.26004
11051267 8405889 5.28698
11051267 322347 5.32223
11051267 14158844 5.53561
11051267 9685351 5.91964
11051267 3518640 5.92171
11051267 10138164 6.09135
11051267 181441 6.90863
11051267 7040569 7.22059
11051267 4653137 7.32834
11051267 15157219 8.04907
11051267 10147717 8.90567
11051267 9343778 9.30389
11051267 4215078 9.46425
11051267 9661202 9.5745
11051267 2490418 9.62338
11051267 6448382 10.1361
11051267 9324094 10.8245
11051267 1307385 11.0658
11051267 1215627 11.6123
11051267 11255785 11.9431
11051267 13148464 12.3268
11051267 16034123 12.3689
11051267 1428977 13.3082
11051267 8724490 13.7038
11051267 7908087 13.8512
11051267 10835444 13.9267
11051267 8219839 13.9979
11051267 13743586 14.4184
11051267 3485331 14.542
11051267 12028650 15.4719
11051267 7112931 15.6242
11051267 9876277 15.7119
11051267 16584413 15.9907
11051267 11729868 16.2955
11051267 6668471 16.4292
11051267 9549914 16.5878
11051267 8715158 17.3901
11051267 14560651 17.4145
11051267 2835330 18.0858
11051267 12160534 18.1856
11051267 8065180 19.1121
11051267 925163 19.3395
11051267 3241904 19.6652
11051267 5017663 20.0164
11051267 2412274 20.2814
11051267 9276182 20.5675
11051267 9956038 20.8292
11051267 11498550 20.9721
11051267 1364783 20.9824
11051267 16055896 21.8509
11051267 16310882 22.0922
11051267 7815586 22.535
11051267 12432880 22.8338
11051267 1632409 23.3276
11051267 7876249 23.4075
11051267 3699511 26.2197
11051267 14274709 26.3395
11051267 5313022 26.349
11051267 16265996 26.4759
11051267 8899348 26.9385
11051267 1193735 27.1708
11051267 565090 27.7302
11051267 4422466 28.0839
11051267 4424376 28.4666
11051267 13633480 28.471
11051267 12882114 28.4898
11051267 14212967 28.7823
3783430 15301610 5.17688
3783430 12505395 5.29979
3783430 16674673 5.37161
3783430 9853022 6.50795
3783430 11386198 6.97714
3783430 11707677 7.56705
3783430 10839591 7.57646
3783430 2075951 7.5999
3783430 7366441 7.74508
3783430 7322962 7.87547
3783430 9222861 7.94914
3783430 2950784 8.98688
3783430 8919530 9.64748
3783430 16031650 9.68851
3783430 11939006 10.2251
3783430 15277462 10.3333
3783430 5642590 11.7009
3783430 2661652 11.7177
3783430 11735972 11.9342
3783430 10115187 12.1391
3783430 907264 12.8237
3783430 11990248 12.947
3783430 8535090 13.4711
3783430 2262013 13.7242
3783430 8276956 14.0846
3783430 16240235 14.1826
3783430 6085409 14.4904
3783430 16690110 14.6366
3783430 14291784 15.1155
3783430 12397811 15.2249
3783430 9399283 15.438
3783430 15466811 15.6145
3783430 10159743 15.6858
3783430 1020248 15.8369
3783430 14938129 15.8771
3783430 7250600 16.527
3783430 924487 17.9853
3783430 5623292 18.2276
3783430 16300007 18.3977
3783430 10013523 18.6579
3783430 13686590 18.8233
3783430 4035153 19.2611
3783430 3153773 19.4109
3783430 13544752 19.5924
3783430 5952052 19.6634
3783430 13838056 19.7642
3783430 15054346 20.0708
3783430 5754768 20.394
3783430 8682103 20.9254
3783430 1457465 21.7309
3783430 15065156 21.7509
3783430 3241732 22.0999
3783430 3325990 24.6157
3783430 5842350 24.8078
3783430 386264 25.0851
3783430 14785852 25.2867
3783430 3239955 26.034
3783430 9804985 26.1036
3783430 5960771 26.8214
3783430 9422468 27.3856
3783430 8989255 27.787
3783430 16672406 28.0668
3783430 3680120 28.3269
3783430 5512352 28.7242
3783430 3199018 29.0605
3783430 12133255 29.4697
3783430 1817814 29.8174
3783430 13364691 30.0823
3783430 5559548 30.2367
3783430 16204053 30.2547
3783430 14428177 30.5829
3783430 8955151 31.3952
3783430 867765 31.4066
3783430 16534596 31.4704
3783430 2009436 31.9852
3783430 8505472 32.3244
3783430 1100423 32.4485
3783430 13312315 32.5339
3783430 16122002 32.7555
3783430 15222719 32.9344
3783430 8797289 32.9713
3783430 12381281 33.3899
3783430 14034758 33.4575
3783430 11786075 33.6696
3783430 5507287 33.6957
3783430 3395481 34.0894
3783430 9483678 34.2361
3783430 15565427 34.3516
3783430 15235662 34.357
3783430 14740513 34.5214
3783430 10788290 34.8304
3783430 12708879 35.1475
3783430 4229914 35.2043
3783430 6112879 35.3348
3783430 15590734 35.3727
3783430 426136 35.7497
3783430 8031458 35.7632
3783430 10518358 35.8162
3783430 16089294 36.1075
3783430 2307 36.6909
3783430 9236510 36.816
3783430 16224961 36.8252
3783430 16266748 36.8739
3783430 4424398 37.2017
3783430 13775766 37.3561
3783430 7059405 37.3562
3783430 4984706 37.6784
3783430 299119 37.8741
3783430 14457673 38.3705
3783430 37676 38.5593
3783430 1011786 38.7218
3783430 12017029 39.027
3783430 5777901 39.6243
3783430 9951757 39.8933
3783430 9747493 40.174
3783430 8003016 40.323
3783430 10681090 40.5156
3783430 7573221 40.5942
3783430 489145 40.6028
3783430 9232264 161.774
3609048 9585217 1.25043
3609048 10429459 1.29646
3609048 11655682 1.30239
3609048 3163942 1.59785
3609048 10242400 1.85262
3609048 3196924 1.96381
3609048 11659179 2.11692
3609048 7078766 2.29602
3609048 16255160 2.48607
3609048 15075102 2.49863
3609048 5954899 2.6869
3609048 2311811 2.73114
3609048 10825525 2.9122
3609048 8831867 3.08146
3609048 2066377 3.21797
3609048 11272531 4.00217
3609048 601103 4.15394
3609048 1689861 4.79646
3609048 11622480 5.02833
3609048 6183044 5.16458
3609048 775638 5.27535
3609048 14718510 5.48051
3609048 7024537 5.60006
3609048 2260220 5.80436
3609048 15032120 5.89246
3609048 1552143 5.91464
3609048 10326656 6.13157
3609048 9501654 6.16324
3609048 7789851 6.17295
3609048 15291353 6.47208
3609048 8068438 6.58161
3609048 14246209 6.72488
3609048 12467531 6.80103
3609048 15620310 6.92174
3609048 2421408 7.5506
3609048 2079464 7.73522
3609048 1728825 7.94345
3609048 13137786 8.24621
3609048 11233159 8.43146
3609048 9014595 8.97702
3609048 11925526 9.16804
3609048 2551644 9.46021
3609048 9136199 9.48616
3609048 14144792 9.56861
3609048 14308590 9.59977
3609048 11052206 9.80382
3609048 2348967 9.8323
3609048 16143474 10.0768
3609048 13971945 10.395
3609048 808160 10.7611
3609048 11515622 11.0718
3609048 12020953 11.1102
3609048 16579956 11.4522
3609048 780035 11.9033
3609048 16050282 11.9336
3609048 13671992 12.2662
3609048 16638010 12.4369
3609048 9452198 12.5287
3609048 1867257 12.688
3609048 7233205 12.7735
3609048 3237635 13.848
3609048 4179860 14.1442
3609048 3935984 14.195
3609048 3554414 14.2559
3609048 3863232 15.0947
3609048 12372554 15.3452
3609048 6986092 15.4557
3609048 2972727 15.5003
3609048 16060092 15.5481
3609048 4414905 15.588
3609048 14554779 15.7324
3609048 12834834 16.403
3609048 8178122 16.4502
3609048 4751561 16.9307
3609048 1763149 17.2108
3609048 4358418 17.2665
3609048 14232530 17.4496
3609048 14472838 17.554
3609048 4645402 17.6489
3609048 10092786 70.1262
9660521 14024178 1.73726
9660521 4933742 1.77288
9660521 22488 1.88861
9660521 5873959 2.05853
9660521 13661109 2.18032
9660521 4805114 2.52984
9660521 10762294 2.55972
9660521 4776425 2.69375
9660521 2700860 3.0696
9660521 14398013 3.17031
9660521 2088334 3.29325
9660521 4590053 3.34671
9660521 5352010 3.58064
9660521 14915738 3.73106
9660521 10989208 3.82336
9660521 9702562 4.1667
9660521 5491096 4.19077
9660521 6275372 4.26771
9660521 4253836 4.38108
9660521 5615349 4.66304
9660521 5953613 4.82354
9660521 6623511 4.91522
9660521 13602372 5.30445
9660521 12277450 5.59453
9660521 5917141 6.30111
9660521 10409605 6.46939
9660521 2331918 6.74543
9660521 3802284 6.79012
9660521 2822513 6.90441
9660521 12326394 7.00771
9660521 3927288 7.24919
9660521 14316664 7.26299
9660521 7182103 7.35796
9660521 3050146 7.47478
9660521 15331503 7.54792
9660521 15893254 7.63184
9660521 10132108 7.63735
9660521 10457351 8.42958
9660521 10157932 8.55626
9660521 142066 8.82085
9660521 14446415 8.82919
9660521 10870034 8.86399
9660521 9041635 9.09248
9660521 2166750 9.10739
9660521 8014622 9.47608
9660521 15774050 9.89892
9660521 14317533 9.92566
9660521 7260102 10.3985
9660521 1304487 10.4554
9660521 3753220 10.5236
9660521 13911951 11.2036
9660521 7974835 11.5526
9660521 12396974 11.6377
9660521 13995373 12.0123
9660521 539302 12.5715
9660521 16283479 12.6255
9660521 7791006 12.7991
9660521 12651963 12.9512
9660521 14463400 13.3543
9660521 15995216 13.7902
9660521 5864857 13.8361
9660521 8731447 14.2714
9660521 12586425 14.3389
9660521 15395151 14.3591
9660521 314842 14.6487
9660521 5104426 15.0793
9660521 12259082 15.3311
9660521 6201745 15.8839
9660521 5496990 16.0158
9660521 9002311 16.1637
9660521 5145895 16.4527
9660521 7283052 16.4873
9660521 13876837 16.6575
9660521 6811908 16.8609
9660521 12575788 16.9053
9660521 8938006 17.1391
9660521 3750057 17.553
9660521 13039484 19.0114
9660521 8801807 19.142
9660521 2845189 19.2005
9660521 7889720 19.3417
9660521 12825012 19.4773
9660521 6936127 19.4996
9660521 6485893 19.8349
9660521 5711623 20.0992
9660521 3319528 20.2793
4859321 6186872 1.98526
4859321 12684085 2.06617
4859321 6722124 2.23303
4859321 1199107 2.62021
4859321 10978243 2.6496
4859321 3977378 2.6581
4859321 14761188 2.7516
4859321 9072683 2.76301
4859321 1924234 2.92385
4859321 13024890 3.13119
4859321 12467323 3.23653
4859321 15032033 3.31037
4859321 2680926 3.4854
4859321 9762190 3.49717
4859321 6896128 3.62095
4859321 15251315 3.94903
4859321 12198623 4.06377
4859321 6984723 4.15114
4859321 12720035 4.45889
4859321 4287232 4.48271
4859321 15516111 4.71917
4859321 15832835 4.90748
4859321 645860 5.0467
4859321 8598585 5.27695
4859321 8575336 5.44676
4859321 2962663 5.46735
4859321 1140312 5.51004
4859321 16744374 5.78097
4859321 1790869 6.39372
4859321 11707959 6.51388
4859321 16359465 6.64616
4859321 9198654 6.79444
4859321 3472258 6.80354
4859321 9577930 7.3178
4859321 13446707 7.51805
4859321 2310241 7.74493
4859321 1625566 7.77618
4859321 3619492 7.78661
4859321 12810443 8.01285
4859321 11003421 8.36855
4859321 2687329 8.4082
4859321 2445687 8.44211
4859321 16337254 8.70273
4859321 7146245 8.73404
4859321 7475056 8.73817
4859321 7945317 8.8483
4859321 14167283 9.17842
4859321 5919367 9.26257
4859321 13452648 9.45665
4859321 1619527 9.61132
4859321 14012717 10.1181
4859321 8888149 10.2307
4859321 8565228 10.2321
4859321 5518417 10.2883
4859321 7859410 10.3869
4859321 971521 10.642
4859321 4009108 10.7384
4859321 4777493 10.8699
4859321 3554994 11.0255
4859321 6218347 11.3669
4859321 3038061 11.4617
4859321 15617268 11.5215
4859321 13978902 11.6877
4859321 6948655 11.6916
4859321 14328131 11.7614
4859321 8714949 12.1147
4859321 968504 12.3553
4859321 6901214 13.0541
4859321 5196063 13.0897
4859321 1862632 13.3276
4859321 15309314 13.3369
4859321 10563416 20.6979
4859321 7192247 13.8698
4859321 13419972 14.3986
4859321 8290843 14.4278
4859321 9542930 14.4797
4859321 4880109 14.9022
4859321 10734305 15.1638
4859321 2703559 15.2141
4859321 9278261 15.3939
4859321 11160353 15.6776
4859321 5476575 16.7396
4859321 15754604 17.0147
13384228 13848178 1.97852
13384228 2895357 1.97852
13384228 2933189 1.97852
13384228 569260 1.97852
13384228 10111696 1.97852
13384228 12503169 1.97852
13384228 541588 1.97852
13384228 6669671 1.97852
13384228 4278070 1.97852
1811052 4802650 1.28277
1811052 15334396 1.372
1811052 5966319 1.63313
1811052 9426064 1.75704
1811052 7340196 1.88608
1811052 15688030 2.36117
1811052 4563994 2.40116
1811052 6916550 2.45856
1811052 9035142 2.55181
1811052 4602915 2.78061
1811052 3770597 2.79672
1811052 12481370 3.17109
1811052 2760629 3.32197
1811052 7367497 3.4272
1811052 10947019 3.84572
1811052 11590005 3.98375
1811052 420658 4.29857
1811052 2522811 4.32286
1811052 3462086 4.89412
1811052 9080474 5.28004
1811052 1767005 5.31093
1811052 462033 5.32462
1811052 14430340 5.60123
1811052 3522632 5.82221
1811052 4107054 5.98371
1811052 12010539 6.26467
1811052 10141765 6.42839
1811052 11084484 6.51217
1811052 15595206 6.76513
1811052 2411337 7.08298
1811052 13904723 7.28228
1811052 10933084 7.32033
1811052 15194992 7.6366
1811052 16164619 7.80895
1811052 6739732 8.12176
1811052 7860871 8.19741
1811052 10988599 8.31501
1811052 6306163 8.37333
1811052 11472057 8.63419
1811052 5318836 8.67645
1811052 15989958 8.76277
1811052 2648624 9.03412
1811052 1898382 9.16749
1811052 15864947 9.43152
1811052 10156866 9.4872
1811052 8952138 9.55793
1811052 666307 9.61085
1811052 16372781 10.1921
1811052 4666732 10.3371
1811052 2161681 11.1887
1811052 4756798 11.5083
1811052 10478114 11.6191
1811052 12420907 12.0137
1811052 10400594 12.0533
1811052 13579370 12.5325
1811052 4645289 12.623
1811052 7322016 12.687
1811052 799206 12.9361
1811052 12773357 12.967
1811052 7247787 13.3005
1811052 5498528 13.4399
1811052 13581936 13.5304
1811052 9658842 13.6668
1811052 12092608 13.722
1811052 11285157 13.7767
1811052 2085275 13.8985
1811052 4385057 14.4494
1811052 12225752 14.6187
1811052 11631912 15.2201
1811052 14392829 15.2263
1811052 12963073 15.2298
1811052 12333169 15.3396
1811052 2127822 15.4495
1811052 214968 16.0949
1811052 16726445 17.0122
1811052 5368814 17.3449
1811052 7983364 17.4013
1811052 6257824 17.5329
11883272 16693954 1.49154
11883272 5895902 1.83846
11883272 645067 1.94888
11883272 12314597 2.10965
11883272 16698867 2.18938
11883272 7712241 2.19673
11883272 139899 2.63456
11883272 12154605 2.67513
11883272 6381635 2.93482
11883272 16240309 2.96131
11883272 12484819 3.13493
11883272 2546018 3.31887
11883272 15870102 3.36502
11883272 6663862 3.52885
11883272 10219531 3.92842
11883272 5356909 4.01427
11883272 4669800 4.55396
11883272 5010355 4.72693
11883272 16749159 4.75372
11883272 3568018 4.8185
11883272 7345771 5.28394
11883272 8683570 5.74096
11883272 8675192 5.9728
11883272 8834751 6.08222
11883272 11292645 6.18374
11883272 12742482 6.39559
11883272 10389072 6.6947
11883272 5893193 6.75118
11883272 15327556 6.79911
11883272 9720375 6.90783
11883272 1818881 6.98609
11883272 15144862 7.05414
11883272 14952140 7.23205
11883272 11748423 7.36284
11883272 7730209 7.84623
11883272 15092627 8.07297
11883272 16893 8.44913
11883272 13051093 8.66126
11883272 8682581 8.77251
11883272 13142337 9.27207
11883272 6649936 9.43822
11883272 1008848 9.48377
11883272 14661357 9.52274
11883272 312886 9.63865
11883272 2380584 9.71508
11883272 10874917 9.73042
11883272 10388371 9.89604
11883272 8572822 10.0338
11883272 121821 10.055
11883272 6519330 10.0759
11883272 6614206 10.1512
11883272 14675966 10.4916
11883272 10715879 10.7394
11883272 10422034 11.0925
11883272 3844484 11.1818
11883272 80869 11.1997
11883272 1548575 11.4376
11883272 4898022 11.4911
11883272 9074617 11.5017
11883272 8414500 11.806
11883272 6589495 11.9256
11883272 15312890 12.0771
11883272 12549305 12.1046
11883272 5407663 12.5368
11883272 5725484 12.5444
11883272 8921099 12.8273
11883272 4608608 13.2749
11883272 6735135 13.5192
11883272 1730062 13.7061
11883272 4931693 13.9004
11883272 6476005 13.9659
11883272 963654 14.1513
11883272 2827509 14.5825
11883272 9935071 14.7794
11883272 8109981 15.0558
11883272 2706876 15.2438
11883272 14188687 15.4419
11883272 3645551 15.4855
11883272 1578830 15.6836
5761421 4290270 1.78969
5761421 6726377 2.14413
5761421 7767741 3.16119
5761421 6266989 3.18599
5761421 922947 3.31763
5761421 2659332 3.33732
5761421 15300922 3.34682
5761421 3728654 3.47929
5761421 6805464 3.62055
5761421 7988486 3.83582
5761421 7534965 4.03757
5761421 3915880 4.07716
5761421 7235653 4.31277
5761421 11864035 4.54885
5761421 13755969 4.58663
5761421 300526 4.82616
5761421 8535266 4.90533
5761421 15954288 5.06714
5761421 16517136 5.18377
5761421 11541856 5.31284
5761421 16551575 5.36891
5761421 2977090 5.49474
5761421 13463281 5.64027
5761421 2606850 5.69614
5761421 13549947 5.74191
5761421 9283300 6.33802
5761421 6858104 6.3516
5761421 9616401 6.47626
5761421 6506296 6.53541
5761421 8952839 6.77181
5761421 11955014 7.31732
5761421 15727016 7.52351
5761421 13944556 7.5662
5761421 213250 7.6291
5761421 5749497 7.65795
5761421 11147931 7.738
5761421 5832342 7.96462
5761421 10326106 8.01805
5761421 8238866 8.61801
5761421 12762501 8.88467
5761421 15628692 9.10154
5761421 9641834 9.43274
5761421 8308589 9.53635
5761421 14041953 9.63671
5761421 10392279 9.65945
5761421 6791880 9.95244
5761421 9074194 10.1703
5761421 11868014 10.1809
5761421 570573 10.2496
5761421 2962036 10.8092
5761421 15993872 10.979
5761421 11807560 11.4103
5761421 14630319 11.8766
5761421 15514038 11.966
5761421 13325852 12.4063
5761421 5944004 12.601
5761421 9587416 12.8055
5761421 4771975 13.0664
5761421 14563055 13.1838
5761421 7209199 13.6371
5761421 11596736 13.876
5761421 5759341 13.8941
5761421 5025075 14.002
5761421 12838168 14.4345
5761421 4014326 14.475
5761421 9848580 15.143
5761421 2534959 16.2812
5761421 9449218 16.2974
5761421 11321267 16.4333
5761421 9586779 17.0274
5761421 8843465 17.0898
5761421 4905226 17.1243
5761421 8546510 17.3406
5761421 321096 17.4359
5761421 8603635 17.598
5761421 14450173 17.6259
5761421 5820936 18.0531
5761421 11002297 102.561
5761421 11266893 104.698
5761421 10646458 104.698
11222674 13075803 1.73522
11222674 6451358 1.93079
11222674 15079871 2.02477
11222674 2529163 2.42405
11222674 7989872 2.48927
11222674 5364553 2.94846
11222674 5489634 3.1918
11222674 1218053 3.22788
11222674 13284356 3.29941
11222674 10359759 4.00677
11222674 5818018 4.94214
11222674 9668483 5.40723
11222674 7260432 5.41557
11222674 12271426 5.50826
11222674 15643723 5.68805
11222674 14756877 5.81943
11222674 12207453 5.88388
11222674 9269262 5.88932
11222674 15104698 6.0569
11222674 2180681 6.10406
11222674 15473521 6.515
11222674 8547147 6.86024
11222674 9022623 7.10332
11222674 9581974 7.11386
11222674 2296911 7.4696
11222674 10447843 7.66392
11222674 13236223 7.84064
11222674 109389 8.05763
11222674 14155962 8.16421
11222674 2412367 8.39714
11222674 12865683 8.42298
11222674 13213347 9.10993
11222674 951358 9.46613
11222674 14624648 9.78686
11222674 8866622 10.1196
11222674 5397881 10.1649
11222674 8113715 10.1946
11222674 11615722 10.5361
11222674 7321164 10.7849
11222674 9935364 10.8997
11222674 6475271 11.1998
11222674 5024976 11.3123
11222674 8435347 11.8837
11222674 5215047 13.1629
11222674 9148887 13.1955
11222674 9707328 13.2299
11222674 1942639 13.3296
11222674 10516812 13.9508
11222674 14737829 14.1157
11222674 11131123 14.1982
11222674 8010277 14.2011
11222674 11166521 14.5662
11222674 1149934 14.6481
11222674 11405818 15.0747
11222674 5888270 15.2798
11222674 5596804 15.5705
11222674 11694030 16.0541
11222674 11394232 16.2765
11222674 13119802 16.5214
11222674 3645066 16.6317
11222674 1003954 16.8755
11222674 5400998 16.8824
11222674 10990279 17.2978
11222674 10777062 17.3412
11222674 10809043 17.4806
11222674 3516777 17.6799
11222674 6329761 17.7004
11222674 14487532 17.7721
11222674 13519046 17.911
11222674 15723298 17.9829
11222674 317418 18.6308
11222674 15449847 18.6671
11222674 14010318 19.0928
11222674 3750231 19.6207
7748968 1357667 2.61963
7748968 8634023 2.80136
7748968 4370712 3.12945
7748968 5863165 3.24038
7748968 14675085 3.35134
7748968 14102350 3.78207
7748968 14868396 3.84085
7748968 6974635 3.85945
7748968 4822450 4.03668
7748968 13297203 4.98256
7748968 15596793 5.80497
7748968 4144372 7.01642
7748968 6497078 7.45186
7748968 2728820 7.56053
7748968 12325478 8.0821
7748968 5537138 8.44868
7748968 9841401 9.12927
7748968 12185412 9.20622
7748968 9992957 9.31784
7748968 1959587 9.50163
7748968 9999729 10.8088
7748968 7103661 11.335
7748968 920020 11.4405
7748968 5269969 11.4517
7748968 9182108 11.559
7748968 6574604 11.658
7748968 6867325 11.7344
7748968 10648060 11.9125
7748968 6380190 12.3747
7748968 4033699 12.5099
7748968 5599899 12.7462
7748968 8193381 12.9941
7748968 10424387 13.2106
7748968 11808951 13.5121
7748968 9623186 14.22
7748968 15864671 14.5382
7748968 1741501 14.7156
7748968 6107783 15.105
7748968 7149086 15.4588
7748968 14581974 15.6633
7748968 16350112 15.67
7748968 16118338 15.8194
7748968 7322081 16.1779
7748968 1096059 16.8534
7748968 14511564 17.4865
7748968 789636 17.8853
7748968 13364481 18.0023
7748968 16021130 18.213
7748968 15884193 18.3209
7748968 14491192 18.5769
7748968 10965524 19.1437
7748968 7927125 21.0425
7748968 15708021 21.2063
7748968 14380574 21.5664
7748968 7762290 21.6334
7748968 4538461 22.0006
7748968 7239976 22.1246
7748968 7807910 22.241
7748968 9829575 22.7064
7748968 10603987 24.0381
7748968 15171628 24.2089
7748968 8082384 24.7688
7748968 3746596 25.2976
7748968 15888305 25.3309
7748968 733528 25.8419
7748968 16310972 25.9809
7748968 7957155 26.8913
7748968 11057084 27.1679
7748968 4072608 27.4385
7748968 14212014 27.7117
7748968 4170414 27.8146
7748968 2809382 27.9569
7748968 546318 28.4155
7748968 7210789 28.9563
7748968 6994678 29.1531
7748968 7613679 29.5093
7748968 6368517 30.1024
13366516 15512175 1.52922
13366516 986985 1.64205
13366516 7746050 1.69258
13366516 2315751 2.21949
13366516 3347712 2.40934
13366516 8186561 2.51467
13366516 14750525 2.60536
13366516 609276 3.04352
13366516 12718870 3.07744
13366516 13947549 3.32064
13366516 5060644 4.1448
13366516 16241129 4.28968
13366516 11608941 4.47454
13366516 5555175 4.78276
13366516 10672931 4.9162
13366516 11608800 5.28227
13366516 4964069 5.71673
13366516 10741673 5.82773
13366516 10683737 5.90195
13366516 1469554 6.10296
13366516 5509480 6.18418
13366516 12554141 6.4436
13366516 12791959 6.44861
13366516 3961240 6.6537
13366516 14080504 7.01864
13366516 10137556 7.95379
13366516 10337036 8.98305
13366516 5040874 9.16884
13366516 5484793 9.35692
13366516 16265048 9.89112
13366516 9827416 9.95557
13366516 1612156 10.0138
13366516 8870368 10.0734
13366516 2106321 10.1481
13366516 2314882 10.5719
13366516 11872945 11.8234
13366516 5802588 12.7768
13366516 8645421 13.4838
13366516 15091674 13.5846
13366516 15112178 13.6193
13366516 788295 14.2099
13366516 15193703 14.2792
13366516 15247875 14.7554
13366516 8926699 15.138
13366516 2812836 16.0311
13366516 662805 16.6445
13366516 3557902 17.4097
13366516 14196893 17.6632
13366516 819971 18.1274
13366516 3348209 18.1903
13366516 16073878 19.008
13366516 12554846 20.3446
13366516 6262261 21.1117
13366516 12837003 21.5717
13366516 9969574 21.7511
13366516 10200412 22.3042
13366516 4926206 22.3468
13366516 14041495 22.822
13366516 13769630 22.8651
13366516 8251072 23.0488
13366516 8377952 23.2257
13366516 11040384 23.4099
13366516 963385 23.5631
13366516 1777566 23.8913
13366516 2439675 24.7462
13366516 5358175 24.7854
13366516 16105050 25.4478
13366516 2230367 26.341
13366516 2399033 27.271
13366516 8801239 27.2734
13366516 1005147 27.4975
13366516 11942375 27.505
13366516 13552739 27.628
13366516 5199076 27.7148
13366516 6259673 27.7665
13366516 8532235 27.9902
13366516 1192189 29.4061
13366516 16044752 29.6487
13366516 16621481 29.9752
13366516 12567941 30.2475
13366516 15656597 30.4729
13366516 12970344 30.5033
13366516 4344696 30.7291
5690375 16219458 3.06996
5690375 4358707 3.14649
5690375 7090781 4.28967
5690375 12614967 5.37735
5690375 5776990 5.88492
5690375 14975340 6.44414
5690375 13681576 6.51075
5690375 4146026 7.54973
5690375 13983239 7.74932
5690375 8791982 7.83205
5690375 1057906 7.90055
5690375 13440871 8.75681
5690375 13466776 8.77647
5690375 3175701 9.10794
5690375 2477550 9.97697
5690375 9603074 10.1338
5690375 6896059 10.2896
5690375 7314882 10.385
5690375 9134421 10.622
5690375 9978466 11.1084
5690375 5658625 12.0808
5690375 15671981 12.1011
5690375 8584926 12.2354
5690375 11504622 13.484
5690375 2889099 13.5409
5690375 10862098 13.6874
5690375 1212555 13.8199
5690375 10813699 13.9662
5690375 8730127 14.1718
5690375 12982915 15.1992
5690375 2330372 15.3377
5690375 2213892 15.4046
5690375 9855875 15.4638
5690375 63023 16.9263
5690375 15025024 17.1424
5690375 13882126 17.1761
5690375 9917710 17.1928
5690375 1897981 18.0265
5690375 13946473 18.401
5690375 4815516 19.1565
5690375 3280494 19.4713
5690375 3285232 19.6562
5690375 6237675 19.8164
5690375 12698656 20.9314
5690375 8400569 21.3612
5690375 14965332 22.922
5690375 11476244 23.8981
5690375 2111524 23.9115
5690375 11200561 24.2577
5690375 4050276 24.7533
5690375 485125 25.2444
5690375 15470577 25.4198
5690375 14817946 25.6032
5690375 3677042 26.1886
5690375 11405451 26.7012
5690375 10165665 26.8383
5690375 3160073 26.977
5690375 12604752 27.1003
5690375 8748465 28.1591
5690375 6285388 28.3152
5690375 4794571 28.5518
5690375 14287179 28.5742
5690375 8340680 29.0635
5690375 9354904 29.2231
5690375 3280284 29.9079
5690375 6898890 29.9763
5690375 13768838 29.9959
5690375 4304771 30.9551
5690375 7993561 31.1271
5690375 8375761 31.2229
5690375 4891127 31.4518
5690375 3004417 31.6763
5690375 6582833 31.7514
5690375 6860330 31.785
5690375 5545471 31.9502
5690375 15253792 32.5275
5690375 14103571 32.6023
7650092 15985025 1.98751
7650092 14117840 1.98751
7650092 14125032 1.98751
7650092 15926713 1.98751
7650092 10388298 1.98751
7650092 5179005 1.98751
7650092 11569610 1.98751
7650092 9702299 1.98751
7650092 16354664 1.98751
7650092 14487353 1.98751
14401667 12604452 24.5085
14401667 3153284 24.5121
14401667 9586274 24.6214
14401667 10077421 24.8056
14401667 13165805 24.849
14401667 1615286 25.2005
14401667 703703 25.4128
14401667 1719038 25.4512
14401667 4006048 25.4919
14401667 2442768 25.6496
14401667 6988435 25.7123
14401667 9497561 25.7541
14401667 4933054 25.8528
14401667 16293892 25.8864
14401667 10961227 26.0389
14401667 16084655 27.0594
14401667 13928223 27.0627
14401667 1462672 27.0627
14401667 8683433 27.1986
14401667 5269255 27.2813
14401667 1029640 27.3958
14401667 1978910 27.445
14401667 3189874 27.5189
14401667 3265758 28.1583
14401667 3076715 28.6118
14401667 5632645 28.7209
14401667 13585150 28.8679
14401667 5873228 29.0787
14401667 5587837 29.7116
14401667 11904558 29.856
14401667 13724316 29.86
14401667 6513419 29.9748
14401667 10012557 30.0489
14401667 5780775 30.0795
14401667 6495771 30.0912
14401667 16733485 31.0118
14401667 15727276 31.7712
14401667 5405118 31.8365
14401667 14325607 32.2551
14401667 15333419 32.3272
14401667 5390404 32.7906
14401667 8787638 32.8164
14401667 5742110 32.9224
14401667 16208008 33.564
14401667 6123455 34.0289
14401667 6012564 34.1874
14401667 1705673 34.7079
14401667 3548320 34.8274
14401667 4942002 34.9353
14401667 7550529 35.7594
14401667 1878389 36.4339
14401667 5463150 36.7435
14401667 12477629 36.9628
14401667 11496493 37.0035
14401667 14320456 37.8467
14401667 949679 38.179
14401667 2899223 38.5247
14401667 10377548 38.6498
14401667 1161254 38.6724
14401667 7746845 39.4519
14401667 318320 41.0174
14401667 14899710 41.5821
14401667 2493036 41.8228
14401667 3663754 41.8298
14401667 2407914 42.8909
14401667 136344 43.1361
14401667 5259703 43.6531
14401667 6567852 43.6535
14401667 8219577 45.2171
14401667 14413476 45.5471
14401667 896921 45.7258
14401667 13140675 45.759
14401667 15758589 45.9306
14401667 3257647 45.9769
14401667 6274462 46.2861
14401667 10484919 46.3052
14401667 1501657 47.645
14401667 7685666 47.751
14401667 3638772 47.9791
14401667 4626428 48.2527
14401667 4301439 48.7798
14401667 320328 49.1793
14401667 702084 49.3226
14401667 10036626 50.0104
14401667 8417518 51.5212
14401667 5451953 51.5414
14401667 13907378 51.6526
14401667 11990503 51.8339
14401667 6056235 51.9075
14401667 14141636 51.9257
14401667 10231081 54.4382
14401667 2344256 54.8651
14401667 14373295 54.8991
14401667 9527590 54.9295
14401667 1429603 54.9862
14401667 2527406 55.4663
14401667 6211570 55.473
14401667 4596636 55.7354
14401667 5721624 56.581
14401667 9413 56.6053
14401667 8659073 57.0032
14401667 512283 58.8655
14401667 7903609 58.9098
14401667 15920373 59.2273
14401667 8650146 59.285
14401667 14949733 60.4175
14401667 2011175 61.1991
14401667 9829877 61.2831
14401667 16474994 61.888
14401667 7178686 62.2934
14401667 10003440 62.4667
14401667 5666194 63.3015
14401667 15322084 63.7102
14401667 16712532 63.8225
14401667 1437871 64.0861
14401667 16090398 65.4538
14401667 98582 65.5109
14401667 9914121 65.5288
14401667 7637482 65.693
14401667 6900934 66.4125
307488 7578917 365.304
307488 14806782 365.499
307488 2911162 365.746
307488 7737079 366.396
307488 9181014 367.173
307488 16757116 367.329
307488 1553706 367.407
307488 15270706 368.033
307488 14549740 368.682
307488 12888766 369.131
307488 460926 369.751
307488 1294965 369.856
307488 4956868 370.062
307488 6360829 370.117
307488 13326540 370.64
307488 16769102 370.679
307488 1051555 370.721
307488 14306372 370.847
307488 8989255 371.449
307488 16672406 371.728
307488 14272156 371.881
307488 3680120 371.989
307488 5512352 372.386
307488 3199018 372.722
307488 12133255 373.131
307488 1817814 373.479
307488 7384954 373.518
307488 13364691 373.744
307488 5559548 373.898
307488 16204053 373.916
307488 14428177 374.245
307488 5865422 374.358
307488 8955151 375.057
307488 867765 375.068
307488 16534596 375.132
307488 14648046 375.549
307488 2009436 375.647
307488 8505472 375.986
307488 1100423 376.11
307488 13312315 376.196
307488 16122002 376.417
307488 15222719 376.596
307488 8797289 376.633
307488 12381281 377.052
307488 14034758 377.119
307488 11786075 377.331
307488 5507287 377.357
307488 3395481 377.751
307488 9483678 377.898
307488 15235662 378.019
307488 14740513 378.183
307488 10788290 378.492
307488 12708879 378.809
307488 4229914 378.866
307488 6112879 378.996
307488 15590734 379.034
307488 8031458 379.425
307488 10518358 379.478
307488 16089294 379.769
307488 2307 380.353
307488 16224961 380.487
307488 16266748 380.535
307488 4424398 380.863
307488 13775766 381.018
307488 7059405 381.018
307488 4984706 381.34
307488 299119 381.536
307488 14457673 382.032
307488 37676 382.221
307488 1011786 382.383
307488 12017029 382.689
307488 5777901 383.286
307488 9951757 383.555
307488 9747493 383.836
307488 8003016 383.985
307488 10681090 384.177
307488 7573221 384.256
307488 489145 384.264
447400 14664262 324.512
447400 14965481 324.644
447400 1835377 325.312
447400 16234228 325.555
447400 10619660 325.876
447400 12598150 327.385
447400 7474127 327.897
447400 14423577 328.678
447400 4709555 329.182
447400 539821 330.219
447400 5643754 330.366
447400 9255473 330.481
447400 8029743 330.804
447400 9751628 332.449
447400 156576 332.679
447400 1115471 333.664
447400 4668959 333.861
447400 2019641 334.659
447400 2297235 335.849
447400 11459026 335.929
447400 9181223 336.349
447400 948030 336.382
447400 6768872 337.2
447400 7293691 337.936
447400 14016183 338.259
447400 2152815 338.533
447400 9640274 339.899
447400 7586008 340.165
447400 16106708 340.778
447400 149588 341.102
447400 5906179 341.901
447400 1362807 341.902
447400 12507952 342.716
447400 9892473 344.452
447400 9594117 344.898
447400 3098075 345.401
447400 12416907 345.992
447400 1480828 346.395
447400 12684217 346.762
447400 11027253 348.8
447400 4876572 349.418
447400 1219134 349.524
447400 9689659 349.548
447400 2699337 349.805
447400 11869183 349.891
447400 200341 350.427
447400 15921936 350.663
447400 858170 350.883
447400 10531012 351.702
447400 7717867 351.804
447400 13864038 353.324
447400 9945075 353.562
447400 5762049 354.159
447400 16339570 354.231
447400 15463275 354.578
447400 3093057 355.75
447400 3021313 355.81
447400 13364806 355.855
447400 365787 356.426
447400 5672582 356.564
447400 13530217 357.093
447400 11649238 357.276
447400 191254 358.187
447400 11034432 358.518
447400 4814251 360.208
447400 1841430 360.307
447400 7449520 360.825
447400 1359840 361.642
447400 9291903 362.04
447400 889808 362.117
447400 3360052 363.63
447400 2286896 364.413
447400 3886800 504.362
447400 14185668 505.022
447400 7944679 505.436
4792831 45485 4.27055
4792831 12171562 4.98758
4792831 12284357 5.16704
4792831 9909078 5.38827
4792831 3816605 5.72834
4792831 2679128 5.9322
4792831 1715014 6.05664
4792831 4068793 6.12409
4792831 13449543 6.18948
4792831 14668527 6.9218
4792831 10990405 6.98194
4792831 117541 7.48333
4792831 16752136 7.60298
4792831 13143515 7.85536
4792831 14725192 8.34512
4792831 6895674 8.34755
4792831 2598007 8.88877
4792831 14172776 8.9812
4792831 13864321 9.81849
4792831 4258479 10.3559
4792831 12359337 10.537
4792831 2240979 10.9846
4792831 9673149 11.4711
4792831 12913022 11.5941
4792831 5256949 12.6556
4792831 2882605 12.7179
4792831 15294425 12.7244
4792831 9943662 12.7425
4792831 15537644 12.8891
4792831 5965521 13.0626
4792831 15864163 13.1131
4792831 14970039 13.1839
4792831 7853783 13.2513
4792831 14599210 13.579
4792831 14832550 13.9924
4792831 9972044 14.2575
4792831 5304234 14.4446
4792831 4974258 14.4812
4792831 1865341 14.6557
4792831 2524527 14.8826
4792831 1215894 15.6127
4792831 10919429 16.249
4792831 14773501 16.4108
4792831 8540205 16.9371
4792831 11131195 17.5567
4792831 14441693 17.6955
4792831 6470354 18.5615
4792831 4642728 18.5944
4792831 8085395 19.1116
4792831 2771713 19.3181
4792831 6418546 19.3296
4792831 14340775 19.8439
4792831 7273343 19.8696
4792831 7027786 20.0046
4792831 12734513 20.069
4792831 13856873 20.1316
4792831 287848 20.4229
4792831 9418456 20.6456
4792831 13691525 20.9819
4792831 1639100 21.0564
4792831 10499144 21.2937
4792831 3248458 21.5684
4792831 2530051 21.8796
4792831 12380269 22.0555
4792831 129589 22.1783
4792831 1315558 22.3499
4792831 6917509 22.3582
4792831 4404320 22.4181
4792831 15049625 22.7221
4792831 12663469 22.7231
4792831 5891513 22.7718
4792831 6210352 23.656
4792831 3112773 23.6566
4792831 4758588 23.6689
4792831 2409402 23.7299
4792831 16460390 23.8173
4792831 10501232 23.8371
4792831 4031891 24.422
4792831 109941 24.4863
4792831 10627385 24.913
4792831 16759329 25.1211
4792831 9153453 25.1413
4792831 3583463 25.1823
4792831 2643542 25.4069
4792831 4288250 25.5529
4792831 4585023 25.9804
4792831 16176948 26.3106
4792831 9355256 26.6356
4792831 14217060 27.6423
4792831 3602241 27.9905
4792831 14801595 28.0785
4792831 432567 28.09
4792831 7098765 28.4633
4792831 16077435 29.2456
4792831 13308612 29.6113
4792831 6209661 29.983
4792831 13639547 30.0725
4792831 9149324 30.1169
4792831 11463920 30.1863
4792831 14273438 30.3091
4792831 10860931 30.4361
4792831 16521035 31.1085
4792831 7149589 31.1738
4792831 9505372 31.2311
4792831 9381458 32.0427
4792831 5680573 32.1202
4792831 7090442 32.6897
4792831 9609068 32.9649
4792831 8490469 33.024
4792831 7280577 33.7286
4792831 3599011 33.98
4792831 8019056 34.0786
4792831 10612022 34.1491
4792831 7841642 34.5074
4792831 13086872 34.5843
4792831 11103555 34.6148
4792831 3302533 34.7717
4792831 10272928 34.8927
4792831 15808537 34.9739
4792831 510856 35.3602
1632903 11862744 1.92558
1632903 5462012 1.94775
1632903 1040184 2.09758
1632903 15226869 2.10678
1632903 12902232 2.12171
1632903 9208769 2.22926
1632903 6579620 2.27195
1632903 15280907 2.41469
1632903 15693310 2.57651
1632903 545937 2.70106
1632903 5546176 3.02562
1632903 15265264 3.20128
1632903 6337595 3.38635
1632903 9040531 3.40018
1632903 12582158 3.59304
1632903 11192437 3.61286
1632903 3882572 3.76601
1632903 13547655 4.79208
1632903 1984089 4.92044
1632903 10089346 5.28977
1632903 16002667 5.31414
1632903 8517622 5.33114
1632903 11503149 5.339
1632903 15529244 5.42167
1632903 3941432 5.46974
1632903 14456684 5.50456
1632903 2212165 5.61361
1632903 15164304 5.79559
1632903 15003646 5.86405
1632903 10145647 6.11341
1632903 10122903 6.13637
1632903 11414877 6.14653
1632903 3691312 6.18113
1632903 2231288 6.28548
1632903 11951188 6.74054
1632903 2959454 6.75283
1632903 13615951 7.25026
1632903 8819226 7.72024
1632903 2745160 8.11219
1632903 3541783 8.54873
1632903 3242837 8.82897
1632903 467959 9.09909
1632903 15891471 9.15756
1632903 7960 9.38975
1632903 7604592 10.0531
1632903 13958950 10.1316
1632903 8054091 10.5585
1632903 8235725 10.9459
1632903 2490618 10.974
1632903 6270678 11.1611
1632903 6560873 11.7579
1632903 5185210 12.111
1632903 3195333 12.3936
1632903 11099471 12.5285
1632903 6275578 12.6823
1632903 15859938 12.7247
1632903 12581075 12.8011
1632903 4197718 12.8135
1632903 363422 13.3155
1632903 9198658 13.3304
1632903 13214178 13.3692
1632903 13040942 13.505
1632903 9823214 13.721
1632903 15830136 14.0433
1632903 7836146 14.0987
1632903 11839498 14.2399
1632903 11737418 14.4714
1632903 8557635 14.5171
1632903 4913931 14.7439
1632903 6116302 14.8444
1632903 14542783 14.9154
1632903 4274407 14.9677
1632903 6128696 14.991
1632903 8235723 15.3591
1632903 6465388 15.4547
1632903 12339777 15.4652
1632903 6472718 15.8012
1632903 16673084 15.8294
1632903 341460 16.1531
1632903 6004962 16.587
1632903 12023816 16.822
1632903 5563954 16.9663
1632903 10852793 16.9841
72657 1295400 308.822
72657 4868399 309.019
72657 11584411 309.396
72657 12979420 309.63
72657 3614108 309.754
72657 636840 309.874
72657 8920810 311.957
72657 13404317 311.962
72657 769867 312.036
72657 16113400 312.719
72657 3160100 313.154
72657 15009883 313.575
72657 9722643 313.878
72657 13486972 314.005
72657 14891130 314.113
72657 1142651 314.428
72657 6785457 314.985
72657 9178911 315.496
72657 8110453 316.024
72657 12074654 316.249
72657 9303960 316.425
72657 1024100 316.516
72657 14503907 316.572
72657 110150 318.592
72657 2806896 318.616
72657 16305541 318.799
72657 12709842 320.054
72657 12579627 320.501
72657 5618680 321.001
72657 3876447 322.693
72657 515611 323.555
72657 6386770 323.784
72657 8189029 323.905
72657 16542264 323.959
72657 4408340 324.159
72657 7792227 325.378
72657 14714620 325.667
72657 7190357 325.735
72657 9641616 325.793
72657 9751303 325.836
72657 9912132 325.841
72657 14438143 326.636
72657 2942460 327.678
72657 15974527 327.925
72657 14701627 328.249
72657 16640156 328.44
72657 217369 328.584
72657 356862 329.523
72657 14105635 329.619
72657 359182 330.445
72657 1130161 330.468
72657 3419561 330.491
72657 8515418 330.628
72657 7098904 330.853
72657 15048031 331.523
72657 2924690 333.02
72657 2387787 333.378
72657 16318485 334.042
72657 7071442 334.343
72657 13187755 335.056
72657 8988746 335.151
72657 392062 335.808
72657 5691372 336.189
72657 6466654 337.724
72657 8056223 338.149
72657 6746841 339.63
72657 15303764 339.642
72657 1184293 340.013
72657 9646621 340.165
72657 2637205 340.651
72657 12087068 341.502
72657 15555194 341.702
72657 4990124 341.923
72657 5561587 342.039
72657 1028729 342.557
72657 7129370 342.586
72657 350292 343.067
72657 2831751 343.804
72657 8281687 343.898
72657 10579712 344.11
11668377 14441326 277.549
11668377 2940154 277.937
11668377 14338648 278.181
11668377 11304484 278.448
11668377 5929449 278.778
11668377 3771321 279.442
11668377 9009978 280.442
11668377 8834212 281.075
11668377 13823348 281.182
11668377 16153900 281.782
11668377 9757840 282.131
11668377 14351538 282.834
11668377 16113688 283.54
11668377 4744053 283.569
11668377 1630321 283.659
11668377 10455347 283.693
11668377 11046035 284.057
11668377 1207262 284.339
11668377 3241613 284.813
11668377 3915140 284.87
11668377 15807605 285.16
11668377 4816392 285.542
11668377 5732286 286.648
11668377 14724586 286.729
11668377 502269 287.024
11668377 12727848 287.195
11668377 16342570 287.933
11668377 263438 288.044
11668377 10262523 288.408
11668377 8398148 289.217
11668377 12648184 289.326
11668377 14493725 289.38
11668377 9833601 291.119
11668377 16154308 291.246
11668377 3310636 291.546
11668377 16427565 291.675
11668377 15281530 292.501
11668377 8704052 292.535
11668377 12168256 292.624
11668377 8495638 294.151
11668377 2220325 294.873
11668377 119723 294.953
11668377 4556564 295.267
11668377 14391276 295.295
11668377 8524773 295.338
11668377 10548839 295.41
11668377 2929072 296.399
11668377 12053876 296.611
11668377 353406 296.708
11668377 6328123 296.881
11668377 4861108 296.975
11668377 5738976 297.85
11668377 2287200 298.155
11668377 197102 298.436
11668377 15876076 298.591
11668377 8972639 298.647
11668377 12362299 298.841
11668377 5079227 299.007
11668377 15239719 299.136
11668377 9161717 299.419
11668377 15155509 299.626
11668377 15190838 301.256
11668377 663715 301.348
11668377 15671120 301.478
11668377 15820954 302.017
11668377 10967351 302.038
11668377 7960173 302.107
11668377 14749552 302.577
11668377 2379279 302.672
11668377 4113148 302.854
11668377 7880261 303.49
11668377 4570264 304.8
11668377 11560070 305.133
11668377 15965235 305.543
11668377 12386546 307.425
11668377 3144360 307.475
11668377 9452278 307.791
11668377 11239269 308.009
14643546 848764 247.212
14643546 5216752 247.386
14643546 4989715 247.567
14643546 7811792 248.692
14643546 4057883 248.824
14643546 14874616 249.236
14643546 10304470 249.372
14643546 10948689 249.473
14643546 2181336 249.497
14643546 4881082 250.383
14643546 14206506 250.893
14643546 5776071 251.113
14643546 8933597 251.447
14643546 3431779 251.499
14643546 8405712 251.618
14643546 9335208 251.869
14643546 14510897 252.364
14643546 7895740 252.41
14643546 9697698 252.774
14643546 359417 252.946
14643546 2776175 253.064
14643546 2460225 254.912
14643546 14681039 256.175
14643546 2044920 256.325
14643546 7845391 256.342
14643546 14685038 256.871
14643546 3483419 257.026
14643546 10926112 257.371
14643546 239050 257.839
14643546 2610937 258.46
14643546 5324035 258.775
14643546 1164756 258.935
14643546 9964010 260.357
14643546 6983197 260.498
14643546 11951563 261.155
14643546 1190517 261.404
14643546 5484629 261.598
14643546 8582062 261.73
14643546 7554776 262.807
14643546 13926378 262.815
14643546 9987514 263.211
14643546 1868370 263.421
14643546 7356928 263.46
14643546 4022492 263.568
14643546 4750859 263.643
14643546 8018579 263.972
14643546 10905910 264.337
14643546 14391414 264.459
14643546 2667744 264.994
14643546 11443690 265.254
14643546 13805162 265.542
14643546 1936651 267.314
14643546 11231194 267.706
14643546 7228073 267.729
14643546 15452947 268.35
14643546 3986782 268.481
14643546 16025964 268.753
14643546 7063452 269.996
14643546 594017 270.234
14643546 4620845 270.491
14643546 9794919 270.585
14643546 2562464 271.126
14643546 6090740 271.501
14643546 16565023 271.526
14643546 14818311 272.499
14643546 8743913 272.789
14643546 5801390 272.828
14643546 9654412 273.114
14643546 7157349 273.365
14643546 4844021 273.606
14643546 14532429 273.696
14643546 7279874 273.714
14643546 12817401 274.158
14643546 803351 274.31
14643546 9610424 274.427
14643546 16162681 274.717
14643546 12912510 274.916
14643546 3903633 275.339
14643546 1593965 275.362
14643546 4199296 275.989
14643546 5412807 276.251
14643546 2458240 276.479
14277075 8453622 214.358
14277075 11297484 214.569
14277075 2102869 214.701
14277075 9250825 215.498
14277075 2640092 215.941
14277075 9030274 216.106
14277075 9213438 217.091
14277075 4849268 217.141
14277075 13139896 217.516
14277075 3260711 217.701
14277075 1714853 217.86
14277075 15804050 218.127
14277075 10106211 218.189
14277075 1210420 218.208
14277075 12996853 218.573
14277075 8796148 218.789
14277075 13384600 219.217
14277075 6846130 220.016
14277075 4145593 220.498
14277075 1882022 221.027
14277075 11830095 221.298
14277075 1915742 222.251
14277075 407309 222.512
14277075 16100788 223.258
14277075 15757128 223.439
14277075 10227815 223.757
14277075 9844880 224.252
14277075 11039300 225.071
14277075 15031930 225.45
14277075 7755365 225.724
14277075 14634625 226.313
14277075 10511620 226.552
14277075 4452860 227.862
14277075 6811860 228.165
14277075 7021318 228.28
14277075 10345086 228.306
14277075 2369379 228.717
14277075 6863002 228.756
14277075 5246532 229.372
14277075 16204537 229.478
14277075 9406499 230.342
14277075 11978082 231.78
14277075 16436441 232.052
14277075 9684006 232.489
14277075 865928 232.81
14277075 6839825 233.832
14277075 4837197 233.889
14277075 855995 234.13
14277075 8658585 234.273
14277075 1190930 234.554
14277075 1181585 234.567
14277075 1461778 235.061
14277075 7911250 235.068
14277075 8420927 235.658
14277075 16214610 235.82
14277075 7667639 236.043
14277075 9587995 237.878
14277075 7316275 237.94
14277075 16411186 237.997
14277075 1344311 238.737
14277075 8143040 239.201
14277075 1122203 239.212
14277075 3955078 239.893
14277075 5145762 240.109
14277075 11193583 240.251
14277075 13946407 240.323
14277075 15948755 240.363
14277075 1432626 241.183
14277075 9522926 242.084
14277075 392680 242.867
14277075 15623313 243.67
14277075 16467094 243.989
14277075 15912642 244.129
14277075 9442394 244.161
14277075 12595980 244.358
14277075 11957687 244.584
14277075 8948198 244.633
14277075 6134287 244.68
14277075 13456293 244.812
14277075 6222000 245.791
11514038 7983996 185.15
11514038 11831519 185.573
11514038 15122442 185.604
11514038 15087350 186.216
11514038 8323673 186.583
11514038 10986339 186.716
11514038 8658086 186.926
11514038 16661205 187.085
11514038 7225026 187.162
11514038 6905823 187.686
11514038 11737078 188.27
11514038 1577891 188.32
11514038 12256761 188.333
11514038 16156488 188.478
11514038 10107044 188.825
11514038 9350870 189.561
11514038 15605467 189.634
11514038 11966006 189.947
11514038 13341997 190.709
11514038 8726883 190.824
11514038 39191 191.563
11514038 5985401 192.225
11514038 13924986 192.302
11514038 260059 192.626
11514038 1311457 192.831
11514038 7629586 194.243
11514038 1274904 194.589
11514038 12926723 194.78
11514038 6774797 195.651
11514038 4423485 195.813
11514038 16177387 196.037
11514038 2739506 196.473
11514038 5929743 196.854
11514038 6543496 196.947
11514038 7842704 197.486
11514038 12006244 197.529
11514038 4891599 197.751
11514038 5328896 198.012
11514038 1417583 198.073
11514038 12106366 199.027
11514038 3775514 199.892
11514038 9988296 201.291
11514038 9845348 201.492
11514038 9048139 201.809
11514038 6074700 203.366
11514038 12344093 203.914
11514038 14092935 204.129
11514038 6660745 204.527
11514038 12421113 204.661
11514038 4299354 204.71
11514038 15238967 205.011
11514038 12899688 205.095
11514038 8664863 205.292
11514038 1117107 205.498
11514038 15726223 205.52
11514038 7563889 205.708
11514038 7116390 206.145
11514038 3364926 206.692
11514038 7302965 207.391
11514038 16022 207.896
11514038 12275836 208.678
11514038 15654600 208.864
11514038 5217516 209.203
11514038 5308905 209.691
11514038 7983732 209.829
11514038 10350965 210.161
11514038 3895928 210.889
11514038 1497326 211.166
11514038 618987 211.764
11514038 11906627 211.869
11514038 8221917 212.653
11514038 7429616 212.737
11514038 1013885 212.739
11514038 9947866 212.79
11514038 2989695 212.803
11514038 86084 213.075
11514038 3116556 213.403
11514038 10296520 213.505
959966 12267899 158.358
959966 15792798 158.558
959966 1445372 158.587
959966 13431770 158.922
959966 14760171 159.021
959966 12897342 159.343
959966 7725705 159.39
959966 5929406 159.82
959966 11505626 160.535
959966 16086839 161.067
959966 14600875 161.094
959966 5534215 162.065
959966 9184653 162.286
959966 8929167 162.448
959966 2144369 164.339
959966 9419884 164.388
959966 15744429 164.596
959966 923842 164.692
959966 5114347 165.454
959966 2318272 166
959966 8419253 166.088
959966 13252016 166.137
959966 3107391 166.401
959966 6754119 166.719
959966 15727241 166.814
959966 10227765 167.326
959966 8102999 167.637
959966 6733430 167.983
959966 5509752 168.067
959966 14347196 169.151
959966 1921837 169.234
959966 11922694 169.307
959966 14468595 169.637
959966 8607780 170.056
959966 12642952 170.276
959966 567354 170.519
959966 10685543 170.562
959966 12651336 171.549
959966 1487923 171.757
959966 12217659 172.298
959966 10364200 172.474
959966 2421770 172.518
959966 8308625 172.886
959966 8959221 173.048
959966 1534500 173.106
959966 1211946 173.257
959966 3766520 173.388
959966 11968987 174.121
959966 5020420 174.421
959966 1559891 175.943
959966 13467122 177.078
959966 12954833 177.221
959966 15836136 177.291
959966 4452265 177.311
959966 993710 177.771
959966 14647747 177.926
959966 10948103 178.112
959966 3117923 178.208
959966 16501274 178.263
959966 13175835 178.322
959966 10688523 178.898
959966 10568430 178.985
959966 9590037 179.24
959966 481215 180.099
959966 11404943 181.18
959966 7100272 181.662
959966 511981 181.807
959966 11691220 181.938
959966 4843946 182.228
959966 4468644 182.229
959966 11283541 182.267
959966 15835621 182.755
959966 14541909 183.514
959966 9423662 183.544
959966 33356 183.815
959966 7593255 183.901
959966 251415 184.157
959966 2141951 184.738
959966 2368376 184.919
