869951 4086512 1.84133
869951 5471717 2.74943
869951 2195281 3.34689
869951 5093942 5.22422
869951 2945611 6.08051
869951 10561239 7.31573
869951 1568969 8.50511
869951 227803 8.79765
869951 1080935 9.17593
869951 1424376 9.30062
869951 16272352 9.31573
869951 1834022 9.55055
869951 6607850 18.6079
869951 14382829 19.3592
869951 2597292 19.401
869951 6749144 19.6855
869951 6453966 19.7669
869951 2730672 21.7987
869951 5503023 21.9186
869951 10165973 22.5982
869951 7079791 23.0044
869951 98855 24.0522
869951 10212696 24.0533
869951 2004285 24.146
869951 574735 24.811
869951 15338124 26.68
869951 12626302 28.6473
869951 16513469 29.5725
869951 2331535 29.8205
869951 12349874 30.243
869951 6255055 35.3023
869951 11970408 36.9535
869951 2920389 37.6044
869951 9717327 41.9152
869951 681216 44.6012
869951 14527186 44.8914
869951 2718246 45.4869
869951 172566 45.9472
869951 6071146 48.6889
869951 16230060 48.7322
869951 5096084 51.5255
869951 2573006 51.988
869951 3322202 52.3454
869951 14307731 55.133
869951 16688946 55.9004
869951 15135632 58.1826
869951 10539365 59.8683
869951 9052918 61.482
869951 14007120 62.7412
869951 15897332 62.9732
869951 2450486 63.3534
869951 10783784 63.4375
869951 13728768 64.1376
869951 14550921 64.8415
869951 15222213 65.0975
869951 15551287 67.2987
869951 2371595 67.4504
869951 4094865 68.4697
869951 9763960 70.1552
869951 8571738 70.694
869951 7813621 72.6232
869951 5026138 72.716
869951 1898377 73.9351
869951 12517010 75.6699
869951 78544 75.6817
869951 13422013 75.9771
869951 6525618 76.8137
869951 10260416 77.6053
869951 2373350 77.7406
869951 14627976 78.9897
869951 12732274 79.5283
869951 8768580 80.153
869951 2675848 83.9066
869951 2936231 84.8768
869951 11665069 85.3125
869951 12122419 86.2242
869951 5918873 87.3821
869951 12851727 89.2305
869951 3163761 90.561
13596134 11210643 2.40529
13596134 16293786 2.44829
13596134 3904090 2.45327
13596134 1460119 2.48343
13596134 2386016 4.01198
13596134 3593093 4.30118
13596134 10625820 4.59227
13596134 16582144 5.37861
13596134 6770912 6.4238
13596134 15662339 10.1149
13596134 7260052 10.4811
13596134 8579415 10.6294
13596134 3143985 11.2241
13596134 825921 11.237
13596134 16332490 11.5218
13596134 5702630 12.5926
13596134 14813006 12.6654
13596134 13299702 12.6848
13596134 6364707 14.1696
13596134 10144429 14.1914
13596134 6452094 14.4284
13596134 5533667 16.1176
13596134 2046718 17.3841
13596134 13866775 20.9816
13596134 11365098 23.0992
13596134 2863361 23.4229
13596134 16721335 23.5386
13596134 8718999 24.3636
13596134 12910003 26.2349
13596134 7309655 26.422
13596134 1733409 28.7661
13596134 8421412 31.1218
13596134 10631190 32.1337
13596134 16375567 32.2327
13596134 16677030 33.8843
13596134 12149093 35.1013
13596134 13886168 35.2726
13596134 8037425 35.3137
13596134 5361575 35.344
13596134 4793652 37.5323
13596134 8900337 37.7383
13596134 15789641 39.8239
13596134 12922961 40.215
13596134 1836610 40.7673
13596134 14207566 41.1346
13596134 6048707 41.2147
13596134 1956646 42.7773
13596134 10858297 43.4344
13596134 14218365 44.8533
13596134 14355472 44.9063
13596134 16651447 50.1948
13596134 7503447 51.3675
13596134 5921639 51.6635
13596134 6921363 51.6986
13596134 8417105 52.6713
13596134 5320512 53.2802
13596134 12125193 53.3273
13596134 1711734 56.6972
13596134 13883234 57.1641
13596134 16478711 57.7066
13596134 12121549 59.4014
13596134 14098840 60.9753
13596134 944661 61.4083
13596134 12327462 63.5112
13596134 399091 63.9765
13596134 3396053 64.6344
13596134 4441881 65.0305
13596134 1481769 66.6648
13596134 9639407 66.9431
13596134 3793390 67.3382
13596134 2386230 68.8431
13596134 9339361 71.3857
13596134 521114 72.4177
13596134 15033571 73.6318
13596134 2275367 74.3447
13596134 10404520 74.7691
13596134 4845167 75.2346
7139081 8867670 2.57422
7139081 6737221 2.63661
7139081 2010089 5.49813
7139081 4488453 5.83819
7139081 3196876 8.91891
7139081 10547574 10.4577
7139081 14480486 10.7659
7139081 4316297 11.271
7139081 15933731 11.9273
7139081 887985 12.8711
7139081 16432411 15.431
7139081 2553631 16.8405
7139081 6259261 16.8927
7139081 6952974 18.0447
7139081 10234640 18.168
7139081 9998283 18.7663
7139081 6166021 20.1771
7139081 13878754 21.6301
7139081 2595203 23.7583
7139081 3577376 33.3245
7139081 10125842 35.5984
7139081 9333017 36.9662
7139081 11088589 38.075
7139081 6239648 38.2981
7139081 11102119 39.0405
7139081 11300746 39.2946
7139081 14800863 40.5696
7139081 5804570 41.4227
7139081 5533660 42.8371
7139081 7082671 43.6144
7139081 10666049 44.0679
7139081 9544938 45.0389
7139081 9318571 45.0633
7139081 5344556 46.7073
7139081 13225786 47.6167
7139081 9166767 48.3094
7139081 11349597 49.4292
7139081 9325805 52.0316
7139081 12750760 52.8171
7139081 30734 54.5566
7139081 15650997 55.1837
7139081 15159580 55.8214
7139081 15859172 55.8428
7139081 2893084 56.8304
7139081 4601025 57.2529
7139081 8344266 57.2683
7139081 4888415 58.5535
7139081 13872217 58.6556
7139081 10633394 60.7199
7139081 11848051 60.7839
7139081 1853456 61.8177
7139081 8118367 62.2993
7139081 3353295 63.1847
7139081 4070272 63.385
7139081 7797714 63.9095
7139081 6318122 64.2675
7139081 9718433 67.0239
7139081 7052044 68.1942
7139081 39902 71.0474
7139081 11739394 71.1111
7139081 8804032 71.254
7139081 9137809 72.7029
7139081 7715738 72.8713
7139081 11354206 73.1662
7139081 14681866 73.2311
7139081 2032823 75.7986
7139081 375006 75.9139
7139081 5440402 75.9436
7139081 733735 76.264
7139081 16720223 220.615
7139081 14246414 221.033
7139081 14058276 221.956
7139081 15106515 222.175
7139081 13427583 222.206
7139081 14003327 222.227
7139081 13198972 224.702
7139081 16508913 225.183
7139081 14430738 227.817
7139081 16675076 228.47
4342362 6483899 2.92334
4342362 1570673 2.94149
4342362 10906940 3.1106
4342362 9720039 3.424
4342362 6363535 3.63827
4342362 4547707 3.79948
4342362 14749448 4.19566
4342362 6873329 4.57238
4342362 4024818 4.7404
4342362 3788438 5.40906
4342362 5256687 5.6881
4342362 3504212 6.26675
4342362 11540912 6.88261
4342362 13074780 6.91738
4342362 14122591 7.31287
4342362 12015145 7.34657
4342362 12446937 7.45488
4342362 7494630 7.6535
4342362 948366 7.98614
4342362 788306 8.18612
4342362 15349784 8.32325
4342362 16608971 8.35422
4342362 10701873 8.71319
4342362 10061415 8.74377
4342362 12015669 8.88267
4342362 14493677 9.58121
4342362 12863135 9.98762
4342362 7710197 10.0086
4342362 7706980 10.2445
4342362 5022577 10.4156
4342362 10726496 10.6822
4342362 7343989 10.8144
4342362 3256035 10.8542
4342362 5532278 10.971
4342362 4588460 11.1013
4342362 5651579 11.2688
4342362 16527966 11.2874
4342362 4238195 11.7765
4342362 4388672 11.9482
4342362 15053972 12.0098
4342362 14379592 12.0229
4342362 15441739 12.1174
4342362 11150540 12.1958
4342362 3147422 12.7554
4342362 14467968 12.7979
4342362 3209602 13.1018
4342362 12963025 13.4976
4342362 14806451 13.5181
4342362 11680129 13.5272
4342362 2088557 13.7862
4342362 1652589 14.1577
4342362 4313912 14.263
4342362 15268810 14.4191
4342362 15812463 14.7136
4342362 12395808 15.3227
4342362 13885298 16.4985
4342362 10127889 16.595
4342362 3690494 16.6304
4342362 5688616 16.8185
4342362 9909734 17.4566
4342362 8542708 17.5994
4342362 9933038 17.7268
4342362 838494 17.7462
4342362 14778037 17.9419
4342362 4242613 18.091
4342362 12618617 19.0875
4342362 12077585 19.3079
4342362 11161338 19.5344
4342362 11521691 19.6703
4342362 16126088 19.9685
4342362 7751145 20.1093
4342362 2391371 20.3195
4342362 2701802 20.3935
4342362 9837246 21.0102
4342362 9497171 21.2598
4342362 15004385 21.2986
4342362 9553343 21.8277
4342362 3443135 22.8519
4342362 9798093 22.8592
4342362 9946157 22.9755
4342362 13754479 23.4861
14548578 6540456 2.28141
14548578 5897583 2.53337
14548578 13695048 2.77389
14548578 3833170 2.98919
14548578 7206095 3.13278
14548578 1962052 3.27121
14548578 16212577 3.3459
14548578 812869 3.37448
14548578 15806057 3.9226
14548578 13987563 3.924
14548578 11530984 4.1187
14548578 3826527 4.28245
14548578 2426189 4.73247
14548578 2856630 4.94094
14548578 12394746 4.96693
14548578 12191260 4.99196
14548578 12854281 5.06634
14548578 13024306 5.07559
14548578 12502641 5.3709
14548578 7312535 5.38522
14548578 5092527 5.40266
14548578 11325549 5.57293
14548578 9113591 5.58209
14548578 11616966 5.77121
14548578 7359185 5.83576
14548578 14881549 6.12936
14548578 13994888 6.17512
14548578 15257376 6.21783
14548578 9967077 6.27599
14548578 13576131 6.52753
14548578 9327552 6.53222
14548578 12428876 6.67848
14548578 2190027 6.68916
14548578 2121183 6.90785
14548578 1647518 6.94904
14548578 16569467 6.96206
14548578 15525953 7.09577
14548578 16531538 7.65593
14548578 9136863 7.75472
14548578 14255430 7.86392
14548578 8271723 7.91444
14548578 6279941 8.33659
14548578 5690517 8.43834
14548578 8007108 8.46783
14548578 45994 8.58852
14548578 2591768 8.79541
14548578 3309871 8.98437
14548578 4953202 9.01178
14548578 6947634 9.33291
14548578 11125283 9.3863
14548578 2234097 9.38926
14548578 5459324 9.53764
14548578 4367223 9.9115
14548578 5645738 10.0548
14548578 3657326 10.3368
14548578 9110903 10.3764
14548578 10205348 10.6627
14548578 7136281 10.7106
14548578 11271132 10.9001
14548578 2586235 11.2638
14548578 14749001 11.2846
14548578 8633951 11.2936
14548578 12283066 11.3588
14548578 6841270 11.5447
14548578 5456696 11.6433
14548578 2005223 12.1113
14548578 13364179 12.3966
14548578 6721278 12.8179
14548578 8291192 12.8376
14548578 11526682 12.8438
14548578 934141 12.8823
14548578 12081898 14.2421
14548578 1651580 14.3857
14548578 8985438 14.448
14548578 5007740 14.7049
14548578 11515913 14.7086
14548578 9667721 15.0548
14548578 10026504 15.3787
14548578 2433215 15.4823
14548578 6049417 15.5967
14548578 2606422 15.7974
14548578 14611841 15.8105
14548578 8245840 16.0212
14548578 16473394 16.2839
14548578 14608258 16.4498
14548578 15153155 16.532
14548578 6239743 16.8653
14548578 2916052 16.9886
14548578 16718020 17.0286
14548578 15201801 17.3028
14548578 15095556 17.365
14548578 10028191 17.5573
14548578 4493129 17.6898
14548578 847919 17.7103
14548578 10632223 17.7496
14548578 4622999 17.7512
14548578 7038625 17.9319
14548578 16521363 17.9909
14548578 5695743 18.2198
14548578 12618014 18.3116
14548578 2346172 18.3189
14548578 4271214 18.9489
14548578 3832893 19.1843
14548578 12013192 19.2971
7180905 3080287 3.26531
7180905 12802356 3.3495
7180905 14505480 3.46042
7180905 4843375 3.5475
7180905 11905610 3.76894
7180905 11917162 4.07968
7180905 6239019 4.17004
7180905 8496988 4.50952
7180905 16162380 5.05977
7180905 2278610 5.63704
7180905 6861651 5.72225
7180905 6980180 5.75783
7180905 10820427 5.90922
7180905 9825613 5.92603
7180905 15187206 5.98838
7180905 1276679 6.12619
7180905 13840564 6.21431
7180905 12597610 6.52117
7180905 12268117 6.78194
7180905 7714912 7.18004
7180905 7432397 7.18566
7180905 15620713 7.19572
7180905 2604885 7.38721
7180905 215987 7.56105
7180905 16737361 7.69543
7180905 442738 8.18148
7180905 2462264 8.39722
7180905 10502566 8.98007
7180905 16401810 9.05958
7180905 3315986 9.14261
7180905 1441171 10.0784
7180905 6911166 10.2107
7180905 5326917 10.3228
7180905 4942249 10.5834
7180905 10798661 10.6775
7180905 10704081 10.9498
7180905 10515980 11.0098
7180905 3219981 11.1865
7180905 9492284 11.5973
7180905 11762229 11.7038
7180905 1666959 11.9603
7180905 6249151 11.9911
7180905 7932533 12.1608
7180905 3989694 12.497
7180905 4521218 12.5799
7180905 5938361 12.9556
7180905 306198 12.9839
7180905 12323241 13.006
7180905 2982318 13.2091
7180905 14514618 13.2552
7180905 7654848 13.4392
7180905 3665887 13.7373
7180905 8196392 13.8124
7180905 3736252 13.8376
7180905 10849838 13.8502
7180905 14101580 13.9381
7180905 8158440 13.9929
7180905 2570687 14.3486
7180905 12077275 14.3826
7180905 6072083 14.8183
7180905 3504017 15.1783
7180905 6147310 15.2398
7180905 15577850 15.2918
7180905 11476573 15.311
7180905 10363697 15.955
7180905 8766068 16.2919
7180905 5540430 16.3013
7180905 13362979 16.448
7180905 15912593 16.672
7180905 814590 16.8126
7180905 12592035 16.8371
7180905 6189782 17.0673
7180905 4507269 17.4979
7180905 3912153 17.8672
7180905 16634283 18.061
7180905 9455179 18.2996
7180905 2152483 18.8946
7180905 6531042 18.9346
7180905 2412130 19.0262
7180905 4851545 19.1669
7180905 6097152 19.2322
7180905 3941867 19.4192
7180905 16202803 19.5068
7180905 8327281 19.5612
7180905 327214 19.9379
7180905 969 20.0815
7180905 3403262 20.4392
7180905 10642923 20.6834
7180905 11173546 20.9794
7180905 6604374 21.127
7180905 5222745 21.142
7180905 6566798 21.2081
7180905 1013623 21.7083
7180905 3302372 22.3522
7180905 198857 22.6601
7180905 14199432 22.807
7180905 715114 22.9111
7180905 11933539 23.0311
7180905 5146864 23.1048
7180905 15660832 23.3269
7180905 5289474 23.4581
7180905 5909336 23.8214
7180905 7160661 23.8757
7180905 11140163 24.0177
7180905 11017357 24.0434
7180905 11018167 24.3996
7180905 14214057 24.4289
7180905 14906839 24.5649
7180905 10563416 32.0412
7180905 8210190 24.5877
7180905 11894302 24.6803
7180905 3858917 25.1521
7180905 14610785 25.2132
7180905 2904414 26.2456
7180905 16148028 26.5072
7180905 9969829 26.5575
7180905 13182882 26.7373
7180905 11160353 27.021
7180905 5476575 28.083
7180905 15754604 28.358
14585213 10372453 1.95503
14585213 4564155 1.95503
14585213 2674288 1.95503
14585213 6366954 1.95503
14585213 6408914 1.95503
14585213 805921 1.95503
14585213 4540547 1.95503
14585213 14107079 1.95503
14585213 15975318 1.95503
14019450 11611399 73.2875
14019450 14758838 75.3684
14019450 5457330 75.5411
14019450 2464011 76.6173
14019450 12925980 76.7117
14019450 11960313 76.8804
14019450 12062668 76.8828
14019450 6840347 77.2564
14019450 10143959 79.0413
14019450 2458052 80.7539
14019450 1773856 80.9153
14019450 14149423 81.3486
14019450 14031724 82.6073
14019450 14357800 83.4506
14019450 13364375 83.8984
14019450 5196785 84.0257
14019450 11171454 84.3091
14019450 16050041 85.6681
14019450 12699268 86.044
14019450 12862084 86.7197
14019450 14680621 86.8724
14019450 6345625 87.3257
14019450 10084977 87.351
14019450 14508822 87.4225
14019450 8702971 87.458
14019450 6996646 88.0125
14019450 16495973 88.0246
14019450 11305175 88.0819
14019450 7436949 88.1534
14019450 13380011 88.2283
14019450 1378051 88.3963
14019450 8735582 88.6721
14019450 12474064 89.1955
14019450 15499181 89.5596
14019450 2083073 89.7411
14019450 1794170 89.856
14019450 7300252 91.1198
14019450 2201624 91.1487
14019450 7299284 91.6339
14019450 13362084 91.777
14019450 10918079 91.9461
14019450 11497451 91.9855
14019450 12562050 92.2001
14019450 4574854 92.418
14019450 8471035 93.1605
14019450 2295055 93.2692
14019450 11834665 93.6243
14019450 6142416 93.6564
14019450 2359610 93.7689
14019450 15392645 93.8428
14019450 9293645 93.8763
14019450 1575493 93.9768
14019450 3219921 94.0576
14019450 14137081 94.9033
14019450 10543629 95.3663
14019450 5247827 95.4206
14019450 535073 95.4797
14019450 11292480 95.8556
14019450 7073083 95.9219
14019450 6158238 96.1965
14019450 11140273 96.4228
14019450 6892633 96.4874
14019450 7736912 96.6901
14019450 4865009 96.8118
14019450 1589972 97.3887
14019450 7592860 97.4131
14019450 5436797 97.4783
14019450 5421466 97.6082
14019450 229637 97.6272
14019450 11061320 97.6845
14019450 4819282 97.7633
14019450 11423757 98.0413
14019450 5743984 98.117
14019450 4980785 98.2999
14019450 7304771 98.757
14019450 3651117 98.8749
14019450 14945066 99.6363
14019450 7572922 100.091
14019450 16709700 100.642
14019450 7152373 100.702
14019450 6940470 100.769
14019450 620060 100.771
14019450 16300069 100.798
14019450 12699252 101.567
14019450 673167 101.781
14019450 13520818 101.859
14019450 11463807 102
14019450 566462 102.235
14019450 7412686 102.243
14019450 4794463 102.667
14019450 8193097 102.759
14019450 4701237 102.951
14019450 5335154 102.951
14019450 9938797 167.077
14019450 10092786 167.478
14019450 11002297 167.913
14019450 6621759 170.049
14019450 11266893 170.049
14019450 10646458 170.049
13081929 8846627 4.17077
13081929 12122132 4.45305
13081929 5563298 4.52494
13081929 10079900 5.4837
13081929 4796774 5.64311
13081929 15535277 6.45078
13081929 12265858 7.15173
13081929 10773913 7.33992
13081929 10105718 8.11294
13081929 3015421 8.38043
13081929 5447601 8.64167
13081929 9101141 9.41824
13081929 15310459 9.74376
13081929 6360230 11.4452
13081929 2851298 12.2888
13081929 6791800 12.605
13081929 7479497 13.2185
13081929 14795792 13.9314
13081929 5928393 16.6138
13081929 146622 16.6248
13081929 8868576 19.2881
13081929 13212002 19.7006
13081929 7608003 21.2004
13081929 9379874 21.3234
13081929 2315693 21.8536
13081929 7966088 22.9923
13081929 11941833 23.194
13081929 6949898 23.9321
13081929 11646290 24.1772
13081929 10956785 24.2416
13081929 15049130 24.3124
13081929 762301 24.6943
13081929 7572581 25.8336
13081929 7705653 25.9046
13081929 16330097 27.3075
13081929 2123397 27.7221
13081929 12055720 28.2753
13081929 15808802 28.5984
13081929 10624030 29.0652
13081929 351349 29.824
13081929 9532911 29.9497
13081929 4370717 30.511
13081929 4774759 33.0885
13081929 396658 33.6974
13081929 6730029 34.9766
13081929 9205938 35.2142
13081929 5648261 35.6976
13081929 6761405 36.3171
13081929 9263571 36.4153
13081929 12385477 37.4394
13081929 9654640 38.4798
13081929 7592230 39.7203
13081929 8494951 41.1072
13081929 13434763 42.7413
13081929 16561309 42.8788
13081929 8903247 45.5048
13081929 8226032 46.2672
13081929 2622135 47.3128
13081929 12037657 47.8338
13081929 2010960 47.9877
13081929 8523870 49.6733
13081929 3830492 52.3498
13081929 8532108 53.2194
13081929 11439317 53.9599
13081929 14875647 54.2286
13081929 3991597 56.3937
13081929 4017591 58.6689
13081929 1951960 59.6072
13081929 9718316 61.855
13081929 12903097 62.1956
13081929 4813517 66.2707
13081929 12456658 67.2133
13081929 8394914 68.0478
13081929 4223609 70.9535
13081929 14695875 71.4697
13081929 9933728 72.0386
13081929 6746039 72.4362
3359844 6284814 1.76868
3359844 12266821 2.06422
3359844 3625231 3.89251
3359844 9790026 4.03816
3359844 13979719 4.43639
3359844 12886659 5.41794
3359844 8417188 6.23052
3359844 1987734 7.16392
3359844 3487836 7.54429
3359844 312736 9.06871
3359844 8603044 9.91353
3359844 11619801 10.1291
3359844 16711150 10.6082
3359844 8020066 10.7921
3359844 12170833 10.8797
3359844 16753455 12.1494
3359844 2689756 14.5279
3359844 93572 15.2673
3359844 8674866 17.4628
3359844 1563437 18.0513
3359844 5340721 18.6635
3359844 9191300 18.9344
3359844 12472628 19.4315
3359844 11225802 20.3973
3359844 12680205 21.3676
3359844 6777606 21.4297
3359844 12231339 21.8437
3359844 3755465 23.0643
3359844 9996076 24.1296
3359844 3228855 24.1482
3359844 5441295 24.2073
3359844 14344053 24.3743
3359844 3691671 25.2673
3359844 9605643 28.0148
3359844 3196865 30.1229
3359844 2003515 30.8911
3359844 14271475 31.3789
3359844 9193176 32.1488
3359844 15309461 32.3588
3359844 9403847 32.7536
3359844 221323 33.0351
3359844 1295206 36.4435
3359844 8367034 37.0735
3359844 13936094 37.2987
3359844 10750766 37.7961
3359844 16435904 40.0083
3359844 6526541 40.2591
3359844 2411946 40.6103
3359844 14416459 41.5939
3359844 9154238 42.9955
3359844 8175174 43.4338
3359844 11567078 44.3561
3359844 15954028 44.7443
3359844 7752732 45.2176
3359844 10458804 45.2873
3359844 905180 46.6444
3359844 16677138 46.8271
3359844 4908326 48.5036
3359844 3215332 48.6412
3359844 3556825 49.5973
3359844 16608699 50.9205
3359844 6858589 52.4683
3359844 4547005 52.5584
3359844 11370550 52.639
3359844 12512249 52.769
3359844 14755681 53.0676
3359844 3942737 53.9889
3359844 13277102 55.8758
3359844 10081467 55.9295
3359844 12523006 56.6498
3359844 1302613 58.2257
3359844 4917377 59.1522
3359844 11125143 59.5078
3359844 3797796 60.2568
3359844 4714604 62.6029
3359844 6859664 64.198
3359844 12743934 65.5584
3359844 6033503 66.4566
3359844 5076549 67.0243
