9550940 2214891 770.204
9550940 7558605 770.329
9550940 4295589 770.455
9550940 4800217 770.482
9550940 9542398 770.505
9550940 2920379 770.534
9550940 954456 770.542
9550940 13320137 770.572
9550940 15303596 771.095
9550940 5198201 771.116
9550940 6624387 771.237
9550940 3064435 771.553
9550940 10488565 771.781
9550940 5182347 771.809
9550940 2429737 771.858
9550940 2213549 772.012
9550940 7962741 772.182
9550940 16407255 772.395
9550940 4316806 772.587
9550940 254137 772.643
9550940 12765214 772.784
9550940 15990334 772.877
9550940 8088913 773.058
9550940 2987755 773.522
9550940 3448185 773.524
9550940 16348516 773.568
9550940 15029324 773.763
9550940 6655287 773.794
9550940 9678298 773.925
9550940 12774783 774.517
9550940 13429806 774.926
9550940 9168954 774.977
9550940 5233496 775.268
9550940 5843561 775.363
9550940 12203509 775.488
9550940 11743388 775.671
9550940 15090747 775.733
9550940 9860789 776.14
9550940 10065426 776.211
9550940 8011426 776.304
9550940 6037882 776.383
9550940 2831392 776.491
9550940 7165868 776.543
9550940 4544550 776.961
9550940 15235409 777.259
9550940 9419681 777.303
9550940 11995622 777.436
9550940 449823 778.036
9550940 4046598 778.135
9550940 15602837 778.418
9550940 13263067 778.479
9550940 16407378 778.698
9550940 15920517 779.247
9550940 15111999 779.635
9550940 4867695 779.699
9550940 12340085 779.758
9550940 10302046 779.831
9550940 13074657 780.012
9550940 3217836 780.541
9550940 13609725 780.617
9550940 194051 780.679
9550940 264669 780.721
9550940 3827162 780.795
9550940 11735804 780.989
9550940 2646607 781.154
9550940 8152860 781.212
9550940 9019643 781.284
9550940 2189385 781.287
9550940 15092795 781.434
9550940 6656111 781.656
9550940 965880 782.134
9550940 14754079 782.157
9550940 1761202 782.228
9550940 15653195 782.406
9550940 13596062 782.657
9550940 5905 782.723
9550940 12626361 782.727
9550940 3704266 782.746
9550940 16546237 782.811
9550940 12834157 782.874
9550940 5760412 782.959
9550940 5854775 782.99
9550940 11591908 783.018
9550940 3977094 783.25
9550940 10503939 783.512
9550940 3728154 783.696
9550940 16610247 783.702
9550940 11120858 783.71
9550940 8096645 783.803
9550940 16473332 783.938
9550940 2541442 783.976
9550940 14353148 784.329
9550940 7926964 784.329
9550940 7488747 784.344
9550940 15627362 784.469
9550940 2580746 784.654
9550940 2034254 784.753
9550940 10440078 785.044
9550940 10853800 785.058
9550940 4795974 785.581
9550940 15732935 785.621
9550940 7259176 786.168
9550940 7842795 787.079
9550940 16243092 787.338
9550940 4092054 787.371
9550940 15547557 787.759
9550940 5539530 787.915
9550940 14794472 788.236
9550940 13240256 788.391
9550940 12868132 788.587
9550940 6994676 788.629
9550940 7471808 788.649
9550940 1005152 788.683
9550940 4491972 788.761
9550940 4631725 789.244
9550940 2846227 789.665
9550940 5324139 789.859
9550940 6719061 789.892
9550940 16146615 801.422
9550940 4794125 891.122
798514 3717210 62.848
798514 13055981 62.848
798514 14923196 62.848
798514 9319247 62.848
798514 11186462 62.848
798514 2710959 62.848
798514 909310 62.848
798514 15880265 62.848
798514 14078488 62.848
798514 12276971 62.848
798514 10475194 62.848
853350 2451593 96.7402
853350 14346046 96.7402
853350 16672111 96.7402
853350 9692060 96.7402
853350 12018125 96.7402
853350 7380986 96.7402
853350 5512619 96.7402
853350 11244060 96.7402
853350 9375821 96.7402
853350 14849726 96.7402
853350 12981487 96.7402
7803689 7431923 118.676
7803689 9365828 118.676
7803689 11168533 118.676
7803689 13102566 118.676
7803689 14905271 118.676
7803689 10400604 118.676
7803689 12202253 118.676
7803689 4570810 118.676
7803689 6372587 118.676
7803689 834072 118.676
7803689 2635849 118.676
15302646 359099 135.21
15302646 16446732 135.21
15302646 6880328 135.21
15302646 2226410 135.21
15302646 5013017 135.21
15302646 8407790 135.21
15302646 8373593 135.21
15302646 5981960 135.21
15302646 3588603 135.21
15302646 1196970 135.21
2230392 14877301 39.5255
2230392 2974454 39.5255
2230392 6235683 39.5255
2230392 14076176 39.5255
2230392 9427788 39.5255
2230392 7361787 39.5255
2230392 5559978 39.5255
2230392 3756121 39.5255
2230392 11576078 39.5255
2230392 16361388 39.5255
2230392 13513642 39.5255
2230392 267825 39.5255
2230392 2135136 39.5255
2230392 2127960 39.5255
2230392 326153 39.5255
2230392 6913274 39.5255
2230392 5111467 39.5255
2230392 11694364 39.5255
3930223 9469317 2.05572
3930223 7336498 2.05572
3930223 4943971 2.05572
3930223 2553488 2.05572
3930223 2639386 2.05572
3930223 14141869 2.05572
3930223 15944700 2.05572
3930223 10407183 2.05572
3930223 12210014 2.05572
3930223 3368504 2.05572
3930223 15231966 2.05572
3930223 1565801 2.05572
3930223 10579836 2.05572
3930223 13429135 2.05572
3930223 8777005 2.05572
3930223 11696427 2.05572
3930223 10103964 2.05572
3930223 4522150 2.05572
3930223 12226321 2.05572
3930223 10358080 2.05572
3930223 15961011 2.05572
3930223 14092770 2.05572
3930223 6168708 2.05572
3930223 8037077 2.05572
3930223 8727906 2.05572
3930223 10596147 2.05572
3930223 13380032 2.05572
3930223 15248273 2.05572
3930223 1511610 2.05572
3930223 15245069 2.05572
3930223 13376860 2.05572
3930223 10591151 2.05572
3930223 8722942 2.05572
3930223 798872 2.05572
3930223 2667209 2.05572
3930223 14105982 2.05572
3930223 15974191 2.05572
3930223 10369500 2.05572
3930223 12237709 2.05572
15230900 14414898 1.5695
15230900 1291164 2.43518
15230900 15246775 2.66658
15230900 7532086 2.70068
15230900 7373899 2.76944
15230900 3110144 2.77529
15230900 9729043 2.92442
15230900 14709702 2.96383
15230900 7157467 2.96721
15230900 11626895 3.67471
15230900 8117888 4.04102
15230900 741005 5.15374
15230900 11405004 5.76821
15230900 4924458 6.40837
15230900 4662748 6.56865
15230900 899778 6.99815
15230900 6368898 7.07527
15230900 14132433 7.37428
15230900 5016505 7.58001
15230900 14918274 8.12339
15230900 11042958 8.61021
15230900 1856926 8.93145
15230900 11547774 9.48
15230900 7726046 9.77545
15230900 11307698 9.85473
15230900 6952007 10.1755
15230900 3399190 10.8282
15230900 9949576 11.4531
15230900 3269476 11.9226
15230900 127271 12.0609
15230900 2536303 12.1258
15230900 5500493 12.1703
15230900 640239 12.2442
15230900 12338312 12.428
15230900 2765746 12.8843
15230900 15632131 13.3001
15230900 15351920 13.714
15230900 6095887 13.8415
15230900 13385796 14.6728
15230900 8491009 14.6788
15230900 13970797 14.951
15230900 16599017 15.2219
15230900 9484973 15.3823
15230900 9499640 15.6084
15230900 6068619 17.8108
15230900 6170348 18.0466
15230900 571749 18.1188
15230900 8322133 18.4112
15230900 16541371 19.2844
15230900 10375785 20.0628
15230900 9563735 20.786
15230900 11912895 20.8966
15230900 3895907 21.2068
15230900 8948757 21.8914
15230900 15798475 22.3357
15230900 12557310 24.0648
15230900 9506374 24.4934
15230900 7465614 24.6496
15230900 1589195 24.7746
15230900 12997056 25.0624
15230900 16118795 25.3548
15230900 4279365 25.6038
15230900 15990678 26.2175
15230900 4539636 26.5951
15230900 9083952 27.0612
15230900 670788 27.5416
15230900 4939689 27.6626
15230900 13573651 28.757
15230900 11805805 29.223
15230900 15979398 29.6139
15230900 8946984 29.784
15230900 2914011 30.0592
15230900 5024355 30.6748
15230900 12728281 31.9036
15230900 9008580 31.9446
15230900 290433 32.0364
15230900 4127183 32.8412
15230900 3766820 33.6346
15230900 6436463 33.8035
109302 2879337 1.70116
109302 9446911 1.79097
109302 1569184 1.99656
109302 13982664 2.27196
109302 4312540 2.92016
109302 9623241 3.60989
109302 3826296 4.89965
109302 15146120 4.94148
109302 2443453 5.18842
109302 13676671 5.36432
109302 13323003 6.82313
109302 3996118 7.39896
109302 4892018 7.63109
109302 11005106 8.80952
109302 16277925 8.81872
109302 3229263 9.39823
109302 8615235 9.46789
109302 10336305 9.80104
109302 5949633 10.265
109302 7995785 10.3857
109302 12764074 10.571
109302 14920887 11.4254
109302 8228798 11.6599
109302 6445896 12.1356
109302 4816873 12.6705
109302 3642650 13.1202
109302 15180490 13.6252
109302 16583064 14.0908
109302 11408621 14.5652
109302 3250897 15.1847
109302 1686835 15.4219
109302 13402603 15.7501
109302 37719 16.4077
109302 16502020 17.4736
109302 16387644 17.6441
109302 2065973 17.8706
109302 472362 18.6104
109302 14372182 19.1566
109302 12401930 19.2712
109302 1980077 19.5117
109302 4821527 20.3253
109302 7979251 20.8739
109302 7625571 21.1772
109302 16118946 21.988
109302 15540805 22.0602
109302 13069607 22.2159
109302 11847291 22.402
109302 8797227 22.8585
109302 12740849 22.9898
109302 4076036 23.1579
109302 8439509 23.5269
109302 15600399 23.6329
109302 2166953 23.76
109302 11853066 23.7929
109302 13478884 23.9411
109302 13917944 24.7581
109302 16498293 25.7159
109302 16563418 26.8939
109302 12953524 26.9852
109302 12706940 27.1251
109302 10080307 28.1086
109302 7545450 28.2438
109302 11537353 29.1982
109302 12157234 29.5639
109302 1301931 29.7376
109302 5601236 30.2743
109302 5805161 30.5148
109302 5138537 30.6196
109302 114665 30.8908
109302 11603034 31.5628
109302 5926380 32.0369
109302 4034611 32.1021
109302 11469143 32.2354
109302 14615432 33.422
109302 4037967 33.5157
109302 7799414 34.2464
109302 15330605 34.943
9657139 3342546 6.11451
9657139 16241104 6.22799
9657139 11808703 6.38251
9657139 12375849 6.88925
9657139 6677301 7.5189
9657139 9941316 7.74219
9657139 12563219 7.97794
9657139 10620683 9.3597
9657139 14686083 9.45507
9657139 12538438 9.8353
9657139 107917 10.2994
9657139 13039538 10.7748
9657139 3117863 10.9361
9657139 8419897 10.9547
9657139 15648174 11.0244
9657139 4238732 11.0744
9657139 12714865 11.3295
9657139 1580271 11.6121
9657139 9536034 11.6745
9657139 10170979 11.766
9657139 12592768 12.4936
9657139 4065434 12.5665
9657139 6865346 12.8482
9657139 7868100 13.781
9657139 4196694 14.0183
9657139 6614556 15.5228
9657139 11222689 16.1394
9657139 13890367 16.5844
9657139 15453306 16.7064
9657139 3965054 16.8948
9657139 12613982 17.0562
9657139 5446517 17.5676
9657139 11629875 17.8068
9657139 4731129 18.6031
9657139 4630916 19.4763
9657139 6749619 19.8357
9657139 9762610 20.0763
9657139 7251710 20.8252
9657139 5606371 21.289
9657139 16021914 21.9037
9657139 9315519 22.1162
9657139 12753001 22.567
9657139 5729860 23.3307
9657139 8954652 23.487
9657139 5754508 23.6503
9657139 2473667 23.9265
9657139 241149 24.4046
9657139 5714718 25.0636
9657139 12915714 25.8522
9657139 7679080 25.9564
9657139 7386005 26.1658
9657139 8731063 26.8805
9657139 2652663 28.0411
9657139 7756490 28.4128
9657139 13974935 28.6325
9657139 5003357 29.2119
9657139 9806241 29.2434
9657139 10867681 29.6854
9657139 6410342 29.945
9657139 16326796 30.8821
9657139 11491009 31.2153
9657139 9848799 31.3485
9657139 16260265 32.823
9657139 13759633 33.8195
9657139 6101298 34.4108
9657139 5515466 34.4646
9657139 6408613 34.9246
9657139 9418314 35.0951
9657139 2401868 35.1308
9657139 9145043 35.1468
9657139 12307136 35.2291
9657139 13157854 35.3198
9657139 9964860 35.3329
9657139 3910818 35.4343
9657139 2184455 35.7012
9657139 6520387 37.1245
9657139 6579418 37.6758
9657139 5798992 38.1893
9657139 179154 38.2625
9657139 9828389 38.3806
9657139 5909942 38.4208
9657139 8897823 38.4547
9657139 14499948 38.6868
9657139 8691513 39.4253
9657139 4028668 39.4285
9657139 10941192 40.3598
9657139 4159826 40.7326
9657139 10195317 41.3612
9657139 12518515 41.629
9657139 16619041 41.8133
9657139 16752030 42.0922
9657139 3206355 42.2655
9657139 7940536 42.9477
9657139 11485127 43.1635
9657139 6661778 43.3081
9657139 11326190 43.8344
9657139 9411349 43.856
9657139 1349519 44.1283
9657139 8530770 44.325
9657139 2073915 44.9306
9657139 2251732 45.0683
9657139 14741238 45.3087
9657139 3623519 45.6634
9657139 8706921 45.7645
9657139 9681783 45.7764
9657139 15261973 45.8023
9657139 8195089 46.2754
9657139 6605057 46.3181
9657139 5485042 46.3572
9657139 10132791 46.6618
9657139 13884354 46.6743
9657139 13291998 47.0291
9657139 10955530 47.0439
9657139 10790886 47.0979
9657139 10479917 47.2495
9657139 7166113 47.5608
9657139 11381404 47.6827
9657139 5645187 47.6966
9657139 11041091 48.0592
9657139 14489112 48.1144
1351619 467755 33.3438
1351619 14458795 33.5475
1351619 5777863 33.8075
1351619 12816782 33.9376
1351619 1396508 34.1322
1351619 13145436 35.5851
1351619 2148043 35.7486
1351619 7090790 36.0082
1351619 15712927 36.2926
1351619 5098607 36.362
1351619 9343895 36.4486
1351619 10417228 36.49
1351619 720061 37.1578
1351619 6739411 37.2463
1351619 574509 37.8719
1351619 168660 38.0937
1351619 10893265 38.8074
1351619 7052545 38.8798
1351619 5051237 38.9158
1351619 9006154 38.9773
1351619 7740232 39.014
1351619 4356697 39.1094
1351619 15879596 39.1448
1351619 13773131 39.5572
1351619 1722259 39.7025
1351619 9193090 39.7389
1351619 5909138 39.7877
1351619 8451085 39.8637
1351619 13776860 40.1252
1351619 4836582 40.2798
1351619 12588256 40.2973
1351619 14946375 40.4894
1351619 6274938 40.6194
1351619 9365645 40.7845
1351619 2711234 40.8712
1351619 10755819 41.0188
1351619 13817900 41.0324
1351619 16584403 41.286
1351619 1436257 41.3433
1351619 3274998 41.3896
1351619 15816149 41.7569
1351619 4263866 41.8296
1351619 16099650 41.9043
1351619 4750404 41.9065
1351619 14699385 42.0804
1351619 9455772 42.1422
1351619 13105198 42.3111
1351619 15158384 42.3214
1351619 13788405 42.3232
1351619 11834194 42.4633
1351619 4583257 42.5595
1351619 13478189 42.5867
1351619 5301090 43.0191
1351619 3625307 43.0531
1351619 14160329 43.304
1351619 3064445 43.3465
1351619 195173 43.4605
1351619 13800014 43.464
1351619 4026973 43.4677
1351619 5952044 43.4841
1351619 4641296 43.9456
1351619 6979307 44.1227
1351619 14527928 44.2064
1351619 10356575 44.4388
1351619 9558152 44.4405
1351619 3694678 44.4746
1351619 3982675 44.7116
1351619 10407428 44.786
1351619 10518926 44.8182
1351619 12797308 45.0427
1351619 12405916 45.1106
1351619 3820944 45.3705
1351619 15998311 45.4031
1351619 3503426 45.8907
1351619 10947918 45.8909
1351619 13771167 45.9202
1351619 16027287 46.0018
1351619 773108 46.1484
1351619 1109667 46.3791
1351619 15731162 46.4144
1351619 6295887 46.5101
1351619 11040329 46.8638
1351619 8425343 47.0273
1351619 14827175 47.0393
1351619 3909796 47.3433
1351619 9044189 47.5465
1351619 6660510 47.5658
1351619 2717405 47.5944
1351619 6439615 48.0369
1351619 14336196 48.0501
1351619 14600893 48.204
1351619 2001520 48.2845
1351619 2595656 48.3113
1351619 16572775 48.3182
1351619 12112817 48.3235
1351619 10357084 48.5721
1351619 13089910 48.6879
1351619 2214891 49.2005
1351619 7558605 49.325
1351619 4295589 49.4509
1351619 4800217 49.4783
1351619 9542398 49.5018
1351619 2920379 49.5307
1351619 954456 49.5381
1351619 13320137 49.5688
1351619 15303596 50.0909
1351619 5198201 50.1127
1351619 6624387 50.233
1351619 3064435 50.5496
1351619 10488565 50.7777
1351619 5182347 50.8051
1351619 2429737 50.8546
1351619 2213549 51.0079
1351619 7962741 51.178
1351619 16407255 51.3913
1351619 4316806 51.5834
1351619 254137 51.6393
1351619 12765214 51.7804
1351619 15990334 51.8735
1351619 8088913 52.0539
7906876 2987755 52.5179
7906876 3448185 52.5201
7906876 16348516 52.564
7906876 15029324 52.7591
7906876 6655287 52.7905
7906876 9678298 52.921
7906876 12774783 53.5132
7906876 13429806 53.9223
7906876 9168954 53.9737
7906876 5233496 54.264
7906876 5843561 54.3592
7906876 12203509 54.4839
7906876 11743388 54.667
7906876 15090747 54.729
7906876 9860789 55.1362
7906876 10065426 55.2074
7906876 8011426 55.3003
7906876 6037882 55.3796
7906876 2831392 55.4872
7906876 7165868 55.5398
7906876 4544550 55.9576
7906876 15235409 56.2548
7906876 9419681 56.299
7906876 11995622 56.4321
7906876 449823 57.0322
7906876 4046598 57.1309
7906876 15602837 57.4139
7906876 13263067 57.4751
7906876 16407378 57.6944
7906876 15920517 58.2431
7906876 15111999 58.6317
7906876 4867695 58.6958
7906876 12340085 58.754
7906876 10302046 58.8273
7906876 13074657 59.0085
7906876 3217836 59.537
7906876 13609725 59.6138
7906876 194051 59.6753
7906876 264669 59.7173
7906876 3827162 59.7911
7906876 11735804 59.9856
7906876 2646607 60.1504
7906876 8152860 60.208
7906876 9019643 60.2803
7906876 2189385 60.2837
7906876 15092795 60.4308
7906876 6656111 60.6521
7906876 965880 61.1299
7906876 14754079 61.1536
7906876 1761202 61.2246
7906876 660350 61.2557
7906876 15653195 61.4025
7906876 4675132 61.4683
7906876 13596062 61.6534
7906876 5905 61.719
7906876 12626361 61.7238
7906876 3704266 61.7427
7906876 16546237 61.807
7906876 12834157 61.8704
7906876 5760412 61.9552
7906876 5854775 61.9863
7906876 11591908 62.0145
7906876 3977094 62.2465
7906876 10503939 62.5085
7906876 3728154 62.6926
7906876 16610247 62.6984
7906876 11120858 62.706
7906876 8096645 62.7988
7906876 16473332 62.9345
7906876 2541442 62.9728
7906876 14353148 63.325
7906876 7926964 63.3254
7906876 7488747 63.3401
7906876 15627362 63.4649
7906876 2580746 63.6504
7906876 2034254 63.7489
7906876 10440078 64.0399
7906876 10853800 64.0547
7906876 4795974 64.5773
7906876 15732935 64.6173
7906876 7259176 65.1647
7906876 7842795 66.0753
7906876 16243092 66.3339
7906876 4092054 66.3671
7906876 15547557 66.7554
7906876 5539530 66.9114
7906876 14794472 67.232
7906876 13240256 67.3874
7906876 12868132 67.5828
7906876 6994676 67.6255
7906876 7471808 67.6451
7906876 1005152 67.6792
7906876 4491972 67.7573
7906876 4631725 68.24
7906876 2846227 68.6611
7906876 5324139 68.8558
7906876 6719061 68.888
7906876 16146615 80.4188
7906876 5542958 167.862
7906876 15456367 168.802
7906876 13382635 168.923
7906876 16628711 169.204
7906876 4778603 170.118
13022621 10396501 7.71363
13022621 9466368 7.90625
13022621 2141503 8.02885
13022621 604143 8.17346
13022621 6633950 8.26974
13022621 8020085 8.39064
13022621 16673488 8.49556
13022621 1683871 8.58439
13022621 6682000 8.59806
13022621 5775974 8.76107
13022621 16607500 8.77992
13022621 12753258 8.92195
13022621 2292382 9.02143
13022621 7318235 9.15362
13022621 7300888 9.22563
13022621 15028295 9.24686
13022621 8314666 9.40142
13022621 12847960 9.8402
13022621 5965494 9.8635
13022621 4992766 10.1463
13022621 10206113 10.1564
13022621 13683219 10.2176
13022621 11860001 10.8897
13022621 11616306 10.9526
13022621 15452229 10.9669
13022621 7528594 10.9837
13022621 11622356 10.9844
13022621 14553659 11.0353
13022621 9584355 11.0876
13022621 14199573 11.0976
13022621 13182080 11.6224
13022621 8266263 11.7314
13022621 2704587 12.1094
13022621 2350333 12.1514
13022621 9896257 12.2343
13022621 4863637 12.2468
13022621 9009915 12.3046
13022621 12515769 12.4446
13022621 14978188 12.5036
13022621 10578646 12.5631
13022621 3897410 12.6618
13022621 4649912 12.9192
13022621 12791561 13.0722
13022621 9576754 13.3718
13022621 10443070 13.5662
13022621 2805888 13.5975
13022621 15035984 13.6574
13022621 7490939 14.7861
13022621 9670487 15.5
13022621 8646488 15.5306
13022621 3455561 15.6291
13022621 13882048 15.6744
13022621 2800885 15.8667
13022621 5013200 15.893
13022621 7840631 15.9586
13022621 7544439 16.0113
13022621 8699630 16.0238
13022621 2582168 16.392
13022621 10953896 16.3951
13022621 14801721 16.7196
13022621 12620425 16.7348
13022621 11346935 16.7877
13022621 325613 16.9691
13022621 2009118 16.9971
13022621 14058360 17.0882
13022621 5111901 17.2561
13022621 8811662 17.5123
13022621 14488190 17.7393
13022621 287437 18.0344
13022621 2814192 18.133
13022621 313758 18.2223
13022621 8801417 18.3666
13022621 14951197 18.3994
13022621 1162059 18.5599
13022621 7724451 18.8256
13022621 8819676 18.8971
13022621 9527292 18.9896
13022621 11376505 19.1124
13022621 1001121 19.1529
13022621 10869500 19.2572
13022621 12346334 19.3163
13022621 15458217 19.3265
13022621 13545528 19.3871
13022621 3585840 19.396
13022621 4296962 19.4582
13022621 11893052 19.84
13022621 13644062 19.8803
13022621 5495693 19.9271
13022621 12101039 19.9719
13022621 654878 20.0426
13022621 28803 20.1994
13022621 2355577 20.2194
13022621 12817337 20.2685
13022621 16385016 20.3265
13022621 15750314 20.3294
13022621 10538574 20.4604
13022621 1828043 20.5344
13022621 11800905 20.5886
13022621 5638566 20.6239
13022621 9263433 20.7176
13022621 13345196 20.8537
13022621 11889542 20.8608
13022621 6078713 20.9725
13022621 10109897 20.9877
13022621 10372769 20.9979
13022621 4093018 21.1623
13022621 9257579 21.3619
13022621 6836579 21.504
13022621 1391778 21.9182
13022621 13332499 22.606
13022621 7834222 22.975
13022621 531716 23.0388
13022621 1553553 23.3109
13022621 10580068 23.5267
13022621 13841019 23.6795
13022621 3154 23.8332
13022621 11252722 24.0072
13022621 1579480 24.0261
13022621 5682283 24.064
13022621 7665235 24.17
15579258 9280474 3.23637
15579258 5872756 3.46148
15579258 1501927 3.51728
15579258 6548441 4.08958
15579258 2806354 4.09659
15579258 9653822 4.28802
15579258 8534468 4.35204
15579258 11892969 4.38793
15579258 4335682 4.7642
15579258 4790636 4.86897
15579258 6924765 5.04617
15579258 7028324 5.11614
15579258 5255020 5.1348
15579258 7700705 5.16009
15579258 3129315 5.16425
15579258 11319975 5.2053
15579258 10176738 5.31048
15579258 11336567 5.55828
15579258 6452267 5.79264
15579258 2385725 6.04514
15579258 2421808 6.07623
15579258 10943805 6.17059
15579258 13676957 6.4045
15579258 7164643 6.45622
15579258 4154597 6.70135
15579258 1911396 6.93287
15579258 14252765 6.9911
15579258 8094712 7.03871
15579258 11885318 7.13028
15579258 6473728 7.19794
15579258 489475 7.47867
15579258 1579190 7.60074
15579258 10889593 7.65733
15579258 5911016 7.69881
15579258 16614632 7.77968
15579258 13200080 7.87759
15579258 7187624 8.09923
15579258 14018569 8.24918
15579258 14276077 8.25434
15579258 12069944 8.34753
15579258 2734107 8.40295
15579258 745722 8.49106
15579258 7486951 8.49333
15579258 9824219 8.55389
15579258 7148820 9.02389
15579258 9765302 9.39478
15579258 2285097 9.66049
15579258 12102532 9.6678
15579258 8253322 10.2941
15579258 6010855 10.4119
15579258 5238060 10.5917
15579258 3241729 10.6963
15579258 13643814 10.8196
15579258 6123524 10.8893
15579258 3912435 10.9922
15579258 9300717 11.0939
15579258 15858507 11.7449
15579258 6875907 11.7976
15579258 12164023 12.0172
15579258 9527303 12.0354
15579258 8789986 12.0458
15579258 4081113 12.073
15579258 12289901 12.2265
15579258 16335459 12.2674
15579258 11681564 12.5758
15579258 9481572 12.6022
15579258 14046582 12.6241
15579258 4072355 12.826
15579258 327164 13.001
15579258 14765136 13.0856
15579258 3573035 13.373
15579258 9389012 13.601
15579258 8632222 13.8666
15579258 2932201 13.9583
15579258 6267342 13.9973
15579258 15093052 14.0325
15579258 8232497 14.0803
15579258 10303157 14.2096
15579258 7831981 14.3178
15579258 1448424 14.5493
15579258 10231225 14.5768
15579258 5950217 14.8231
15579258 13022961 14.9213
15579258 6653568 14.9223
15579258 2159907 15.0218
15579258 11927793 15.1471
15579258 16081014 15.2322
15579258 10467295 15.2354
15579258 11937178 15.2925
15579258 7881835 15.499
15579258 7960467 15.6473
15579258 9086997 15.7762
15579258 2663328 16.0007
15579258 11005186 16.1314
15579258 8055543 16.161
15579258 4599039 16.314
15579258 11986165 16.332
15579258 9215352 16.3497
15579258 512427 17.1459
15579258 11334721 17.315
15579258 11980945 17.4115
15579258 15013363 17.5956
15579258 1236398 17.6481
15579258 3787744 17.663
15579258 5287377 17.7245
15579258 7549138 17.8619
15579258 14235513 17.8989
15579258 6766604 17.9259
15579258 4008536 17.9267
15579258 9342358 18.1517
15579258 1601358 18.163
15579258 6617811 18.2347
15579258 16568294 18.3123
15579258 2089058 18.3279
15579258 2674301 18.4355
15579258 15404308 18.6399
15579258 3619057 18.7525
15579258 7095710 18.8009
15579258 7947838 18.8332
15579258 11401677 18.8381
2948331 11292671 2.92534
2948331 8096786 2.96126
2948331 5925945 2.96883
2948331 16191541 2.98617
2948331 15131673 3.14264
2948331 338886 3.44559
2948331 13623101 3.4473
2948331 14761967 3.54373
2948331 7372861 3.55335
2948331 11287193 3.82137
2948331 12989533 3.87908
2948331 6141193 4.34957
2948331 2632114 4.35429
2948331 13540177 4.45296
2948331 9715621 4.50396
2948331 3063272 4.53931
2948331 6567265 4.54398
2948331 16056732 4.65574
2948331 13960672 4.94864
2948331 4269095 5.09212
2948331 3755124 5.52597
2948331 14911396 5.70749
2948331 3536287 5.77339
2948331 1113845 5.77952
2948331 14645760 6.19394
2948331 16351314 7.03642
2948331 1046416 7.1715
2948331 12141327 7.20665
2948331 8268553 7.24158
2948331 5941372 7.32528
2948331 4446393 7.37122
2948331 7054392 7.56438
2948331 13747541 7.57183
2948331 3599434 7.67106
2948331 5502471 7.70606
2948331 9784511 7.80533
2948331 16563633 8.34482
2948331 4272177 8.53687
2948331 1193211 8.62287
2948331 13728256 9.00956
2948331 11988189 9.06559
2948331 5931838 9.20011
2948331 2709112 9.58001
2948331 3505805 9.64769
2948331 3161519 9.84606
2948331 13923148 10.2014
2948331 14147681 10.404
2948331 7122740 10.416
2948331 13351391 10.4273
2948331 6987943 10.4505
2948331 15177684 10.9518
2948331 13884751 10.9703
2948331 15626924 11.3151
2948331 3389157 11.4189
2948331 11557448 11.7612
2948331 15694779 11.9163
2948331 10244545 12.2097
2948331 8930337 12.2709
2948331 15870991 12.3127
2948331 3321862 12.3497
2948331 3964045 12.8898
2948331 4606693 13.1542
2948331 2135436 13.3907
2948331 12027603 13.4569
2948331 14967088 13.5394
2948331 13972659 13.5675
2948331 9315748 13.661
2948331 6120229 13.7503
2948331 845738 13.7576
2948331 14131282 13.7807
2948331 4971067 14.1971
2948331 15637918 14.5481
2948331 5524351 14.8383
2948331 824319 14.982
2948331 14822683 15.2348
2948331 12207963 15.3108
2948331 3575777 15.4794
2948331 2066587 15.7368
2948331 4219930 15.796
2948331 2998324 15.8253
2948331 13877960 16.175
2948331 12156767 16.189
2948331 3551773 16.1898
2948331 6536527 16.2966
2948331 10635732 16.3841
2948331 2748356 16.3949
2948331 102635 16.4157
2948331 3298673 16.5938
2948331 6855516 16.677
2948331 8102479 16.757
2948331 8306245 16.8484
2948331 11233340 16.8548
2948331 10591973 17.2721
2948331 179901 17.4162
2948331 8103740 17.5992
2948331 4769389 17.7628
2948331 543144 17.8734
2948331 12580460 17.948
2948331 6758962 17.9697
2948331 16550102 18.0824
2948331 13736578 18.4772
2948331 10540202 18.4912
2948331 10965632 18.8875
2948331 14314126 19.1316
2948331 4063701 19.137
2948331 12892650 19.1904
2948331 7447416 19.5482
2948331 11207890 19.7295
2948331 2205937 19.8125
2948331 2310625 19.8369
2948331 3689407 20.0502
2948331 1188224 20.2628
2948331 1352706 20.5006
13823214 3205141 1.02366
13823214 12048737 1.02366
13823214 13592482 1.02366
13823214 9657136 1.02366
13823214 1337924 1.02366
13823214 10674513 1.02366
13823214 15459827 1.02366
13823214 7990455 1.02366
13823214 2478117 1.02366
13823214 14311314 1.02366
13823214 16702915 1.02366
13823214 1345148 1.02366
13823214 3146797 1.02366
13823214 6123238 1.02366
7314306 1288486 3.03562
7314306 7913628 3.24221
7314306 16576496 3.31543
7314306 12419057 3.43206
7314306 1658379 3.62229
7314306 4648659 3.88965
7314306 1558074 3.99297
7314306 12775685 4.03549
7314306 7466199 4.06064
7314306 6889278 4.1389
7314306 6787216 4.44049
7314306 11347718 4.47696
7314306 6680282 5.00124
7314306 15058978 5.38635
7314306 16525690 5.53239
7314306 2013972 5.57764
7314306 12336946 5.73788
7314306 9620362 5.7865
7314306 76541 5.87098
7314306 63077 5.9326
7314306 42245 5.94187
7314306 11324130 5.98212
7314306 8231538 6.30061
7314306 993464 6.43657
7314306 8517184 6.51625
7314306 15291279 6.59876
7314306 10448457 6.6353
7314306 11531569 7.1841
7314306 15980615 7.38618
7314306 15341483 7.39538
7314306 7249211 7.47817
7314306 8825234 7.59013
7314306 9590121 7.79794
7314306 14703392 7.88157
7314306 6491864 7.97071
7314306 1462619 7.99398
7314306 4204505 8.00796
7314306 16211720 8.03679
7314306 14681650 8.06394
7314306 6980247 8.16243
7314306 11453702 8.46168
7314306 3498231 8.53026
7314306 4738266 8.69119
7314306 2017705 8.71226
7314306 4926082 8.7554
7314306 11650491 8.90646
7314306 11448261 8.95939
7314306 4955593 9.023
7314306 11192381 9.18264
7314306 7664330 9.30833
7314306 11721295 9.43186
7314306 11196496 9.54269
7314306 16538750 9.82031
7314306 1496440 9.82278
7314306 11807743 9.84278
7314306 13983445 9.8654
7314306 10458351 10.0946
7314306 14033691 10.4085
7314306 2298397 10.644
7314306 11746473 10.6442
7314306 4614829 11.1022
7314306 2791148 11.1199
7314306 358234 11.1398
7314306 4279753 11.2578
7314306 16074619 11.2943
7314306 15163096 11.3958
7314306 5337638 11.4114
7314306 2333020 11.61
7314306 16381487 12.0291
7314306 8966435 12.0292
7314306 14319018 12.0531
7314306 645320 12.1692
7314306 2127197 12.3634
7314306 8064206 12.4282
7314306 10311140 12.5506
7314306 5885738 12.6846
7314306 9339718 12.7173
7314306 2821264 12.7444
7314306 2845050 12.9212
7314306 9822029 12.9535
7314306 4158191 13.1048
7314306 2692670 13.2017
7314306 10317640 13.5196
7314306 15315831 13.5813
7314306 12550841 13.8605
7314306 10351863 13.9104
7314306 7688181 13.9912
7314306 13490529 14.0341
7314306 8814296 14.1842
7314306 8756678 14.2829
7314306 9918846 14.3325
7314306 1593918 14.3997
7314306 4483567 14.6712
7314306 13931871 14.8399
7314306 272623 14.87
7314306 7588471 15.1636
7314306 11756855 15.2183
7314306 14553862 15.2333
7314306 10304892 15.3313
7314306 8661596 15.5825
7314306 1437242 15.7008
7314306 11394437 16.1589
7314306 12881959 16.1819
7314306 1909990 16.2213
7314306 1939102 16.289
7314306 653319 16.4797
7314306 6407919 17.0549
7314306 13629025 17.2364
7314306 9494656 17.4784
7314306 5639044 17.5965
7314306 7523452 17.7712
7314306 9605663 18.1115
7314306 5338264 18.1929
7314306 12215835 23.7301
7314306 11228029 18.2275
7314306 7925442 18.4055
7314306 4545889 19.5053
7314306 6332188 20.0777
7314306 13431309 20.7461
7314306 14886093 23.219
3688984 6659152 4.95798
3688984 3297742 4.97546
3688984 1064694 5.02992
3688984 9425417 5.33813
3688984 16111436 5.40017
3688984 7514726 5.83139
3688984 8865325 5.85803
3688984 214408 5.90835
3688984 7541831 6.0877
3688984 1403847 6.55102
3688984 3508994 6.56676
3688984 9773806 6.57148
3688984 13613173 6.70679
3688984 11162988 6.93401
3688984 4061269 7.16413
3688984 7836146 7.66974
3688984 6036793 7.96157
3688984 7009827 8.16762
3688984 7824318 8.49738
3688984 12533725 8.74769
3688984 16439202 8.79583
3688984 11650738 8.95467
3688984 2112325 9.06493
3688984 13439190 9.11186
3688984 16636789 9.30407
3688984 4062617 9.31095
3688984 11331110 9.51753
3688984 2480999 9.5982
3688984 6385688 9.66555
3688984 13633664 9.66573
3688984 2133427 9.7591
3688984 5144799 9.76536
3688984 11989680 10.2086
3688984 16070145 10.5232
3688984 3458912 10.6936
3688984 16440311 10.8798
3688984 16700035 10.8928
3688984 14102039 10.9576
3688984 5520826 11.0121
3688984 937619 11.3543
3688984 8922129 11.4126
3688984 5487216 11.4619
3688984 10171333 11.6247
3688984 11316380 11.7342
3688984 15705272 11.8473
3688984 11814012 11.8852
3688984 3728401 12.0141
3688984 4502876 12.0489
3688984 11293092 12.1137
3688984 1170482 12.2901
3688984 2147406 12.4127
3688984 10717378 12.4306
3688984 1299873 12.4794
3688984 8274395 12.7729
3688984 4392189 12.8071
3688984 12010361 12.8446
3688984 14652966 12.8863
3688984 14032354 13.0422
3688984 7553070 13.1516
3688984 2247540 13.3241
3688984 12993614 13.3838
3688984 15893027 13.4737
3688984 16558299 13.604
3688984 4910087 13.7081
3688984 1713091 13.8075
3688984 71094 13.8627
3688984 4078420 14.0446
3688984 5452560 14.1423
3688984 10427695 14.2164
3688984 13392606 14.3256
3688984 15600289 14.4542
3688984 1858663 14.4705
3688984 1197461 14.9214
3688984 14149522 15.0924
3688984 13133317 15.3933
3688984 7726904 15.4493
3688984 10805769 15.7596
3688984 1301988 15.9834
3688984 13102212 16.0356
3688984 1023900 16.5343
3688984 10113527 16.7959
3688984 12244803 16.8036
3688984 7069794 16.8601
3688984 12644825 16.8722
3688984 16344226 16.924
3688984 10782378 17.0115
3688984 7408589 17.051
3688984 14601569 17.0976
3688984 5842708 17.2784
3688984 15127139 17.3822
3688984 3365480 17.8084
3688984 10962415 17.9043
3688984 14696106 18.067
3688984 4925574 18.0738
3688984 11167108 18.0843
3688984 8511486 18.088
3688984 12574384 18.2302
3688984 3039825 18.2361
3688984 4051850 18.3494
3688984 10961602 18.3688
3688984 1701267 18.4815
3688984 12871215 18.5945
3688984 7039783 18.6178
3688984 1530569 18.7075
3688984 5248488 18.8039
3688984 7407483 18.8487
3688984 12055047 18.9437
3688984 14476907 19.0384
3688984 6486030 19.1495
3688984 2134501 19.6409
3688984 8784874 19.711
3688984 14224614 19.7332
3688984 10729362 19.7685
3688984 7247976 19.7723
3688984 3657061 19.8054
3688984 1225484 20.0385
3688984 10118632 20.0588
3688984 2615697 20.1531
3688984 4522971 20.1907
3688984 10027737 70.3353
9608588 3200090 6.04106
9608588 5916497 6.1261
9608588 14914031 6.30246
9608588 64476 6.37676
9608588 1290780 6.48485
9608588 13318270 6.5359
9608588 5231917 6.70495
9608588 10015617 6.82818
9608588 11248915 7.01435
9608588 430063 7.1725
9608588 7678324 7.33808
9608588 4148037 7.36718
9608588 4634476 7.41991
9608588 11062272 7.46247
9608588 5070093 7.48326
9608588 4212559 7.84912
9608588 12117186 7.85148
9608588 3754645 7.9073
9608588 8804685 7.95326
9608588 14594188 8.03757
9608588 3002669 8.03904
9608588 1516107 8.11897
9608588 4368067 8.19903
9608588 3514629 8.25011
9608588 7049340 8.60496
9608588 10538166 8.69258
9608588 10538363 8.85883
9608588 6677643 9.12387
9608588 16283634 9.47181
9608588 170480 9.63869
9608588 7181183 9.78629
9608588 9228589 9.79667
9608588 9891720 9.92288
9608588 2983370 10.1098
9608588 14519834 10.1845
9608588 4799049 10.264
9608588 6379911 10.5667
9608588 15648914 10.7957
9608588 8228498 11.0876
9608588 2091228 11.1185
9608588 6993709 11.2009
9608588 2527267 11.3402
9608588 12732489 11.3831
9608588 14057757 11.5849
9608588 13658856 11.6419
9608588 16066389 11.7206
9608588 1033445 11.8689
9608588 4247043 12.1637
9608588 13848219 12.1679
9608588 13430461 12.2021
9608588 12435200 12.2128
9608588 1905456 12.3575
9608588 2724250 12.4233
9608588 16653643 12.4879
9608588 16531395 12.601
9608588 7429917 12.6475
9608588 9865066 12.7943
9608588 7682645 12.7976
9608588 16457055 13.0929
9608588 4777148 13.2836
9608588 13412881 13.3331
9608588 14255142 13.3611
9608588 2984941 13.402
9608588 7008904 13.4071
9608588 5746681 13.4763
9608588 2516835 13.5813
9608588 6594560 13.8115
9608588 13901963 13.9636
9608588 2530149 13.9731
9608588 13613572 13.982
9608588 2381801 14.0725
9608588 14396400 14.122
9608588 1449700 14.1714
9608588 13803847 14.3539
9608588 15051170 14.5118
9608588 7010189 14.6895
9608588 16716574 14.8518
9608588 14187038 14.8687
9608588 12800046 15.433
9608588 10883750 16.0102
9608588 13314756 16.3559
9608588 7454651 16.3934
9608588 907438 16.405
9608588 6233646 16.4828
9608588 10972750 16.7335
9608588 13888364 16.851
9608588 15985375 17.0243
9608588 7734228 17.0482
9608588 8646192 17.1041
9608588 14932456 17.3194
9608588 10959737 17.7329
9608588 9589335 17.9063
9608588 1282600 17.9264
9608588 300029 18.0149
9608588 4849342 18.3441
9608588 3334229 18.4121
9608588 14587068 18.4356
9608588 6711587 18.4772
9608588 11570244 18.4874
9608588 12409127 18.5247
9608588 15502645 18.5262
9608588 8070877 18.7166
9608588 13231669 18.8003
9608588 10629365 18.8818
9608588 10826663 18.9359
9608588 6707329 18.9939
9608588 4026182 19.0669
9608588 3680933 19.1862
9608588 11149094 19.1973
9608588 11312509 19.5048
9608588 10859851 19.6629
9608588 1345253 19.6986
9608588 10152267 20.1636
9608588 460583 20.2095
9608588 10139622 20.3267
9608588 7508339 20.4351
9608588 16238625 20.6902
9608588 14240919 20.7518
9608588 12650802 20.9705
9608588 5106716 21.1064
3701059 2636595 1.683
3701059 1496771 2.16535
3701059 12472194 2.17649
3701059 3116889 2.3167
3701059 15660210 2.59561
3701059 8641366 2.60972
3701059 4165598 2.62563
3701059 12379716 3.5383
3701059 5339616 4.02799
3701059 3346006 4.81881
3701059 5530136 5.0075
3701059 5699515 5.44131
3701059 2370467 5.56874
3701059 14723310 5.78564
3701059 5183606 6.01389
3701059 8020817 6.51608
3701059 11386503 6.72457
3701059 7115106 7.036
3701059 16570471 7.27197
3701059 4502297 8.07941
3701059 6933550 9.27646
3701059 11014187 9.40299
3701059 3250766 10.1346
3701059 10502784 10.8734
3701059 313762 11.0243
3701059 12144604 11.2575
3701059 15705238 11.4969
3701059 11543606 11.5016
3701059 2193521 11.6531
3701059 2547456 11.9201
3701059 8835669 12.6195
3701059 9766443 13.2983
3701059 10110275 13.7726
3701059 15224641 13.9046
3701059 12298464 14.0518
3701059 943003 14.8666
3701059 2496265 15.5304
3701059 8215498 15.681
3701059 734123 17.1174
3701059 8267842 17.2983
3701059 9708622 17.8614
3701059 6719376 18.7939
3701059 8592737 19.3972
3701059 2983758 19.4981
3701059 16222697 20.6119
3701059 10788579 21.4725
3701059 3908033 21.5812
3701059 12170138 21.7332
3701059 12880241 22.0392
3701059 1721042 22.211
3701059 14273711 22.2489
3701059 6707752 23.3227
3701059 1523445 23.3379
3701059 13384654 23.6394
3701059 1282071 23.8457
3701059 260185 24.0268
3701059 1036067 24.308
3701059 3778740 24.6263
3701059 6193032 24.7674
3701059 12269644 25.1016
3701059 15155254 25.1258
3701059 13552706 25.4054
3701059 2005536 25.6446
3701059 15077730 25.9709
3701059 3636759 26.0878
3701059 5730708 26.2544
3701059 1766942 26.4451
3701059 3582770 27.1216
3701059 14464463 27.2902
3701059 3342224 27.5924
3701059 16189066 27.6142
3701059 7527763 27.7363
3701059 13997210 27.7713
3701059 10160019 132.137
3701059 12386136 136.527
3701059 10414140 137.874
3701059 11044044 139.508
3701059 10977628 241.031
10409816 11793841 1.65827
10409816 5379364 1.73964
10409816 10150080 2.16491
10409816 14663090 2.35207
10409816 7380716 2.50445
10409816 14803323 2.69683
10409816 13025172 3.76543
10409816 8326793 4.09191
10409816 4780480 4.48337
10409816 1354151 4.51354
10409816 10865450 4.69545
10409816 8834012 5.79944
10409816 10118946 6.16409
10409816 6800841 6.22179
10409816 1279942 9.19989
10409816 9938838 9.56422
10409816 12960352 9.96048
10409816 9830189 10.3372
10409816 9410296 10.6381
10409816 12189736 10.6811
10409816 11320065 11.6374
10409816 8600087 12.3191
10409816 5988322 12.4457
10409816 4546394 12.7202
10409816 6264007 13.3818
10409816 11158266 13.4625
10409816 8577512 13.9808
10409816 6119353 13.9947
10409816 8041765 14.4636
10409816 15809558 14.597
10409816 7750906 14.7321
10409816 4391740 14.9883
10409816 3293132 15.4954
10409816 12752088 16.3634
10409816 4504594 16.4702
10409816 12762541 16.5783
10409816 12132361 17.5883
10409816 8835350 17.7272
10409816 15101592 18.0681
10409816 16693603 18.2795
10409816 5547352 18.4671
10409816 11299086 18.7963
10409816 2430874 18.8381
10409816 7566540 19.1909
10409816 6709833 19.2084
10409816 8770885 19.5064
10409816 13119808 19.5491
10409816 6111217 19.7916
10409816 16581315 19.8198
10409816 11817629 19.9659
10409816 10393332 20.1009
10409816 10793679 20.2896
10409816 8439206 20.3122
10409816 14031335 20.4912
10409816 9804830 20.703
10409816 10357785 20.7481
10409816 3378473 21.0624
10409816 10391827 21.1191
10409816 13746577 21.2823
10409816 5793395 21.6099
10409816 15968257 21.8775
10409816 7222543 22.927
10409816 2160983 23.4092
10409816 6422654 24.626
10409816 3647721 25.2788
10409816 5134235 25.5979
10409816 2395688 25.6587
10409816 4293501 25.8304
10409816 9420562 25.9137
10409816 546800 26.776
10409816 14036717 27.1086
10409816 11048601 27.1104
10409816 11238132 27.1371
10409816 15539715 27.8819
10409816 14946537 28.1494
10409816 13447324 30.7261
10409816 2531962 31.1037
3253836 14089385 2.0548
3253836 16412889 2.06789
3253836 4977122 2.1181
3253836 10881647 2.27595
3253836 14502517 2.41719
3253836 1522317 2.42854
3253836 2207115 2.63614
3253836 3760478 3.17996
3253836 5247172 3.61087
3253836 750537 3.75719
3253836 7864007 4.10002
3253836 7212494 4.1206
3253836 13106010 4.55044
3253836 2937685 5.16893
3253836 10461861 6.10219
3253836 13676166 6.28047
3253836 2618177 6.2946
3253836 14697363 6.78629
3253836 185931 6.86317
3253836 3057079 6.9932
3253836 2398832 7.88229
3253836 7180997 8.04832
3253836 5653854 8.16792
3253836 8631300 8.42771
3253836 13907818 8.98434
3253836 1247597 9.9318
3253836 15011274 10.0279
3253836 16142182 10.3403
3253836 1536508 10.9017
3253836 1914057 11.3562
3253836 15238546 11.4658
3253836 6336219 11.7306
3253836 5625510 11.7822
3253836 5381090 11.8866
3253836 3161930 12.4285
3253836 7412398 15.1027
3253836 3466522 15.1409
3253836 8894487 15.8464
3253836 5061018 16.4441
3253836 10358838 16.7328
3253836 486070 17.9516
3253836 10767864 18.3395
3253836 7303226 18.4708
3253836 11693370 18.7185
3253836 385495 19.1349
3253836 15809191 19.2175
3253836 14235755 19.2917
3253836 4197608 19.5811
3253836 6296611 20.9625
3253836 3233405 21.3115
3253836 7794739 21.3282
3253836 5979061 21.4993
3253836 7454738 22.5024
3253836 11524933 22.5482
3253836 15603277 22.6563
3253836 8480382 22.9067
3253836 1202074 23.0341
3253836 12997275 23.0622
3253836 5074711 23.8459
3253836 8570973 23.9614
3253836 13213655 24.2791
3253836 12002453 25.0419
3253836 7026346 25.3322
3253836 10375861 25.4688
3253836 8706769 25.4885
3253836 5824636 25.7516
3253836 481772 26.3657
3253836 11147675 26.6665
3253836 1689932 26.7524
3253836 9658045 26.8428
3253836 3536875 27.3562
3253836 1492829 27.5002
3253836 9317149 27.9012
3253836 3784836 27.9329
3253836 2164329 28.0545
3253836 243957 28.1664
15546036 8310718 1.071
15546036 11763013 1.08448
15546036 1317066 1.74132
15546036 5536450 1.88134
15546036 15206867 3.10075
15546036 12998634 3.12331
15546036 1824436 3.35333
15546036 12954899 3.37818
15546036 13019164 3.50623
15546036 2160238 3.68226
15546036 4600787 3.78334
15546036 7825289 3.84514
15546036 7496224 4.03503
15546036 581772 4.13471
15546036 3647152 5.28999
15546036 11846877 5.34819
15546036 11735920 5.42455
15546036 3492086 6.13537
15546036 2379775 6.18751
15546036 15681563 6.26349
15546036 4318354 6.31392
15546036 6276892 6.42032
15546036 3303262 6.89164
15546036 937142 7.9191
15546036 2106528 9.38591
15546036 15231913 10.704
15546036 6230576 10.8041
15546036 1760937 11.375
15546036 4658789 11.7631
15546036 1074610 12.0565
15546036 4347576 12.6772
15546036 10770405 13.2239
15546036 1612424 14.0451
15546036 4923121 14.4713
15546036 10159619 14.6179
15546036 3704246 15.4849
15546036 11504414 15.803
15546036 13113007 15.9489
15546036 4915381 16.6192
15546036 9401751 16.7948
15546036 7920328 16.8158
15546036 14954307 16.944
15546036 15589740 17.2264
15546036 3452386 17.2351
15546036 11132873 17.7546
15546036 13993405 18.1373
15546036 6721199 18.1947
15546036 4455916 18.2612
15546036 2690882 18.7086
15546036 8698579 18.8496
15546036 5033954 19.8833
15546036 3145069 19.9671
15546036 15464364 20.3491
15546036 12397627 20.601
15546036 16383015 20.9473
15546036 10810114 21.979
15546036 10144404 22.1589
15546036 4296126 22.2565
15546036 732084 22.3736
15546036 3467628 22.5705
15546036 15315136 23.5175
15546036 2357160 23.6938
15546036 8458389 24.1835
15546036 3389714 24.228
15546036 10860041 24.2397
15546036 8334878 24.6393
15546036 9072394 25.8277
15546036 8941299 26.9873
15546036 3805232 27.197
15546036 7858520 27.7742
15546036 1681536 27.9421
15546036 6814095 28.0578
15546036 8947302 28.3204
15546036 11948750 28.3981
15546036 12852151 28.6397
15546036 9769565 28.8308
15546036 10069856 29.1016
15546036 12879457 29.1853
4784871 3941450 1.19791
4784871 15800781 1.74517
4784871 13599739 1.77967
4784871 4990655 2.45278
4784871 45334 2.70765
4784871 7447948 2.80967
4784871 9102056 3.94989
4784871 9991751 4.00084
4784871 7274256 4.04652
4784871 10930166 4.53333
4784871 9626852 5.00728
4784871 10995910 5.14403
4784871 15526744 5.26505
4784871 9428631 5.37173
4784871 13848779 5.63567
4784871 2689965 5.79095
4784871 4845644 6.22115
4784871 9922671 6.5385
4784871 11205715 7.04693
4784871 11725766 7.18687
4784871 4588683 7.94944
4784871 4946923 8.1523
4784871 16021028 8.16148
4784871 4577499 8.27521
4784871 13648406 8.32378
4784871 6585985 8.68057
4784871 3956551 9.20468
4784871 4221992 9.30345
4784871 8717006 9.78725
4784871 12262775 10.2261
4784871 1524989 11.009
4784871 6199120 11.0766
4784871 15804390 12.5234
4784871 73405 12.8686
4784871 5447037 13.3547
4784871 81533 13.9193
4784871 6851060 14.6843
4784871 16769300 16.8916
4784871 9596844 17.1091
4784871 9340339 17.491
4784871 2603120 18.0545
4784871 616609 18.5989
4784871 342246 19.2963
4784871 9140527 19.3479
4784871 12196812 19.373
4784871 16331318 19.4446
4784871 5343642 19.5666
4784871 13887915 19.8003
4784871 14541048 20.243
4784871 12738850 20.7424
4784871 241833 20.9008
4784871 11088639 21.1077
4784871 15958454 21.1203
4784871 14777393 22.2871
4784871 13374225 22.2975
4784871 6714496 22.5707
4784871 4741414 22.6009
4784871 6209947 22.7434
4784871 10342358 23.4441
4784871 8233744 23.9643
4784871 9023058 25.1544
4784871 7742773 25.1856
4784871 395951 25.4549
4784871 4294460 25.9817
4784871 14114157 26.563
4784871 10066474 26.8679
4784871 10669470 28.0486
4784871 9584898 28.2638
4784871 4012633 28.765
4784871 10543362 29.0149
4784871 7344694 29.2459
4784871 7065517 29.9659
4784871 11681384 30.3238
4784871 13206524 30.3493
4784871 15018708 30.5973
8360596 2473213 1.94789
8360596 9026415 2.0043
8360596 3447565 2.05749
8360596 14136503 2.75801
8360596 13703505 2.90167
8360596 10942683 3.13644
8360596 2783184 3.1624
8360596 10061787 3.24158
8360596 11193594 3.89001
8360596 15319212 4.78701
8360596 7466039 5.10962
8360596 12247582 5.60851
8360596 7242358 5.90045
8360596 8854122 6.16931
8360596 711847 6.87388
8360596 9379357 7.31141
8360596 7588508 7.33682
8360596 15763156 7.87562
8360596 12381946 8.03816
8360596 11430358 8.05173
8360596 1879268 10.1129
8360596 1476588 10.3089
8360596 8665229 10.4626
8360596 16118319 10.5001
8360596 4521580 11.0205
8360596 4367347 11.8565
8360596 481557 12.3644
8360596 7394660 13.4386
8360596 10512945 14.0996
8360596 12428714 14.1388
8360596 4847957 14.7645
8360596 12311785 14.9092
8360596 7749326 15.1418
8360596 14099809 15.5558
8360596 2508988 16.2531
8360596 15653112 16.7666
8360596 7607865 17.2417
8360596 4895343 17.3893
8360596 5793677 17.4822
8360596 2741966 18.1944
8360596 7362713 18.7868
8360596 15371020 18.9477
8360596 12109318 18.9499
8360596 10851782 19.6999
8360596 3974685 19.7587
8360596 6993766 19.8382
8360596 9464537 20.2341
8360596 16516697 20.935
8360596 10687084 21.8292
8360596 12772227 22.9568
8360596 13755482 23.9429
8360596 3809940 25.4095
8360596 7412051 25.7099
8360596 4664490 26.0861
8360596 3923868 26.265
8360596 10958487 26.4189
8360596 7115651 27.3428
8360596 14344479 27.3511
8360596 10420052 27.4323
8360596 8380655 27.4783
8360596 9178409 27.4798
8360596 5848840 27.5911
8360596 16399207 27.9112
8360596 10624826 28.3795
8360596 15373745 28.5415
8360596 1938118 28.9941
8360596 13993211 29.1264
8360596 567849 29.2171
8360596 2517350 29.6761
8360596 5260536 30.0181
8360596 14452326 30.0852
8360596 4389262 31.495
8360596 11764252 31.9217
8360596 16058669 31.9815
8360596 12783768 32.342
8360596 9988468 32.6893
8360596 13168227 32.7335
8360596 5192967 33.0291
5203410 11085578 1.05292
5203410 7480416 1.09919
5203410 6143781 1.3243
5203410 8505711 1.72194
5203410 1064570 1.9064
5203410 4814655 2.66652
5203410 14333946 3.23761
5203410 11461202 3.52715
5203410 16006191 4.61363
5203410 180498 4.63782
5203410 11863143 6.02124
5203410 9227302 6.13732
5203410 5236870 6.18396
5203410 12696502 6.6103
5203410 8097458 6.64614
5203410 7670409 7.06584
5203410 414204 8.19516
5203410 14112566 8.35655
5203410 10076263 9.18577
5203410 10985174 9.61868
5203410 11819611 9.86612
5203410 13449824 10.39
5203410 13737332 11.2435
5203410 6671447 11.6033
5203410 4078104 11.8054
5203410 17648 11.9485
5203410 7791009 11.9582
5203410 7401901 12.1654
5203410 14040918 12.4314
5203410 9250547 12.4895
5203410 7529269 12.6547
5203410 1533594 12.9884
5203410 10271272 13.1982
5203410 5151477 13.6386
5203410 13963739 13.6607
5203410 10113500 13.9792
5203410 8466282 14.5287
5203410 12172272 14.7949
5203410 308324 15.9682
5203410 2585311 16.0278
5203410 12570866 17.1816
5203410 8162326 17.2362
5203410 8690830 17.2655
5203410 5236634 17.3788
5203410 4277818 17.6763
5203410 4974234 17.9073
5203410 8781925 18.8095
5203410 8208017 19.0167
5203410 6945150 19.1704
5203410 5689708 19.5641
5203410 13409862 19.6419
5203410 9198799 19.9726
5203410 16272364 20.0522
5203410 4232994 20.8661
5203410 14952595 20.9739
5203410 5206539 21.1807
5203410 13513090 21.7329
5203410 5954992 21.9186
5203410 4609656 22.397
5203410 199664 23.0618
5203410 13578973 23.2255
5203410 12577421 23.9916
5203410 7112953 24.5582
5203410 15035264 24.6671
5203410 2548789 25.2828
5203410 13669056 25.8347
5203410 7773387 26.2347
5203410 15716482 26.3131
5203410 5335031 27.1651
5203410 5723064 27.2333
5203410 8635064 27.7326
5203410 2229952 28.7879
5203410 13119210 29.1223
5203410 9955663 29.9977
5203410 5287669 30.7972
5203410 8772063 30.8671
5203410 532429 31.7775
5203410 14296857 31.9355
5203410 12799821 32.139
8645451 13343981 1.63799
8645451 5949647 1.70345
8645451 9418348 2.89908
8645451 4187892 2.97899
8645451 4524975 3.56342
8645451 4197584 3.97453
8645451 9510356 4.0747
8645451 5197402 4.37084
8645451 15161760 4.48984
8645451 8050643 5.36198
8645451 4030797 5.52575
8645451 15732509 6.25358
8645451 10750553 6.39011
8645451 1722981 6.41194
8645451 5419507 6.69528
8645451 8330824 6.88483
8645451 12539327 7.09744
8645451 13658286 7.29516
8645451 3108103 8.33481
8645451 6826484 8.96541
8645451 8700872 9.07453
8645451 9692605 9.16442
8645451 5473166 9.414
8645451 10620200 10.3886
8645451 14680816 10.5344
8645451 16470699 11.1207
8645451 4274611 11.249
8645451 11028777 13.7451
8645451 10735968 13.8768
8645451 12390548 14.1833
8645451 11462792 14.398
8645451 2470104 14.5721
8645451 13954704 15.0734
8645451 6643383 15.2205
8645451 3512046 15.3951
8645451 6421622 15.9558
8645451 3678316 15.9775
8645451 15877602 17.1699
8645451 10670490 17.9548
8645451 1669064 18.1673
8645451 11799493 18.4526
8645451 13660764 18.7635
8645451 6399488 19.1522
8645451 9833880 19.5889
8645451 15840385 19.7086
8645451 5609840 19.9582
8645451 9431221 20.551
8645451 8619884 20.6979
8645451 12114989 20.8513
8645451 11047408 21.0537
8645451 2616905 21.2239
8645451 14974817 21.3153
8645451 5674271 21.3437
8645451 11237045 21.5102
8645451 1806030 21.8874
8645451 12732838 22.1455
8645451 2579667 22.8444
8645451 4133327 22.8904
8645451 13881677 23.3833
8645451 3732480 23.6959
8645451 14608366 23.724
8645451 1193491 24.0517
8645451 9046495 24.5109
8645451 7096366 25.7743
8645451 916013 25.9765
8645451 2575296 26.0905
8645451 15062700 26.1
8645451 2608027 26.1326
8645451 16140034 26.3569
8645451 5578414 27.1113
8645451 10529567 27.5855
8645451 9842525 28.2233
8645451 15828711 28.4177
8645451 10785102 28.4253
8645451 3260704 29.1017
8645451 1280006 29.2934
8645451 7144709 29.3189
8645451 3779056 29.4686
12331301 12661673 1.71446
12331301 12193346 2.12162
12331301 11263247 2.65322
12331301 643565 3.26987
12331301 16350553 3.72148
12331301 13332289 3.96217
12331301 12054285 4.00282
12331301 9926750 4.88433
12331301 832451 4.91269
12331301 10414381 4.9646
12331301 14896582 5.0616
12331301 7790948 5.52011
12331301 4811553 5.62625
12331301 8170875 6.07596
12331301 13032893 6.08788
12331301 2720278 6.17987
12331301 3601364 6.60224
12331301 14643058 7.58946
12331301 16508491 7.67434
12331301 7121610 7.86037
12331301 6004710 8.32911
12331301 12022584 8.50405
12331301 2775868 9.40007
12331301 1171732 9.47087
12331301 15538161 10.0812
12331301 2965401 10.0865
12331301 5970396 10.2059
12331301 4635753 10.3584
12331301 4188405 10.5023
12331301 654134 10.7486
12331301 10589876 11.1691
12331301 8106332 12.1795
12331301 13220223 12.1891
12331301 16651031 12.4521
12331301 853002 12.9461
12331301 14955411 13.0068
12331301 4959522 13.1232
12331301 10289619 13.2661
12331301 12542802 14.7653
12331301 2687615 15.8353
12331301 4903157 16.0289
12331301 4125553 17.3232
12331301 12126818 17.7726
12331301 1303249 18.692
12331301 11147561 18.7639
12331301 10345028 20.0053
12331301 13569078 20.6954
12331301 897769 21.1884
12331301 3782203 22.8715
12331301 1387728 23.1511
12331301 7599058 23.8459
12331301 10586599 24.0613
12331301 15035145 24.0937
12331301 13969132 24.2735
12331301 16002498 24.3639
12331301 11286548 24.8766
12331301 1513496 25.3425
12331301 3070762 25.6731
12331301 740769 26.9649
12331301 5907816 27.5382
12331301 3881036 27.6545
12331301 2439264 29.2237
12331301 9297551 29.3902
12331301 6041816 29.7794
12331301 15742259 30.8762
12331301 16349293 31.7469
12331301 10445277 32.4062
12331301 4751360 32.445
12331301 13799790 32.7415
12331301 6727337 34.0348
12331301 14501596 34.4018
12331301 577858 34.9228
12331301 10944701 35.1876
12331301 7365458 35.1998
12331301 8910819 35.2011
12331301 14609496 35.4842
12331301 14000346 35.7014
12331301 5687025 36.1308
12331301 13632987 36.1577
14530967 3463808 1.83715
14530967 1437075 1.91182
14530967 13828149 2.03219
14530967 14182509 2.75318
14530967 9114476 2.78458
14530967 14499914 3.03145
14530967 2747231 3.19486
14530967 8381586 4.22137
14530967 1127701 4.78862
14530967 3339369 4.80778
14530967 331881 5.05146
14530967 16279137 5.50669
14530967 14845667 5.5403
14530967 16127985 5.70337
14530967 12591603 6.4396
14530967 16511724 6.66023
14530967 14942332 7.03543
14530967 7670327 7.22961
14530967 9402299 7.30527
14530967 10094732 8.0893
14530967 10425466 9.12126
14530967 4701170 9.23204
14530967 2294836 9.61643
14530967 13041809 11.0336
14530967 1959429 11.3884
14530967 16539910 12.2927
14530967 9662475 12.5744
14530967 14051442 12.6042
14530967 13392563 12.7251
14530967 5979191 13.2586
14530967 3471741 13.8139
14530967 6690239 13.9236
14530967 16047291 14.4419
14530967 13755483 15.1865
14530967 9197769 16.2076
14530967 6753 16.214
14530967 13429543 16.4491
14530967 7480531 16.5755
14530967 4163065 16.9689
14530967 8976581 17.2722
14530967 1678796 17.3247
14530967 14954408 17.4083
14530967 4175507 17.4717
14530967 10374699 17.8785
14530967 11397566 18.4576
14530967 12786402 18.9094
14530967 8848359 19.0029
14530967 10024333 19.208
14530967 10003896 20.6833
14530967 2291421 21.1222
14530967 6087889 21.301
14530967 3276449 21.7188
14530967 10154569 21.8847
14530967 2485807 22.5263
14530967 3292862 22.828
14530967 2288326 23.4982
14530967 12312648 24.9789
14530967 15688013 25.2887
14530967 9147513 25.4257
14530967 3771795 25.571
14530967 4142205 25.941
14530967 8363731 26.3524
14530967 16186022 27.7669
14530967 6359243 28.2368
14530967 15550904 28.9889
14530967 2582109 30.08
14530967 4388660 31.3911
14530967 15653911 31.393
14530967 14872607 31.431
14530967 9430703 31.8734
14530967 1015396 31.9579
14530967 8339602 32.0033
14530967 13606170 32.2415
14530967 1603114 32.5164
14530967 15657236 33.4577
14530967 1712556 33.5727
14530967 4553278 33.6792
14530967 13117959 33.7632
14530967 8410797 34.2544
2636554 9127963 1.60526
2636554 13588891 1.66159
2636554 12805391 3.04072
2636554 14842028 4.02374
2636554 9159067 4.63417
2636554 1926955 5.49745
2636554 4600586 6.31505
2636554 1352265 6.45252
2636554 8293587 6.56177
2636554 6420311 6.98855
2636554 10684908 7.14186
2636554 15166202 7.68005
2636554 5132391 8.16244
2636554 6559521 9.16135
2636554 7387889 9.51666
2636554 9139783 10.7012
2636554 13009172 10.7979
2636554 15244958 10.9664
2636554 10170696 11.619
2636554 3971409 12.7728
2636554 15163866 13.0223
2636554 8197123 13.363
2636554 33060 13.5369
2636554 671327 14.0365
2636554 10358843 14.0399
2636554 15263927 14.3042
2636554 14234615 14.3327
2636554 7371590 14.7978
2636554 5045399 14.8186
2636554 9872518 15.678
2636554 239059 15.7906
2636554 14972512 16.2894
2636554 10491540 17.2674
2636554 10844115 17.6528
2636554 5753633 17.8507
2636554 9331819 17.9919
2636554 13785823 18.0977
2636554 10258205 18.315
2636554 3808618 18.857
2636554 11574982 18.9741
2636554 15279181 19.2229
2636554 15038756 19.272
2636554 11699768 19.5334
2636554 10361622 20.1036
2636554 2386277 21.7262
2636554 12427234 21.9468
2636554 2669315 22.0877
2636554 9302913 22.1531
2636554 13170498 22.1701
2636554 2376721 22.7451
2636554 14481868 22.9839
2636554 8825780 23.1592
2636554 4021535 23.1922
2636554 3437759 23.577
2636554 8268157 23.6117
2636554 16099013 23.6912
2636554 5866639 23.9801
2636554 2830367 24.0575
2636554 11460184 24.4093
2636554 14582204 24.498
2636554 7799611 24.8252
2636554 13624043 25.1785
2636554 2655276 25.5067
2636554 2576590 25.5276
2636554 6408481 25.8065
2636554 4244760 26.85
2636554 8322220 26.8749
2636554 6650850 26.91
2636554 7869919 28.0017
2636554 5493885 28.0618
2636554 14275832 29.339
2636554 693468 29.5093
2636554 4788611 30.3019
2636554 6347299 31.4551
2636554 15261854 31.4844
2636554 906870 31.561
2636554 4474902 32.0325
2636554 5371584 32.4096
2516376 3138454 1.68572
2516376 2468426 2.01509
2516376 13520663 2.0298
2516376 296762 3.121
2516376 11934064 3.15811
2516376 7445530 3.3649
2516376 16603567 3.75458
2516376 6919561 3.84554
2516376 1441181 4.28943
2516376 14615417 4.49474
2516376 14492884 4.60254
2516376 6928634 5.47392
2516376 9999428 5.60405
2516376 1741896 5.7444
2516376 11609212 6.16337
2516376 7312729 6.19313
2516376 6497511 7.07163
2516376 1486527 7.29069
2516376 4477810 8.64893
2516376 2447691 9.71425
2516376 12448171 10.0922
2516376 7405027 10.5286
2516376 5853642 10.6949
2516376 16773982 10.7771
2516376 15807526 10.7975
2516376 6495363 11.1323
2516376 16174514 13.1084
2516376 8790440 13.4939
2516376 5217563 14.0285
2516376 8913517 15.5968
2516376 16384733 16.1421
2516376 2888846 16.9047
2516376 11502542 17.5392
2516376 2715067 17.6246
2516376 4562548 17.6431
2516376 12097478 17.7374
2516376 4793174 18.1314
2516376 13662715 18.1627
2516376 378853 18.8091
2516376 5950516 19.4308
2516376 16470924 19.4477
2516376 1243956 19.889
2516376 466221 20.5473
2516376 507487 20.8201
2516376 12111765 21.842
2516376 14672531 22.0868
2516376 13903877 22.0982
2516376 6731780 22.4597
2516376 1630702 22.5093
2516376 16436318 22.6292
2516376 4351360 23.337
2516376 558744 23.6065
2516376 15113617 23.7021
2516376 121349 23.7092
2516376 11061740 23.841
2516376 14229056 23.8635
2516376 7461022 24.1097
2516376 13446141 24.1924
2516376 15065393 25.0445
2516376 15455452 25.6949
2516376 50234 26.2483
2516376 2171795 26.3474
2516376 11864464 26.4276
2516376 12184592 27.0574
2516376 5147772 27.8102
2516376 3460687 27.8218
2516376 7763798 28.1639
2516376 8651248 28.558
2516376 16331210 28.7713
2516376 12591077 28.9405
2516376 7767111 29.3804
2516376 8509967 29.398
2516376 12986009 29.8189
2516376 839846 29.8701
2516376 6439780 30.1355
2516376 13767986 30.4508
2516376 2928679 30.7403
2516376 8845582 30.8758
2516376 7740100 30.9056
13781339 2104616 1.17614
13781339 5311238 1.32943
13781339 3425679 1.38425
13781339 13615316 1.45197
13781339 13538730 2.05802
13781339 12896173 2.62379
13781339 10579630 2.6367
13781339 15533564 3.00177
13781339 10551206 3.45528
13781339 9507995 3.51243
13781339 10770747 3.57055
13781339 15220666 3.65525
13781339 3570876 4.02375
13781339 15188428 4.42434
13781339 16369354 4.78996
13781339 8316545 4.90937
13781339 234585 5.17151
13781339 7554470 5.76293
13781339 9393222 6.11003
13781339 9665451 6.12468
13781339 15102935 6.12947
13781339 14710058 6.2127
13781339 14890077 6.66152
13781339 6584657 7.21966
13781339 5446114 7.37281
13781339 11266672 7.58917
13781339 4237332 7.95572
13781339 9731211 8.66328
13781339 16335158 9.14856
13781339 5868482 9.27579
13781339 11497231 10.3453
13781339 4915077 10.629
13781339 16072230 10.7314
13781339 12565719 10.8191
13781339 6832555 10.9669
13781339 11677108 11.3112
13781339 8558513 11.3446
13781339 3911033 11.5337
13781339 13234458 12.3208
13781339 6196433 12.4397
13781339 10795398 12.7487
13781339 6258749 13.0602
13781339 15494462 13.4124
13781339 10980987 13.4657
13781339 7464281 14.3456
13781339 190310 14.4
13781339 4713512 15.0145
13781339 7779279 15.2264
13781339 4379502 15.3731
13781339 7929849 15.4972
13781339 16132313 15.6368
13781339 6917736 16.5396
13781339 11249066 16.8368
13781339 3687737 18.0798
13781339 13061792 18.5254
13781339 8318316 19.3013
13781339 6073868 19.4166
13781339 12253735 19.9907
13781339 6279159 20.0143
13781339 7783228 21.268
13781339 2221346 22.0714
13781339 15605019 22.2094
13781339 7787370 22.55
13781339 7391800 22.5805
13781339 4845639 22.7442
13781339 2583447 23.2264
13781339 8366859 24.0312
13781339 8290834 24.3566
13781339 3670078 24.414
13781339 11277119 24.4513
13781339 1092391 24.9945
13781339 3114627 25.4927
13781339 14165026 25.6472
13781339 309852 26.4675
13781339 9884051 26.5373
13781339 1338675 26.7748
13781339 4939969 26.8172
13781339 13538809 26.9828
13781339 16017231 27.2352
13781339 6126857 27.5427
6517709 9781661 1.75265
6517709 7224586 2.47212
6517709 7143268 2.51726
6517709 9960184 2.75042
6517709 6509220 3.05561
6517709 3430225 4.18726
6517709 7685370 4.93683
6517709 14752802 5.02329
6517709 10690758 5.86701
6517709 11543323 5.88517
6517709 12880132 6.01205
6517709 14025151 7.26512
6517709 9938825 7.30347
6517709 9762109 7.69936
6517709 2831955 7.77702
6517709 14537705 8.39028
6517709 14391159 8.53712
6517709 8963490 8.55467
6517709 7133879 8.89115
6517709 5133520 9.52208
6517709 8464302 9.8083
6517709 1540412 9.91231
6517709 5374732 9.92471
6517709 3076143 10.2825
6517709 11639609 10.5777
6517709 11479924 10.6109
6517709 3323676 10.6512
6517709 6194548 10.8062
6517709 11019465 11.225
6517709 15594524 12.2395
6517709 4229682 12.2881
6517709 13542535 12.5943
6517709 13537378 12.964
6517709 5294841 13.1775
6517709 8867911 13.5393
6517709 16367479 14.0495
6517709 10545586 14.376
6517709 14717076 14.9561
6517709 6224278 15.0827
6517709 8729083 15.3942
6517709 11535871 15.6095
6517709 6726453 16.034
6517709 7983687 16.0817
6517709 366243 16.2897
6517709 6726735 16.5854
6517709 16125269 16.7937
6517709 7091901 17.5033
6517709 6288747 17.8547
6517709 12104001 18.8139
6517709 11079443 19.06
6517709 8413358 19.2469
6517709 8572553 19.5196
6517709 9652484 20.0686
6517709 12396451 20.5427
6517709 10519317 21.2965
6517709 14393444 21.9474
6517709 32065 22.7155
6517709 11778094 22.765
6517709 6849068 22.8945
6517709 5178839 23.8247
6517709 1823759 23.932
6517709 1143452 24.588
6517709 3767908 24.7542
6517709 8473153 25.5651
6517709 12055975 25.765
6517709 13505507 25.8558
6517709 5071279 26.4828
6517709 7157702 27.285
6517709 16284431 27.5156
6517709 4449672 27.9193
6517709 2904757 27.995
6517709 7423193 28.2836
6517709 7457986 28.3162
6517709 15905429 28.328
6517709 3292029 28.9631
6517709 6432949 29.1433
6517709 2886170 29.1638
6517709 5133071 29.2046
6517709 3277613 29.3841
6517709 15016056 29.5204
6517709 12665681 29.7279
10606032 9470938 1.14864
10606032 928399 1.31247
10606032 15565367 1.40505
10606032 3066830 1.58417
10606032 10895749 1.90151
10606032 10181777 2.81419
10606032 7781064 3.16621
10606032 3541551 3.22461
10606032 414170 3.54749
10606032 8643519 3.77736
10606032 14179977 5.19284
10606032 11059562 5.20423
10606032 10266785 5.86369
10606032 14804072 5.99911
10606032 477279 6.25346
10606032 4907276 6.60652
10606032 16004218 6.74919
10606032 16466268 7.38671
10606032 867731 7.55647
10606032 7914386 8.08295
10606032 733704 8.87796
10606032 16123633 9.042
10606032 9457433 9.13944
10606032 10754858 9.26305
10606032 2599025 9.31656
10606032 9368473 9.71264
10606032 12597077 9.82568
10606032 13032355 10.2891
10606032 4946087 10.3706
10606032 9858448 11.7779
10606032 14733389 11.9119
10606032 7733777 12.1097
10606032 16259345 12.692
10606032 15520419 12.8198
10606032 16702378 14.2499
10606032 3723312 14.5196
10606032 6151266 15.0897
10606032 118170 15.2643
10606032 1163820 15.3622
10606032 5270241 15.6615
10606032 4261141 15.8895
10606032 727646 15.9607
10606032 3040921 16.4646
10606032 8107626 17.1447
10606032 8129957 17.3878
10606032 8489906 17.5177
10606032 2910888 17.628
10606032 4404919 19.7409
10606032 15554175 20.2553
10606032 386885 20.6974
10606032 3055955 20.706
10606032 8010597 20.7467
10606032 14099093 20.8485
10606032 13013603 20.8487
10606032 6591573 21.2233
10606032 8309677 21.4614
10606032 12490979 22.1285
10606032 848940 22.3866
10606032 2337523 22.4898
10606032 7012570 22.8389
10606032 4204551 23.2415
10606032 1731156 24.0387
10606032 11599766 24.7554
10606032 9352499 25.0922
10606032 11502075 25.3449
10606032 5402052 26.0584
10606032 7340645 26.3025
10606032 14283804 28.3225
10606032 6957092 28.8038
10606032 8693933 29.0201
10606032 14073603 29.0388
10606032 1411721 29.0742
10606032 10303430 30.6576
10606032 5022913 31.2139
10606032 13139959 31.6962
10606032 2575696 32.0725
10606032 13301582 32.3819
13277721 5337610 1.62805
13277721 5006579 2.11027
13277721 4897841 2.38889
13277721 9151281 2.56894
13277721 5212471 2.64771
13277721 12675325 3.77137
13277721 14272647 4.47196
13277721 10931446 4.6306
13277721 6134313 5.04069
13277721 7920261 5.83231
13277721 3482663 5.99804
13277721 16661307 6.842
13277721 8148366 7.55822
13277721 16104539 8.64312
13277721 13345246 8.64689
13277721 13560369 9.58927
13277721 10424426 9.62832
13277721 9879694 10.0832
13277721 15000303 11.0154
13277721 8031089 11.1875
13277721 8004598 11.4994
13277721 9043542 11.822
13277721 8222648 11.8798
13277721 11111194 12.8441
13277721 8287365 13.2841
13277721 10955102 13.3367
13277721 6793238 15.8984
13277721 12779722 15.9686
13277721 13253872 16.331
13277721 12498152 16.5294
13277721 11334815 17.1947
13277721 3907272 18.2755
13277721 3929011 18.3823
13277721 9527814 19.5185
13277721 11285369 20.463
13277721 6116811 20.932
13277721 13534559 21.092
13277721 9619801 22.3712
13277721 7065232 22.3755
13277721 1643397 22.5834
13277721 5867066 22.6877
13277721 7371996 22.6975
13277721 4991599 22.8328
13277721 2908060 23.9765
13277721 16447488 24.3655
13277721 273896 24.5371
13277721 9870771 24.8526
13277721 16400720 25.1152
13277721 14158677 25.2388
13277721 105602 25.8142
13277721 636819 26.0996
13277721 6224379 26.5821
13277721 8633007 26.7595
13277721 245699 27.821
13277721 2194618 28.3366
13277721 15972183 28.4259
13277721 9118392 28.9486
13277721 11777356 30.4562
13277721 14494690 31.1079
13277721 7915097 31.8478
13277721 11327557 32.764
13277721 13762650 33.4258
13277721 9831631 33.6373
13277721 6373761 34.4821
13277721 12111674 34.8587
13277721 15429668 34.9787
13277721 7367018 35.2142
13277721 3857892 35.4718
13277721 3459573 35.7998
13277721 4252192 36.0124
13277721 2512981 36.3062
13277721 1268111 36.8898
13277721 10507289 37.6236
13277721 4038523 37.8543
13277721 6273962 37.8865
13277721 13927474 38.2692
13277721 9754855 38.2986
13277721 15957837 38.98
