9469786 536295 1.89498
9469786 15332021 2.01881
9469786 2813469 2.45987
9469786 13734026 3.11828
9469786 10341492 3.20426
9469786 797990 3.65686
9469786 6747478 4.2871
9469786 11697354 4.78687
9469786 13761585 4.98701
9469786 14535463 4.9954
9469786 3464120 5.22881
9469786 9047891 5.75941
9469786 6436860 6.35872
9469786 10228171 6.66532
9469786 15621151 8.46446
9469786 7779666 8.51122
9469786 10519839 8.61016
9469786 11853844 9.31585
9469786 14669717 9.34569
9469786 12532628 9.74801
9469786 13173167 10.9865
9469786 9574270 11.1865
9469786 15045680 11.2925
9469786 7432832 11.3361
9469786 13204150 12.1984
9469786 445977 12.6841
9469786 12542797 12.6918
9469786 11837591 13.0308
9469786 6912480 13.2508
9469786 15980235 14.5962
9469786 4833233 14.95
9469786 8595807 15.2713
9469786 5611590 15.3111
9469786 9892891 15.5801
9469786 8956720 15.6109
9469786 11399724 15.7382
9469786 816556 16.7701
9469786 9331241 17.1677
9469786 351534 17.5877
9469786 1262082 18.0304
9469786 14219800 18.5072
9469786 10041010 18.629
9469786 16534764 19.3939
9469786 7664825 19.8881
9469786 8630604 20.7688
9469786 2811385 22.4621
9469786 5933155 23.2091
9469786 13803325 23.3439
9469786 12423445 23.3918
9469786 4949892 23.4281
9469786 8880820 23.9516
9469786 3281508 24.1286
9469786 15011338 24.871
9469786 9010279 26.5389
9469786 13506152 27.4503
9469786 16466286 27.7162
9469786 11776379 27.8247
9469786 9899886 28.3918
9469786 9546075 28.4562
9469786 3944830 28.6859
9469786 2770026 30.5821
9469786 10005355 32.0457
9469786 3801788 32.4282
9469786 14832515 32.5328
9469786 4322902 33.2984
9469786 3540977 34.8076
9469786 15664999 35.5926
9469786 2514816 36.3918
9469786 6844319 36.6022
9469786 15531832 37.1967
9469786 3006706 37.6698
9469786 15271035 37.7293
9469786 759468 38.0709
9469786 6714925 38.3655
9469786 11197038 38.4687
9469786 15907306 39.2544
7350337 13704703 1.60722
7350337 5870400 1.7951
7350337 1620367 1.94326
7350337 721794 2.27124
7350337 7665818 2.73998
7350337 14962898 2.79179
7350337 15129259 3.10532
7350337 6658744 3.39682
7350337 14799800 3.45045
7350337 9896471 3.58942
7350337 12778909 4.51818
7350337 12601572 4.60277
7350337 486715 5.27729
7350337 10942548 5.36327
7350337 13626414 5.45285
7350337 1578275 5.56685
7350337 8478311 5.63323
7350337 11557104 5.92751
7350337 11977985 6.65323
7350337 1585399 6.94788
7350337 11543805 7.18749
7350337 15305436 8.23196
7350337 5266808 10.991
7350337 3682493 11.0398
7350337 6797137 11.437
7350337 7091101 11.4811
7350337 12822422 11.9472
7350337 1679896 12.4453
7350337 12801645 12.4503
7350337 9609340 12.5431
7350337 7605761 12.5858
7350337 1576974 14.1436
7350337 13998924 14.5583
7350337 2885444 14.6083
7350337 6697806 14.8178
7350337 4158486 14.9166
7350337 8426380 15.5049
7350337 9970828 18.3968
7350337 13495835 18.4038
7350337 3995701 18.9271
7350337 8431717 19.4358
7350337 4679326 19.4689
7350337 7219598 19.6418
7350337 16318336 19.7035
7350337 7870839 21.481
7350337 4017672 21.6396
7350337 8961396 21.7773
7350337 9879705 22.0638
7350337 10610948 23.8797
7350337 3487448 24.4959
7350337 930460 25.0056
7350337 10173912 25.097
7350337 7070674 25.8683
7350337 2262090 26.1415
7350337 905211 26.3454
7350337 3993890 26.5024
7350337 13458035 26.65
7350337 14429628 26.8623
7350337 12487748 26.9053
7350337 3662084 27.0396
7350337 8424005 28.9119
7350337 4630872 28.9258
7350337 11667295 30.1496
7350337 8807022 30.1907
7350337 14473159 30.8753
7350337 1574894 30.9301
7350337 920213 31.2554
7350337 368884 31.4988
7350337 15053638 31.7242
7350337 10949317 31.7951
7350337 14011173 32.5435
7350337 11408337 32.9878
7350337 13396748 33.0422
7350337 14496929 33.1976
7350337 581337 33.2083
7350337 3957142 33.2425
7350337 16268490 33.8559
7350337 6983699 34.2542
7350337 14256021 36.1578
7350337 12977390 37.0545
7350337 11291032 37.2003
7350337 7163432 37.7924
7350337 7466221 38.8119
7350337 5134427 39.3194
7350337 12716027 39.3872
7350337 4110825 39.5835
7350337 5987485 39.8084
7350337 16055241 39.8643
7350337 12403095 40.3707
7350337 14605719 40.9165
7350337 1606062 41.7785
7350337 14058276 71.6515
7350337 13427583 71.901
7350337 13981109 80.1697
7350337 7412686 90.4806
7350337 768263 158.287
7602083 9427465 20.2256
7602083 2042658 20.3765
7602083 1385956 20.5186
7602083 8754940 20.74
7602083 3588173 21.1844
7602083 279413 21.3967
7602083 2592649 21.4311
7602083 13648426 21.7099
7602083 311662 22.144
7602083 8532478 22.5014
7602083 2117894 24.826
7602083 8246801 25.0027
7602083 6117517 25.846
7602083 4869572 25.8778
7602083 12227516 26.1219
7602083 16409655 26.1222
7602083 12915286 26.7927
7602083 14749471 27.0427
7602083 3329730 27.533
7602083 12833864 27.5531
7602083 13088141 27.6094
7602083 6522162 27.9699
7602083 8286712 28.4667
7602083 8181715 28.6841
7602083 2760616 28.9548
7602083 4380157 29.5177
7602083 3873167 29.6713
7602083 7333848 30.2618
7602083 916628 30.4547
7602083 1663826 31.0348
7602083 16363155 31.4856
7602083 5643685 31.8351
7602083 8788885 32.3529
7602083 2686311 32.5358
7602083 4052321 33.7126
7602083 13797845 33.7785
7602083 14549424 33.8178
7602083 3749900 33.9305
7602083 16335247 34.7156
7602083 4476125 36.6674
7602083 2293650 38.1241
7602083 3470382 38.1281
7602083 7499771 39.3366
7602083 11207075 39.3945
7602083 12475902 39.5519
7602083 4194283 39.5849
7602083 1638732 39.6266
7602083 16221782 39.6908
7602083 10740116 39.8534
7602083 9913654 40.1145
7602083 6508079 40.4674
7602083 6724256 41.0276
7602083 13355369 41.0341
7602083 14294522 41.1414
7602083 6546517 43.653
7602083 11947404 43.9468
7602083 4024878 44.5063
7602083 15636413 45.4849
7602083 11647554 46.6981
7602083 7869251 47.0461
7602083 13796395 47.0664
7602083 14144983 47.0922
7602083 13173736 47.1845
7602083 6503998 47.2645
7602083 4570424 47.4115
7602083 6193885 47.8714
7602083 14149423 47.9874
7602083 16720223 48.7121
7602083 14246414 49.1295
7602083 14357800 50.0894
7602083 15106515 50.2712
7602083 14003327 50.324
7602083 13364375 50.5372
7602083 5196785 50.6645
7602083 9028483 50.7773
7602083 5345009 50.8612
7602083 11171454 50.9478
7602083 4259183 50.9489
7602083 13198972 52.7991
7602083 3371841 53.145
2620332 16508913 6.21505
2620332 12862084 6.29389
2620332 14680621 6.4466
2620332 6345625 6.89993
2620332 10084977 6.92519
2620332 14508822 6.99666
2620332 8702971 7.03215
2620332 6996646 7.58669
2620332 11305175 7.65613
2620332 7436949 7.72755
2620332 13380011 7.80244
2620332 6839776 7.85036
2620332 1378051 7.97044
2620332 8735582 8.24633
2620332 7070588 8.34195
2620332 12474064 8.76971
2620332 14430738 8.84908
2620332 15499181 9.13379
2620332 16675076 9.50195
2620332 9153742 9.52203
2620332 6352297 9.72056
2620332 6569890 9.96572
2620332 3051068 10.1972
2620332 7300252 10.694
2620332 2201624 10.7229
2620332 7299284 11.2081
2620332 14004179 11.3278
2620332 13362084 11.3512
2620332 10918079 11.5202
2620332 11497451 11.5597
2620332 12562050 11.7743
2620332 4574854 11.9922
2620332 8471035 12.7347
2620332 2295055 12.8434
2620332 11834665 13.1984
2620332 6142416 13.2305
2620332 2359610 13.3431
2620332 15392645 13.4169
2620332 9293645 13.4505
2620332 1575493 13.5509
2620332 3219921 13.6318
2620332 14137081 14.4775
2620332 10543629 14.9404
2620332 5247827 14.9948
2620332 535073 15.0539
2620332 11292480 15.4298
2620332 7073083 15.4961
2620332 6158238 15.7707
2620332 11140273 15.997
2620332 6892633 16.0616
2620332 7736912 16.2643
2620332 4865009 16.3859
2620332 1589972 16.9629
2620332 7592860 16.9873
2620332 5436797 17.0525
2620332 5421466 17.1824
2620332 229637 17.2013
2620332 11061320 17.2587
2620332 4819282 17.3375
2620332 11423757 17.6154
2620332 5743984 17.6912
2620332 4980785 17.8741
2620332 7304771 18.3312
2620332 3651117 18.4491
2620332 14945066 19.2105
2620332 7572922 19.6652
2620332 16709700 20.216
2620332 7152373 20.2766
2620332 6940470 20.3428
2620332 620060 20.3453
2620332 16300069 20.3719
2620332 12699252 21.1414
2620332 673167 21.3556
2620332 13520818 21.4337
2620332 11463807 21.5746
2620332 566462 21.8096
2620332 4794463 22.2414
2620332 8193097 22.3331
2620332 4701237 22.5251
2620332 5335154 22.5252
2620332 10092786 87.0522
2620332 11002297 87.4871
2620332 11266893 89.6234
2620332 10646458 89.6234
14585213 10372453 0.947863
14585213 4564155 0.947863
14585213 2674288 0.947863
14585213 6366954 0.947863
14585213 6408914 0.947863
14585213 805921 0.947863
14585213 4540547 0.947863
14585213 14107079 0.947863
14585213 15975318 0.947863
7180905 3080287 2.20982
7180905 12802356 2.29402
7180905 14505480 2.40494
7180905 4843375 2.49201
7180905 11905610 2.71345
7180905 11917162 3.02419
7180905 6239019 3.11455
7180905 8496988 3.45404
7180905 16162380 4.00428
7180905 2278610 4.58156
7180905 6861651 4.66677
7180905 6980180 4.70234
7180905 10820427 4.85374
7180905 9825613 4.87054
7180905 15187206 4.93289
7180905 1276679 5.0707
7180905 13840564 5.15883
7180905 12597610 5.46569
7180905 12268117 5.72646
7180905 7714912 6.12456
7180905 7432397 6.13017
7180905 15620713 6.14023
7180905 2604885 6.33173
7180905 215987 6.50557
7180905 16737361 6.63995
7180905 442738 7.126
7180905 2462264 7.34173
7180905 10502566 7.92459
7180905 16401810 8.00409
7180905 3315986 8.08713
7180905 1441171 9.02292
7180905 6911166 9.15525
7180905 5326917 9.26736
7180905 4942249 9.52791
7180905 10798661 9.622
7180905 10704081 9.89428
7180905 10515980 9.95429
7180905 3219981 10.131
7180905 9492284 10.5418
7180905 11762229 10.6483
7180905 1666959 10.9048
7180905 6249151 10.9356
7180905 7932533 11.1053
7180905 3989694 11.4415
7180905 4521218 11.5244
7180905 5938361 11.9001
7180905 306198 11.9284
7180905 12323241 11.9505
7180905 2982318 12.1536
7180905 14514618 12.1998
7180905 7654848 12.3837
7180905 3665887 12.6818
7180905 8196392 12.7569
7180905 3736252 12.7821
7180905 10849838 12.7947
7180905 14101580 12.8826
7180905 8158440 12.9375
7180905 2570687 13.2931
7180905 12077275 13.3271
7180905 6072083 13.7629
7180905 3504017 14.1229
7180905 6147310 14.1843
7180905 15577850 14.2363
7180905 11476573 14.2555
7180905 10363697 14.8995
7180905 8766068 15.2364
7180905 5540430 15.2458
7180905 13362979 15.3925
7180905 15912593 15.6165
7180905 814590 15.7571
7180905 12592035 15.7816
7180905 6189782 16.0119
7180905 4507269 16.4425
7180905 3912153 16.8118
7180905 16634283 17.0055
7180905 9455179 17.2441
7180905 2152483 17.8392
7180905 6531042 17.8791
7180905 2412130 17.9707
7180905 4851545 18.1114
7180905 6097152 18.1768
7180905 3941867 18.3637
7180905 16202803 18.4513
7180905 8327281 18.5057
7180905 327214 18.8824
7180905 969 19.0261
7180905 3403262 19.3837
7180905 10642923 19.6279
7180905 11173546 19.9239
7180905 6604374 20.0716
7180905 5222745 20.0865
7180905 6566798 20.1526
7180905 1013623 20.6528
7180905 3302372 21.2967
7180905 198857 21.6046
7180905 14199432 21.7515
7180905 715114 21.8556
7180905 11933539 21.9756
7180905 5146864 22.0493
7180905 15660832 22.2714
7180905 5289474 22.4026
7180905 5909336 22.7659
7180905 7160661 22.8202
7180905 11140163 22.9622
7180905 11017357 22.9879
7180905 11018167 23.3441
7180905 14214057 23.3735
7180905 14906839 23.5095
7180905 10563416 30.9857
7180905 8210190 23.5322
7180905 11894302 23.6248
7180905 3858917 24.0967
7180905 14610785 24.1577
7180905 2904414 25.1901
7180905 16148028 25.4517
7180905 9969829 25.502
7180905 13182882 25.6818
7180905 11160353 25.9655
7180905 5476575 27.0275
7180905 15754604 27.3025
14548578 6540456 1.18333
14548578 5897583 1.43528
14548578 13695048 1.6758
14548578 3833170 1.8911
14548578 7206095 2.03469
14548578 1962052 2.17313
14548578 16212577 2.24781
14548578 812869 2.27639
14548578 15806057 2.82451
14548578 13987563 2.82591
14548578 11530984 3.02061
14548578 3826527 3.18436
14548578 2426189 3.63439
14548578 2856630 3.84285
14548578 12394746 3.86885
14548578 12191260 3.89387
14548578 12854281 3.96825
14548578 13024306 3.9775
14548578 12502641 4.27281
14548578 7312535 4.28714
14548578 5092527 4.30457
14548578 11325549 4.47485
14548578 9113591 4.484
14548578 11616966 4.67312
14548578 7359185 4.73768
14548578 14881549 5.03128
14548578 13994888 5.07703
14548578 15257376 5.11975
14548578 9967077 5.1779
14548578 13576131 5.42944
14548578 9327552 5.43413
14548578 12428876 5.58039
14548578 2190027 5.59108
14548578 2121183 5.80977
14548578 1647518 5.85096
14548578 16569467 5.86397
14548578 15525953 5.99769
14548578 16531538 6.55784
14548578 9136863 6.65664
14548578 14255430 6.76583
14548578 8271723 6.81635
14548578 6279941 7.23851
14548578 5690517 7.34025
14548578 8007108 7.36975
14548578 45994 7.49044
14548578 2591768 7.69732
14548578 3309871 7.88628
14548578 4953202 7.91369
14548578 6947634 8.23483
14548578 11125283 8.28821
14548578 2234097 8.29117
14548578 5459324 8.43955
14548578 4367223 8.81341
14548578 5645738 8.95669
14548578 3657326 9.2387
14548578 9110903 9.27829
14548578 10205348 9.56461
14548578 7136281 9.61252
14548578 11271132 9.80206
14548578 2586235 10.1657
14548578 14749001 10.1865
14548578 8633951 10.1955
14548578 12283066 10.2607
14548578 6841270 10.4467
14548578 5456696 10.5453
14548578 2005223 11.0133
14548578 13364179 11.2985
14548578 6721278 11.7198
14548578 8291192 11.7396
14548578 11526682 11.7457
14548578 934141 11.7843
14548578 12081898 13.144
14548578 1651580 13.2876
14548578 8985438 13.3499
14548578 5007740 13.6068
14548578 11515913 13.6106
14548578 9667721 13.9567
14548578 10026504 14.2806
14548578 2433215 14.3842
14548578 6049417 14.4986
14548578 2606422 14.6993
14548578 14611841 14.7125
14548578 8245840 14.9231
14548578 16473394 15.1858
14548578 14608258 15.3518
14548578 15153155 15.4339
14548578 6239743 15.7673
14548578 2916052 15.8905
14548578 16718020 15.9306
14548578 15201801 16.2047
14548578 15095556 16.2669
14548578 10028191 16.4592
14548578 4493129 16.5917
14548578 847919 16.6122
14548578 10632223 16.6515
14548578 4622999 16.6531
14548578 7038625 16.8338
14548578 16521363 16.8928
14548578 5695743 17.1217
14548578 12618014 17.2135
14548578 2346172 17.2208
14548578 4271214 17.8508
14548578 3832893 18.0862
14548578 12013192 18.199
4342362 6483899 1.88051
4342362 1570673 1.89866
4342362 10906940 2.06777
4342362 9720039 2.38117
4342362 6363535 2.59544
4342362 4547707 2.75665
4342362 14749448 3.15283
4342362 6873329 3.52955
4342362 4024818 3.69757
4342362 3788438 4.36623
4342362 5256687 4.64527
4342362 3504212 5.22392
4342362 11540912 5.83978
4342362 13074780 5.87456
4342362 14122591 6.27004
4342362 12015145 6.30374
4342362 12446937 6.41205
4342362 7494630 6.61067
4342362 948366 6.94331
4342362 788306 7.14329
4342362 15349784 7.28042
4342362 16608971 7.31139
4342362 10701873 7.67036
4342362 10061415 7.70094
4342362 12015669 7.83984
4342362 14493677 8.53838
4342362 12863135 8.9448
4342362 7710197 8.96573
4342362 7706980 9.20166
4342362 5022577 9.37273
4342362 10726496 9.63935
4342362 7343989 9.77156
4342362 3256035 9.81137
4342362 5532278 9.92819
4342362 4588460 10.0585
4342362 5651579 10.226
4342362 16527966 10.2446
4342362 4238195 10.7337
4342362 4388672 10.9053
4342362 15053972 10.9669
4342362 14379592 10.9801
4342362 15441739 11.0745
4342362 11150540 11.1529
4342362 3147422 11.7125
4342362 14467968 11.7551
4342362 3209602 12.0589
4342362 12963025 12.4548
4342362 14806451 12.4753
4342362 11680129 12.4843
4342362 2088557 12.7434
4342362 1652589 13.1148
4342362 4313912 13.2202
4342362 15268810 13.3763
4342362 15812463 13.6708
4342362 12395808 14.2799
4342362 13885298 15.4556
4342362 10127889 15.5522
4342362 3690494 15.5876
4342362 5688616 15.7757
4342362 9909734 16.4138
4342362 8542708 16.5566
4342362 9933038 16.684
4342362 838494 16.7033
4342362 14778037 16.899
4342362 4242613 17.0482
4342362 12618617 18.0447
4342362 12077585 18.265
4342362 11161338 18.4916
4342362 11521691 18.6275
4342362 16126088 18.9257
4342362 7751145 19.0665
4342362 2391371 19.2767
4342362 2701802 19.3507
4342362 9837246 19.9674
4342362 9497171 20.2169
4342362 15004385 20.2558
4342362 9553343 20.7848
4342362 3443135 21.8091
4342362 9798093 21.8163
4342362 9946157 21.9326
4342362 13754479 22.4433
5684921 9390305 1.52211
5684921 10723293 1.78063
5684921 7620403 1.78249
5684921 4355381 2.23449
5684921 10108210 2.49411
5684921 8249692 3.30857
5684921 414242 3.51198
5684921 197634 3.68005
5684921 4933796 3.99019
5684921 14197516 4.16664
5684921 16548325 5.46598
5684921 14657084 6.92387
5684921 9371729 7.22613
5684921 3577544 8.22767
5684921 7653749 8.25116
5684921 14005696 8.56238
5684921 6816573 9.44353
5684921 12695488 10.1058
5684921 13800444 10.2039
5684921 13279722 10.2662
5684921 11514179 12.0395
5684921 16274342 12.8807
5684921 5732026 13.1796
5684921 16657095 14.7733
5684921 9126658 14.7864
5684921 8738353 15.2615
5684921 5088618 16.5272
5684921 6958755 16.7492
5684921 14027566 17.0724
5684921 5068289 17.1778
5684921 12714759 17.6665
5684921 4272122 18.189
5684921 5517205 18.6536
5684921 2823545 19.2312
5684921 15530942 19.2343
5684921 5398921 19.7509
5684921 12949836 21.2886
5684921 15343012 21.8238
5684921 6473132 22.0345
5684921 8933019 22.3097
5684921 16668153 22.9238
5684921 5844434 23.7046
5684921 46719 25.4394
5684921 14264635 25.5282
5684921 10070493 26.9001
5684921 8128988 27.1758
5684921 9419855 28.4333
5684921 12681297 29.1404
5684921 2040288 29.1633
5684921 15391662 31.892
5684921 7536891 33.6786
5684921 7720690 33.7945
5684921 15659301 35.3173
5684921 8776256 35.4215
5684921 16523559 38.2721
5684921 8454846 40.0935
5684921 13283803 40.9853
5684921 11876609 41.331
5684921 12176480 41.9682
5684921 10824156 42.3461
5684921 10539808 42.6327
5684921 12275532 42.649
5684921 7510807 43.1571
5684921 15787503 43.1695
5684921 2559681 43.1723
5684921 16559306 43.1764
5684921 10252162 43.3531
5684921 13128359 43.375
5684921 16459482 43.7319
5684921 9520006 44.3233
5684921 5745171 44.5804
5684921 14378 45.3628
5684921 4921159 45.9321
5684921 16128230 46.7418
5684921 14754235 46.7483
5684921 13760731 47.0094
5684921 13031492 47.316
5684921 14725542 47.8122
5684921 12650004 49.0301
5684921 12280279 49.2
5684921 10235501 121.502
5684921 10217019 121.744
11498134 15291924 1.99641
11498134 1597045 2.67029
11498134 1220415 2.75772
11498134 11002395 2.80028
11498134 7545959 4.10725
11498134 2994876 4.84279
11498134 11468684 5.07708
11498134 7405429 5.07984
11498134 7407657 5.28888
11498134 15592787 6.29995
11498134 9991354 6.83585
11498134 9506748 7.04221
11498134 12527973 7.15395
11498134 12099127 7.63566
11498134 1084356 7.71775
11498134 6661717 8.59265
11498134 12793791 9.2556
11498134 9205032 10.6468
11498134 13799541 10.8783
11498134 3154491 10.9749
11498134 6093024 11.1733
11498134 7239083 11.4964
11498134 7120862 12.0919
11498134 757181 12.4863
11498134 7987067 12.9208
11498134 3189776 12.9341
11498134 14948871 13.358
11498134 6825141 13.485
11498134 490961 13.5606
11498134 15531982 14.3243
11498134 4701392 14.329
11498134 7469889 14.7021
11498134 14977424 15.5006
11498134 3121509 15.6858
11498134 11329448 16.1524
11498134 2758919 17.4086
11498134 11705884 17.4274
11498134 219565 17.7698
11498134 1514962 17.9772
11498134 4056487 18.1018
11498134 15085871 18.6127
11498134 1237515 18.6155
11498134 14548761 18.8577
11498134 10948081 19.0064
11498134 10431217 19.2811
11498134 2801763 19.8323
11498134 11027042 20.342
11498134 6709784 21.1911
11498134 5377693 21.8058
11498134 1075000 22.2037
11498134 2629550 22.6868
11498134 16343783 22.6894
11498134 14584586 22.871
11498134 7668548 23.2715
11498134 1360180 23.481
11498134 1835266 24.3037
11498134 8144409 24.7465
11498134 7972594 25.1879
11498134 615758 25.902
11498134 242672 25.9966
11498134 1723696 27.4355
11498134 481049 27.8183
11498134 4551512 28.2427
11498134 13129825 28.281
11498134 4545660 28.8179
11498134 8447242 28.8529
11498134 597710 28.8586
11498134 1948574 28.863
11498134 13433616 29.3633
11498134 13692499 29.4919
11498134 3872858 29.8303
11498134 3224371 30.3667
11498134 2854939 30.5422
11498134 16610684 30.6742
11498134 1722933 30.7507
11498134 5570265 30.7932
11498134 14402712 31.4417
11498134 1114166 32.1216
11498134 6101183 32.3924
11498134 4771858 32.4387
8271224 13974693 1.64505
8271224 8181098 2.02413
8271224 2634341 2.32718
8271224 16141412 2.70739
8271224 2242934 3.47777
8271224 3472283 3.74048
8271224 8870704 5.69715
8271224 72203 6.41156
8271224 9555316 6.67316
8271224 16242705 6.82778
8271224 12921313 7.65897
8271224 3247915 8.09386
8271224 11318984 8.93332
8271224 6740511 9.15619
8271224 6705148 9.63849
8271224 449425 10.2156
8271224 14205472 10.3024
8271224 9343752 11.0107
8271224 11517435 11.754
8271224 16690454 12.1433
8271224 7254707 14.4718
8271224 11725998 14.7906
8271224 14089391 14.8576
8271224 5289884 15.3694
8271224 15942246 17.0885
8271224 9066106 18.0484
8271224 2281801 18.3563
8271224 7379462 18.381
8271224 7619354 19.1232
8271224 1270179 20.2903
8271224 6249177 20.3181
8271224 16036212 20.5412
8271224 2966183 21.7444
8271224 841574 22.5893
8271224 3287175 23.1829
8271224 4176657 23.4436
8271224 15414863 23.5822
8271224 9441347 24.0438
8271224 7430911 24.4731
8271224 14026138 25.1134
8271224 11278187 28.3381
8271224 6491269 28.6578
8271224 1767932 28.8242
8271224 1904321 29.7822
8271224 14743287 29.9252
8271224 4201740 30.0066
8271224 2571371 30.1006
8271224 4126345 30.2594
8271224 11992959 30.8523
8271224 12728098 31.9571
8271224 7580172 32.5306
8271224 1056408 33.1892
8271224 16675190 33.2476
8271224 2260025 33.2717
8271224 6183762 33.4938
8271224 5766883 33.7585
8271224 13030796 34.0294
8271224 12906375 34.1185
8271224 1660083 34.4428
8271224 11526880 34.7442
8271224 12221931 35.1182
8271224 74939 35.3299
8271224 14459845 35.9628
8271224 16256406 36.5761
8271224 614484 36.5869
8271224 9394426 37.3507
8271224 7779285 37.4264
8271224 9757847 37.61
8271224 14147467 37.6559
8271224 16665427 37.7487
8271224 4792025 38.266
8271224 4960965 39.0577
8271224 13471818 39.9182
8271224 2587807 39.9683
8271224 8316041 41.4724
8271224 13112363 190.488
8271224 12629194 190.915
8271224 1306264 193.082
51097 13919492 1.61384
51097 6939679 1.77796
51097 7002085 2.12644
51097 7062870 2.70618
51097 7140249 3.55032
51097 9242894 3.7743
51097 16117108 4.22845
51097 6401361 4.23254
51097 15435708 4.33187
51097 10199448 5.10549
51097 7760277 5.40921
51097 9275863 5.48496
51097 1985978 5.49513
51097 13298927 5.64193
51097 13509798 5.93846
51097 3656293 6.2757
51097 10493737 6.75751
51097 14526318 7.07805
51097 7782718 7.91963
51097 12138175 8.09095
51097 9037530 8.24837
51097 2567896 8.29571
51097 11455096 8.59071
51097 9591015 8.67813
51097 12713529 9.1472
51097 7444275 9.41833
51097 8101546 10.4784
51097 183261 11.0036
51097 4396846 11.387
51097 12832919 11.6206
51097 8470543 11.9062
51097 16514226 12.9026
51097 1056641 13.1976
51097 10651172 13.9661
51097 2992950 14.1599
51097 3872917 14.2049
51097 2692113 14.5279
51097 7627633 14.894
51097 6502937 15.1419
51097 12439656 15.3185
51097 11289196 16.3982
51097 4275675 18.0055
51097 5099611 18.8722
51097 13131446 20.0709
51097 13659045 20.7617
51097 7929631 21.3844
51097 2642551 22.2105
51097 5614304 22.2821
51097 8748543 23.3314
51097 8016062 23.4629
51097 10322836 23.5704
51097 4475838 24.8363
51097 10750022 25.115
51097 15394883 25.6067
51097 88554 26.3346
51097 12224607 26.4537
51097 1277665 26.5495
51097 170125 27.0771
51097 9108598 27.441
51097 6295891 27.745
51097 12836067 30.6656
51097 6279248 30.6773
51097 11012825 30.7753
51097 10952477 30.8976
51097 9237604 30.9922
51097 15368696 31.8762
51097 4923051 32.3019
51097 14141063 32.6754
51097 12662277 32.7124
51097 11743223 33.2087
51097 732107 34.4471
51097 6458828 35.0689
51097 4585035 35.9478
51097 11417004 37.8779
51097 4118993 38.08
51097 12628416 38.616
51097 4971528 39.2959
51097 10651745 39.54
51097 8714878 40.0267
51097 6776321 40.0955
3338745 11931172 1.2925
3338745 13009741 2.3042
3338745 15733241 2.38736
3338745 13575817 2.68978
3338745 9828215 2.85734
3338745 7998902 3.96275
3338745 8136386 5.74383
3338745 9320149 6.45078
3338745 4164919 7.0799
3338745 6995890 9.24502
3338745 13428081 9.40967
3338745 11810509 9.46974
3338745 7788897 10.1639
3338745 5607222 10.4771
3338745 14404099 10.7407
3338745 4635724 10.7615
3338745 6642690 11.3362
3338745 4969381 12.4132
3338745 9027251 13.4689
3338745 1425960 13.6018
3338745 7649558 13.7701
3338745 8184239 14.2156
3338745 9474039 14.4425
3338745 3717660 14.7906
3338745 918937 15.3139
3338745 8082773 15.4263
3338745 16207835 15.6075
3338745 1279020 15.624
3338745 770592 16.2783
3338745 511399 16.5004
3338745 10428508 17.0816
3338745 9104102 17.6816
3338745 8502747 19.623
3338745 9608012 20.5825
3338745 4784388 21.5954
3338745 16655816 21.9354
3338745 1530617 22.788
3338745 10466013 22.977
3338745 15327986 23.0946
3338745 9358141 23.9036
3338745 4760042 24.7804
3338745 813545 25.2445
3338745 10733090 27.1179
3338745 15294921 27.5011
3338745 8037371 28.4012
3338745 12827427 28.5916
3338745 6832487 29.3174
3338745 7902852 29.6169
3338745 2062506 29.713
3338745 1583118 29.8304
3338745 9661407 30.786
3338745 10024934 31.7431
3338745 1975188 31.9334
3338745 15825000 32.0258
3338745 13485564 32.1219
3338745 5279759 33.6469
3338745 8667032 33.7792
3338745 11114187 34.1057
3338745 11311360 34.159
3338745 13212518 34.9209
3338745 3491345 34.9699
3338745 7023897 35.1007
3338745 12086590 35.9675
3338745 4192542 36.4754
3338745 3599625 38.2151
3338745 13537843 38.6115
3338745 8314802 38.8981
3338745 461400 38.9193
3338745 6578883 38.9924
3338745 6066068 40.098
3338745 11212103 40.1192
3338745 16776965 40.1907
3338745 2098468 40.6825
3338745 13573725 40.7226
3338745 11501296 40.9485
3338745 13659013 41.5125
3338745 4403157 43.5615
3338745 4948689 43.6598
3338745 13248786 44.8011
3338745 9894242 45.3457
5009279 13083382 2.12866
5009279 14041986 2.27005
5009279 13207231 2.31566
5009279 16524389 2.45137
5009279 15035836 2.47074
5009279 12020850 2.4813
5009279 16166082 3.07602
5009279 16223906 3.1149
5009279 6795277 3.90892
5009279 14138820 3.97697
5009279 8176736 5.07155
5009279 2132296 5.54174
5009279 8907987 5.85704
5009279 11600262 6.91781
5009279 5501107 7.47189
5009279 764637 8.05151
5009279 11947272 9.85968
5009279 15197429 11.2386
5009279 6064403 11.5495
5009279 15206588 12.711
5009279 13783179 12.9697
5009279 13598478 13.8889
5009279 11994073 14.4317
5009279 10781338 14.97
5009279 2352342 15.4877
5009279 13219032 15.9721
5009279 15329231 16.2796
5009279 3759354 16.4161
5009279 1014451 16.7242
5009279 7471248 17.2657
5009279 8918608 19.507
5009279 10837534 19.5557
5009279 3748756 19.6508
5009279 13086797 21.0608
5009279 10208186 21.2913
5009279 11070493 21.3564
5009279 6905846 22.6175
5009279 5034631 23.4866
5009279 776567 23.4891
5009279 468290 23.655
5009279 7737284 23.8224
5009279 4989032 24.2094
5009279 6463993 24.8601
5009279 9990189 25.8065
5009279 16136931 26.4128
5009279 11754122 26.8504
5009279 8953334 27.1226
5009279 12760753 27.2644
5009279 857652 27.5607
5009279 6184286 27.6938
5009279 16387284 28.0269
5009279 819970 28.4275
5009279 14127671 28.4556
5009279 7578059 29.4532
5009279 4397622 29.4839
5009279 12545057 29.8719
5009279 4004299 30.3028
5009279 5081047 30.8617
5009279 2948166 31.4144
5009279 16607488 32.0321
5009279 7844120 33.0302
5009279 10508150 33.7856
5009279 15687116 34.1781
5009279 5373057 34.9396
5009279 4618588 35.281
5009279 8766355 35.5411
5009279 2913270 35.56
5009279 13475012 35.7811
5009279 8335797 36.2268
5009279 3151747 36.3037
5009279 14602028 36.5996
5009279 15711397 37.0698
5009279 4673243 37.5088
5009279 11608038 37.6632
5009279 12245508 38.3008
5009279 8994618 38.3295
5009279 3817192 38.7774
5009279 6053674 39.3457
5009279 8306097 39.5054
5009279 6715608 40.1313
16353676 12461172 1.40862
16353676 5836060 1.65433
16353676 7454582 2.34824
16353676 13159037 3.34844
16353676 6452250 3.39427
16353676 7988133 3.50513
16353676 15117723 3.66462
16353676 5249640 3.6894
16353676 2287505 4.60738
16353676 12602791 6.20111
16353676 1942768 7.36231
16353676 15498986 7.63891
16353676 14024453 8.24905
16353676 559890 8.34853
16353676 6678658 8.47136
16353676 1071470 9.5013
16353676 7136377 11.1455
16353676 11015958 11.2004
16353676 343044 11.4082
16353676 1732062 12.2029
16353676 904689 12.309
16353676 2409560 12.46
16353676 8017880 13.1887
16353676 9280768 15.1345
16353676 3452671 15.3894
16353676 12843487 15.4577
16353676 312364 15.7322
16353676 11942809 15.894
16353676 13298650 16.4206
16353676 9158483 16.5153
16353676 7078469 16.7963
16353676 7434177 17.4245
16353676 624920 17.5228
16353676 12721011 17.5276
16353676 8026035 17.6303
16353676 9936403 17.7326
16353676 675795 18.0353
16353676 9430198 18.1844
16353676 7198451 18.392
16353676 4328281 18.8341
16353676 14233255 18.9716
16353676 4011293 20.3232
16353676 15426009 20.3808
16353676 11784295 20.7029
16353676 9912221 21.0302
16353676 14852853 21.1642
16353676 15361229 22.2813
16353676 15464791 22.6053
16353676 10317971 22.7336
16353676 8029558 22.9496
16353676 12592135 24.2995
16353676 1349472 24.3151
16353676 2597351 24.4209
16353676 11284123 24.5154
16353676 7281410 25.26
16353676 12121210 25.4328
16353676 5147309 25.67
16353676 2427499 26.232
16353676 2723320 26.3014
16353676 7537087 26.3499
16353676 963790 26.4636
16353676 8339341 26.6813
16353676 560430 26.926
16353676 13900746 27.5299
16353676 2755622 28.0919
16353676 7628428 28.3079
16353676 3207790 28.4565
16353676 13098459 28.5805
16353676 16651267 28.8586
16353676 13612350 29.4506
16353676 11415949 29.6099
16353676 5692569 30.0801
16353676 13513026 30.441
16353676 14955105 32.3597
16353676 7106814 32.3618
16353676 9321416 32.3936
16353676 3304634 32.8635
16353676 1329135 33.281
16353676 634176 33.787
16353676 5988345 34.302
